2.858950000000000000e+09,-8.959000000000000341e+01
2.858950200000000000e+09,-9.004999999999999716e+01
2.858950400000000000e+09,-8.973999999999999488e+01
2.858950600000000000e+09,-9.095000000000000284e+01
2.858950800000000000e+09,-9.023000000000000398e+01
2.858951000000000000e+09,-8.984000000000000341e+01
2.858951200000000000e+09,-8.940000000000000568e+01
2.858951400000000000e+09,-9.039000000000000057e+01
2.858951600000000000e+09,-9.060000000000000853e+01
2.858951800000000000e+09,-8.985000000000000853e+01
2.858952000000000000e+09,-8.885000000000000853e+01
2.858952200000000000e+09,-8.857999999999999829e+01
2.858952400000000000e+09,-8.968000000000000682e+01
2.858952600000000000e+09,-8.931000000000000227e+01
2.858952800000000000e+09,-8.909000000000000341e+01
2.858953000000000000e+09,-8.981000000000000227e+01
2.858953200000000000e+09,-8.979000000000000625e+01
2.858953400000000000e+09,-8.940999999999999659e+01
2.858953600000000000e+09,-8.906000000000000227e+01
2.858953800000000000e+09,-8.821999999999999886e+01
2.858954000000000000e+09,-8.845000000000000284e+01
2.858954200000000000e+09,-8.829000000000000625e+01
2.858954400000000000e+09,-8.815000000000000568e+01
2.858954600000000000e+09,-8.751000000000000512e+01
2.858954800000000000e+09,-8.657999999999999829e+01
2.858955000000000000e+09,-8.682999999999999829e+01
2.858955200000000000e+09,-8.681000000000000227e+01
2.858955400000000000e+09,-8.835000000000000853e+01
2.858955600000000000e+09,-8.840999999999999659e+01
2.858955800000000000e+09,-8.865999999999999659e+01
2.858956000000000000e+09,-8.840999999999999659e+01
2.858956200000000000e+09,-8.782999999999999829e+01
2.858956400000000000e+09,-8.789000000000000057e+01
2.858956600000000000e+09,-8.757000000000000739e+01
2.858956800000000000e+09,-8.717000000000000171e+01
2.858957000000000000e+09,-8.745000000000000284e+01
2.858957200000000000e+09,-8.807999999999999829e+01
2.858957400000000000e+09,-8.796000000000000796e+01
2.858957600000000000e+09,-8.657999999999999829e+01
2.858957800000000000e+09,-8.621999999999999886e+01
2.858958000000000000e+09,-8.573000000000000398e+01
2.858958200000000000e+09,-8.590000000000000568e+01
2.858958400000000000e+09,-8.562999999999999545e+01
2.858958600000000000e+09,-8.582999999999999829e+01
2.858958800000000000e+09,-8.684000000000000341e+01
2.858959000000000000e+09,-8.848000000000000398e+01
2.858959200000000000e+09,-9.040000000000000568e+01
2.858959400000000000e+09,-8.940000000000000568e+01
2.858959600000000000e+09,-8.932000000000000739e+01
2.858959800000000000e+09,-8.957000000000000739e+01
2.858960000000000000e+09,-8.940000000000000568e+01
2.858960200000000000e+09,-8.884000000000000341e+01
2.858960400000000000e+09,-8.823000000000000398e+01
2.858960600000000000e+09,-8.800000000000000000e+01
2.858960800000000000e+09,-8.915000000000000568e+01
2.858961000000000000e+09,-8.921999999999999886e+01
2.858961200000000000e+09,-8.832999999999999829e+01
2.858961400000000000e+09,-8.840999999999999659e+01
2.858961600000000000e+09,-8.723000000000000398e+01
2.858961800000000000e+09,-8.762999999999999545e+01
2.858962000000000000e+09,-8.843999999999999773e+01
2.858962200000000000e+09,-8.845000000000000284e+01
2.858962400000000000e+09,-8.715999999999999659e+01
2.858962600000000000e+09,-8.676000000000000512e+01
2.858962800000000000e+09,-8.743999999999999773e+01
2.858963000000000000e+09,-8.762999999999999545e+01
2.858963200000000000e+09,-8.796999999999999886e+01
2.858963400000000000e+09,-8.862999999999999545e+01
2.858963600000000000e+09,-8.785000000000000853e+01
2.858963800000000000e+09,-8.787999999999999545e+01
2.858964000000000000e+09,-8.754000000000000625e+01
2.858964200000000000e+09,-8.868000000000000682e+01
2.858964400000000000e+09,-8.837999999999999545e+01
2.858964600000000000e+09,-8.748000000000000398e+01
2.858964800000000000e+09,-8.612999999999999545e+01
2.858965000000000000e+09,-8.576000000000000512e+01
2.858965200000000000e+09,-8.754999999999999716e+01
2.858965400000000000e+09,-8.871999999999999886e+01
2.858965600000000000e+09,-8.840000000000000568e+01
2.858965800000000000e+09,-8.842000000000000171e+01
2.858966000000000000e+09,-8.821999999999999886e+01
2.858966200000000000e+09,-8.823000000000000398e+01
2.858966400000000000e+09,-8.843999999999999773e+01
2.858966600000000000e+09,-8.835000000000000853e+01
2.858966800000000000e+09,-8.796000000000000796e+01
2.858967000000000000e+09,-8.768000000000000682e+01
2.858967200000000000e+09,-8.867000000000000171e+01
2.858967400000000000e+09,-8.867000000000000171e+01
2.858967600000000000e+09,-8.929999999999999716e+01
2.858967800000000000e+09,-8.851999999999999602e+01
2.858968000000000000e+09,-8.845000000000000284e+01
2.858968200000000000e+09,-8.814000000000000057e+01
2.858968400000000000e+09,-8.828000000000000114e+01
2.858968600000000000e+09,-8.918999999999999773e+01
2.858968800000000000e+09,-8.826000000000000512e+01
2.858969000000000000e+09,-8.757999999999999829e+01
2.858969200000000000e+09,-8.676999999999999602e+01
2.858969400000000000e+09,-8.762999999999999545e+01
2.858969600000000000e+09,-8.704000000000000625e+01
2.858969800000000000e+09,-8.720000000000000284e+01
2.858970000000000000e+09,-8.726999999999999602e+01
2.858970200000000000e+09,-8.573999999999999488e+01
2.858970400000000000e+09,-8.639000000000000057e+01
2.858970600000000000e+09,-8.698999999999999488e+01
2.858970800000000000e+09,-8.678000000000000114e+01
2.858971000000000000e+09,-8.775000000000000000e+01
2.858971200000000000e+09,-8.723000000000000398e+01
2.858971400000000000e+09,-8.768999999999999773e+01
2.858971600000000000e+09,-8.851999999999999602e+01
2.858971800000000000e+09,-8.773999999999999488e+01
2.858972000000000000e+09,-8.821999999999999886e+01
2.858972200000000000e+09,-8.656000000000000227e+01
2.858972400000000000e+09,-8.623000000000000398e+01
2.858972600000000000e+09,-8.806000000000000227e+01
2.858972800000000000e+09,-8.815999999999999659e+01
2.858973000000000000e+09,-8.762000000000000455e+01
2.858973200000000000e+09,-8.687000000000000455e+01
2.858973400000000000e+09,-8.654000000000000625e+01
2.858973600000000000e+09,-8.746000000000000796e+01
2.858973800000000000e+09,-8.695000000000000284e+01
2.858974000000000000e+09,-8.681000000000000227e+01
2.858974200000000000e+09,-8.718000000000000682e+01
2.858974400000000000e+09,-8.751000000000000512e+01
2.858974600000000000e+09,-8.607999999999999829e+01
2.858974800000000000e+09,-8.609000000000000341e+01
2.858975000000000000e+09,-8.767000000000000171e+01
2.858975200000000000e+09,-8.682999999999999829e+01
2.858975400000000000e+09,-8.648000000000000398e+01
2.858975600000000000e+09,-8.671999999999999886e+01
2.858975800000000000e+09,-8.606000000000000227e+01
2.858976000000000000e+09,-8.604000000000000625e+01
2.858976200000000000e+09,-8.582999999999999829e+01
2.858976400000000000e+09,-8.573999999999999488e+01
2.858976600000000000e+09,-8.625000000000000000e+01
2.858976800000000000e+09,-8.679000000000000625e+01
2.858977000000000000e+09,-8.628000000000000114e+01
2.858977200000000000e+09,-8.626000000000000512e+01
2.858977400000000000e+09,-8.698000000000000398e+01
2.858977600000000000e+09,-8.648999999999999488e+01
2.858977800000000000e+09,-8.376999999999999602e+01
2.858978000000000000e+09,-8.404000000000000625e+01
2.858978200000000000e+09,-8.560999999999999943e+01
2.858978400000000000e+09,-8.579000000000000625e+01
2.858978600000000000e+09,-8.598000000000000398e+01
2.858978800000000000e+09,-8.590999999999999659e+01
2.858979000000000000e+09,-8.621999999999999886e+01
2.858979200000000000e+09,-8.625000000000000000e+01
2.858979400000000000e+09,-8.643999999999999773e+01
2.858979600000000000e+09,-8.690000000000000568e+01
2.858979800000000000e+09,-8.454000000000000625e+01
2.858980000000000000e+09,-8.387999999999999545e+01
2.858980200000000000e+09,-8.357000000000000739e+01
2.858980400000000000e+09,-8.354999999999999716e+01
2.858980600000000000e+09,-8.423999999999999488e+01
2.858980800000000000e+09,-8.464000000000000057e+01
2.858981000000000000e+09,-8.592000000000000171e+01
2.858981200000000000e+09,-8.373000000000000398e+01
2.858981400000000000e+09,-8.360000000000000853e+01
2.858981600000000000e+09,-8.462000000000000455e+01
2.858981800000000000e+09,-8.504999999999999716e+01
2.858982000000000000e+09,-8.496999999999999886e+01
2.858982200000000000e+09,-8.570000000000000284e+01
2.858982400000000000e+09,-8.423000000000000398e+01
2.858982600000000000e+09,-8.434000000000000341e+01
2.858982800000000000e+09,-8.303000000000000114e+01
2.858983000000000000e+09,-8.282000000000000739e+01
2.858983200000000000e+09,-8.209000000000000341e+01
2.858983400000000000e+09,-8.285999999999999943e+01
2.858983600000000000e+09,-8.304999999999999716e+01
2.858983800000000000e+09,-8.242000000000000171e+01
2.858984000000000000e+09,-8.237999999999999545e+01
2.858984200000000000e+09,-8.350000000000000000e+01
2.858984400000000000e+09,-8.237999999999999545e+01
2.858984600000000000e+09,-8.329000000000000625e+01
2.858984800000000000e+09,-8.421000000000000796e+01
2.858985000000000000e+09,-8.396000000000000796e+01
2.858985200000000000e+09,-8.431000000000000227e+01
2.858985400000000000e+09,-8.315000000000000568e+01
2.858985600000000000e+09,-8.296000000000000796e+01
2.858985800000000000e+09,-8.304999999999999716e+01
2.858986000000000000e+09,-8.473000000000000398e+01
2.858986200000000000e+09,-8.367000000000000171e+01
2.858986400000000000e+09,-8.354999999999999716e+01
2.858986600000000000e+09,-8.176999999999999602e+01
2.858986800000000000e+09,-8.129999999999999716e+01
2.858987000000000000e+09,-8.221000000000000796e+01
2.858987200000000000e+09,-8.079999999999999716e+01
2.858987400000000000e+09,-8.062999999999999545e+01
2.858987600000000000e+09,-8.178000000000000114e+01
2.858987800000000000e+09,-8.260000000000000853e+01
2.858988000000000000e+09,-8.321000000000000796e+01
2.858988200000000000e+09,-8.335999999999999943e+01
2.858988400000000000e+09,-8.298999999999999488e+01
2.858988600000000000e+09,-8.348000000000000398e+01
2.858988800000000000e+09,-8.240000000000000568e+01
2.858989000000000000e+09,-8.117000000000000171e+01
2.858989200000000000e+09,-8.062000000000000455e+01
2.858989400000000000e+09,-8.165000000000000568e+01
2.858989600000000000e+09,-8.117000000000000171e+01
2.858989800000000000e+09,-8.071000000000000796e+01
2.858990000000000000e+09,-7.934000000000000341e+01
2.858990200000000000e+09,-7.884000000000000341e+01
2.858990400000000000e+09,-7.870000000000000284e+01
2.858990600000000000e+09,-7.914000000000000057e+01
2.858990800000000000e+09,-7.853000000000000114e+01
2.858991000000000000e+09,-7.906000000000000227e+01
2.858991200000000000e+09,-7.812000000000000455e+01
2.858991400000000000e+09,-7.840999999999999659e+01
2.858991600000000000e+09,-7.785999999999999943e+01
2.858991800000000000e+09,-7.837000000000000455e+01
2.858992000000000000e+09,-7.982000000000000739e+01
2.858992200000000000e+09,-8.035999999999999943e+01
2.858992400000000000e+09,-7.851000000000000512e+01
2.858992600000000000e+09,-7.809000000000000341e+01
2.858992800000000000e+09,-7.768999999999999773e+01
2.858993000000000000e+09,-7.807000000000000739e+01
2.858993200000000000e+09,-7.562000000000000455e+01
2.858993400000000000e+09,-7.557000000000000739e+01
2.858993600000000000e+09,-7.740000000000000568e+01
2.858993800000000000e+09,-7.600000000000000000e+01
2.858994000000000000e+09,-7.596999999999999886e+01
2.858994200000000000e+09,-7.493999999999999773e+01
2.858994400000000000e+09,-7.493000000000000682e+01
2.858994600000000000e+09,-7.457000000000000739e+01
2.858994800000000000e+09,-7.431000000000000227e+01
2.858995000000000000e+09,-7.437999999999999545e+01
2.858995200000000000e+09,-7.362000000000000455e+01
2.858995400000000000e+09,-7.315999999999999659e+01
2.858995600000000000e+09,-7.196000000000000796e+01
2.858995800000000000e+09,-7.221999999999999886e+01
2.858996000000000000e+09,-7.082999999999999829e+01
2.858996200000000000e+09,-6.950000000000000000e+01
2.858996400000000000e+09,-6.912999999999999545e+01
2.858996600000000000e+09,-6.739000000000000057e+01
2.858996800000000000e+09,-6.718000000000000682e+01
2.858997000000000000e+09,-6.646999999999999886e+01
2.858997200000000000e+09,-6.526999999999999602e+01
2.858997400000000000e+09,-6.400000000000000000e+01
2.858997600000000000e+09,-6.242999999999999972e+01
2.858997800000000000e+09,-6.114000000000000057e+01
2.858998000000000000e+09,-5.966000000000000369e+01
2.858998200000000000e+09,-5.793999999999999773e+01
2.858998400000000000e+09,-5.609000000000000341e+01
2.858998600000000000e+09,-5.428999999999999915e+01
2.858998800000000000e+09,-5.232999999999999829e+01
2.858999000000000000e+09,-5.032000000000000028e+01
2.858999200000000000e+09,-4.825999999999999801e+01
2.858999400000000000e+09,-4.603000000000000114e+01
2.858999600000000000e+09,-4.375000000000000000e+01
2.858999800000000000e+09,-4.134000000000000341e+01
2.859000000000000000e+09,-3.898000000000000398e+01
2.859000200000000000e+09,-3.632999999999999829e+01
2.859000400000000000e+09,-3.349000000000000199e+01
2.859000600000000000e+09,-3.071999999999999886e+01
2.859000800000000000e+09,-2.769000000000000128e+01
2.859001000000000000e+09,-2.483999999999999986e+01
2.859001200000000000e+09,-2.165000000000000213e+01
2.859001400000000000e+09,-1.871000000000000085e+01
2.859001600000000000e+09,-1.555000000000000071e+01
2.859001800000000000e+09,-1.264000000000000057e+01
2.859002000000000000e+09,-9.900000000000000355e+00
2.859002200000000000e+09,-7.560000000000000497e+00
2.859002400000000000e+09,-5.799999999999999822e+00
2.859002600000000000e+09,-4.730000000000000426e+00
2.859002800000000000e+09,-4.379999999999999893e+00
2.859003000000000000e+09,-4.219999999999999751e+00
2.859003200000000000e+09,-5.009999999999999787e+00
2.859003400000000000e+09,-6.509999999999999787e+00
2.859003600000000000e+09,-8.029999999999999361e+00
2.859003800000000000e+09,-1.034999999999999964e+01
2.859004000000000000e+09,-1.305000000000000071e+01
2.859004200000000000e+09,-1.591999999999999993e+01
2.859004400000000000e+09,-1.914000000000000057e+01
2.859004600000000000e+09,-2.239000000000000057e+01
2.859004800000000000e+09,-2.556000000000000227e+01
2.859005000000000000e+09,-2.871000000000000085e+01
2.859005200000000000e+09,-3.169000000000000128e+01
2.859005400000000000e+09,-3.482999999999999829e+01
2.859005600000000000e+09,-3.767999999999999972e+01
2.859005800000000000e+09,-4.035000000000000142e+01
2.859006000000000000e+09,-4.300000000000000000e+01
2.859006200000000000e+09,-4.550000000000000000e+01
2.859006400000000000e+09,-4.784000000000000341e+01
2.859006600000000000e+09,-5.007999999999999829e+01
2.859006800000000000e+09,-5.200000000000000000e+01
2.859007000000000000e+09,-5.414999999999999858e+01
2.859007200000000000e+09,-5.613000000000000256e+01
2.859007400000000000e+09,-5.803999999999999915e+01
2.859007600000000000e+09,-5.964000000000000057e+01
2.859007800000000000e+09,-6.135999999999999943e+01
2.859008000000000000e+09,-6.289000000000000057e+01
2.859008200000000000e+09,-6.412999999999999545e+01
2.859008400000000000e+09,-6.568000000000000682e+01
2.859008600000000000e+09,-6.675000000000000000e+01
2.859008800000000000e+09,-6.696000000000000796e+01
2.859009000000000000e+09,-6.796999999999999886e+01
2.859009200000000000e+09,-6.959000000000000341e+01
2.859009400000000000e+09,-7.123999999999999488e+01
2.859009600000000000e+09,-7.089000000000000057e+01
2.859009800000000000e+09,-7.073000000000000398e+01
2.859010000000000000e+09,-7.129000000000000625e+01
2.859010200000000000e+09,-7.207999999999999829e+01
2.859010400000000000e+09,-7.448999999999999488e+01
2.859010600000000000e+09,-7.376000000000000512e+01
2.859010800000000000e+09,-7.500000000000000000e+01
2.859011000000000000e+09,-7.379999999999999716e+01
2.859011200000000000e+09,-7.401000000000000512e+01
2.859011400000000000e+09,-7.604000000000000625e+01
2.859011600000000000e+09,-7.617000000000000171e+01
2.859011800000000000e+09,-7.557999999999999829e+01
2.859012000000000000e+09,-7.600000000000000000e+01
2.859012200000000000e+09,-7.550000000000000000e+01
2.859012400000000000e+09,-7.634000000000000341e+01
2.859012600000000000e+09,-7.789000000000000057e+01
2.859012800000000000e+09,-7.778000000000000114e+01
2.859013000000000000e+09,-7.957999999999999829e+01
2.859013200000000000e+09,-7.903000000000000114e+01
2.859013400000000000e+09,-7.887999999999999545e+01
2.859013600000000000e+09,-7.787999999999999545e+01
2.859013800000000000e+09,-7.779999999999999716e+01
2.859014000000000000e+09,-7.881000000000000227e+01
2.859014200000000000e+09,-7.867000000000000171e+01
2.859014400000000000e+09,-7.914000000000000057e+01
2.859014600000000000e+09,-7.948000000000000398e+01
2.859014800000000000e+09,-7.914000000000000057e+01
2.859015000000000000e+09,-8.090999999999999659e+01
2.859015200000000000e+09,-8.012000000000000455e+01
2.859015400000000000e+09,-7.976000000000000512e+01
2.859015600000000000e+09,-8.004000000000000625e+01
2.859015800000000000e+09,-8.140000000000000568e+01
2.859016000000000000e+09,-8.259000000000000341e+01
2.859016200000000000e+09,-8.150000000000000000e+01
2.859016400000000000e+09,-8.125000000000000000e+01
2.859016600000000000e+09,-8.150000000000000000e+01
2.859016800000000000e+09,-8.206000000000000227e+01
2.859017000000000000e+09,-8.304999999999999716e+01
2.859017200000000000e+09,-8.282000000000000739e+01
2.859017400000000000e+09,-8.187000000000000455e+01
2.859017600000000000e+09,-8.185999999999999943e+01
2.859017800000000000e+09,-8.157000000000000739e+01
2.859018000000000000e+09,-8.271000000000000796e+01
2.859018200000000000e+09,-8.321999999999999886e+01
2.859018400000000000e+09,-8.500000000000000000e+01
2.859018600000000000e+09,-8.429000000000000625e+01
2.859018800000000000e+09,-8.292000000000000171e+01
2.859019000000000000e+09,-8.260999999999999943e+01
2.859019200000000000e+09,-8.142000000000000171e+01
2.859019400000000000e+09,-8.226999999999999602e+01
2.859019600000000000e+09,-8.321999999999999886e+01
2.859019800000000000e+09,-8.335999999999999943e+01
2.859020000000000000e+09,-8.271000000000000796e+01
2.859020200000000000e+09,-8.304999999999999716e+01
2.859020400000000000e+09,-8.293000000000000682e+01
2.859020600000000000e+09,-8.398000000000000398e+01
2.859020800000000000e+09,-8.546000000000000796e+01
2.859021000000000000e+09,-8.506000000000000227e+01
2.859021200000000000e+09,-8.409000000000000341e+01
2.859021400000000000e+09,-8.345000000000000284e+01
2.859021600000000000e+09,-8.343000000000000682e+01
2.859021800000000000e+09,-8.293000000000000682e+01
2.859022000000000000e+09,-8.296999999999999886e+01
2.859022200000000000e+09,-8.048000000000000398e+01
2.859022400000000000e+09,-8.045000000000000284e+01
2.859022600000000000e+09,-8.192000000000000171e+01
2.859022800000000000e+09,-8.290000000000000568e+01
2.859023000000000000e+09,-8.479999999999999716e+01
2.859023200000000000e+09,-8.387000000000000455e+01
2.859023400000000000e+09,-8.462999999999999545e+01
2.859023600000000000e+09,-8.462000000000000455e+01
2.859023800000000000e+09,-8.500000000000000000e+01
2.859024000000000000e+09,-8.543999999999999773e+01
2.859024200000000000e+09,-8.581000000000000227e+01
2.859024400000000000e+09,-8.565999999999999659e+01
2.859024600000000000e+09,-8.535999999999999943e+01
2.859024800000000000e+09,-8.376000000000000512e+01
2.859025000000000000e+09,-8.457000000000000739e+01
2.859025200000000000e+09,-8.545000000000000284e+01
2.859025400000000000e+09,-8.562999999999999545e+01
2.859025600000000000e+09,-8.562999999999999545e+01
2.859025800000000000e+09,-8.539000000000000057e+01
2.859026000000000000e+09,-8.493000000000000682e+01
2.859026200000000000e+09,-8.470000000000000284e+01
2.859026400000000000e+09,-8.440999999999999659e+01
2.859026600000000000e+09,-8.515000000000000568e+01
2.859026800000000000e+09,-8.593999999999999773e+01
2.859027000000000000e+09,-8.593000000000000682e+01
2.859027200000000000e+09,-8.695000000000000284e+01
2.859027400000000000e+09,-8.557000000000000739e+01
2.859027600000000000e+09,-8.514000000000000057e+01
2.859027800000000000e+09,-8.604000000000000625e+01
2.859028000000000000e+09,-8.615000000000000568e+01
2.859028200000000000e+09,-8.654999999999999716e+01
2.859028400000000000e+09,-8.726000000000000512e+01
2.859028600000000000e+09,-8.631000000000000227e+01
2.859028800000000000e+09,-8.462999999999999545e+01
2.859029000000000000e+09,-8.437000000000000455e+01
2.859029200000000000e+09,-8.582999999999999829e+01
2.859029400000000000e+09,-8.617000000000000171e+01
2.859029600000000000e+09,-8.665999999999999659e+01
2.859029800000000000e+09,-8.685000000000000853e+01
2.859030000000000000e+09,-8.664000000000000057e+01
2.859030200000000000e+09,-8.729999999999999716e+01
2.859030400000000000e+09,-8.595000000000000284e+01
2.859030600000000000e+09,-8.667000000000000171e+01
2.859030800000000000e+09,-8.710999999999999943e+01
2.859031000000000000e+09,-8.742000000000000171e+01
2.859031200000000000e+09,-8.707999999999999829e+01
2.859031400000000000e+09,-8.668000000000000682e+01
2.859031600000000000e+09,-8.646000000000000796e+01
2.859031800000000000e+09,-8.610000000000000853e+01
2.859032000000000000e+09,-8.782000000000000739e+01
2.859032200000000000e+09,-8.740000000000000568e+01
2.859032400000000000e+09,-8.721000000000000796e+01
2.859032600000000000e+09,-8.648000000000000398e+01
2.859032800000000000e+09,-8.648999999999999488e+01
2.859033000000000000e+09,-8.704000000000000625e+01
2.859033200000000000e+09,-8.848999999999999488e+01
2.859033400000000000e+09,-8.729999999999999716e+01
2.859033600000000000e+09,-8.707999999999999829e+01
2.859033800000000000e+09,-8.748000000000000398e+01
2.859034000000000000e+09,-8.710000000000000853e+01
2.859034200000000000e+09,-8.775000000000000000e+01
2.859034400000000000e+09,-8.945000000000000284e+01
2.859034600000000000e+09,-8.798999999999999488e+01
2.859034800000000000e+09,-8.696999999999999886e+01
2.859035000000000000e+09,-8.695000000000000284e+01
2.859035200000000000e+09,-8.660999999999999943e+01
2.859035400000000000e+09,-8.717000000000000171e+01
2.859035600000000000e+09,-8.798999999999999488e+01
2.859035800000000000e+09,-8.714000000000000057e+01
2.859036000000000000e+09,-8.695000000000000284e+01
2.859036200000000000e+09,-8.717000000000000171e+01
2.859036400000000000e+09,-8.764000000000000057e+01
2.859036600000000000e+09,-8.742000000000000171e+01
2.859036800000000000e+09,-8.771999999999999886e+01
2.859037000000000000e+09,-8.885000000000000853e+01
2.859037200000000000e+09,-8.907000000000000739e+01
2.859037400000000000e+09,-8.920000000000000284e+01
2.859037600000000000e+09,-8.951999999999999602e+01
2.859037800000000000e+09,-8.907000000000000739e+01
2.859038000000000000e+09,-8.798999999999999488e+01
2.859038200000000000e+09,-8.829000000000000625e+01
2.859038400000000000e+09,-8.843999999999999773e+01
2.859038600000000000e+09,-8.857999999999999829e+01
2.859038800000000000e+09,-8.903000000000000114e+01
2.859039000000000000e+09,-8.885000000000000853e+01
2.859039200000000000e+09,-8.904999999999999716e+01
2.859039400000000000e+09,-8.868999999999999773e+01
2.859039600000000000e+09,-8.826999999999999602e+01
2.859039800000000000e+09,-8.845000000000000284e+01
2.859040000000000000e+09,-8.845000000000000284e+01
2.859040200000000000e+09,-8.898999999999999488e+01
2.859040400000000000e+09,-8.865000000000000568e+01
2.859040600000000000e+09,-8.821000000000000796e+01
2.859040800000000000e+09,-8.848999999999999488e+01
2.859041000000000000e+09,-8.835000000000000853e+01
2.859041200000000000e+09,-8.821999999999999886e+01
2.859041400000000000e+09,-8.829000000000000625e+01
2.859041600000000000e+09,-8.779999999999999716e+01
2.859041800000000000e+09,-8.768000000000000682e+01
2.859042000000000000e+09,-8.762999999999999545e+01
2.859042200000000000e+09,-8.878000000000000114e+01
2.859042400000000000e+09,-8.873999999999999488e+01
2.859042600000000000e+09,-8.871999999999999886e+01
2.859042800000000000e+09,-8.823000000000000398e+01
2.859043000000000000e+09,-8.715000000000000568e+01
2.859043200000000000e+09,-8.673999999999999488e+01
2.859043400000000000e+09,-8.814000000000000057e+01
2.859043600000000000e+09,-8.823000000000000398e+01
2.859043800000000000e+09,-8.893000000000000682e+01
2.859044000000000000e+09,-8.890000000000000568e+01
2.859044200000000000e+09,-8.762999999999999545e+01
2.859044400000000000e+09,-8.839000000000000057e+01
2.859044600000000000e+09,-8.928000000000000114e+01
2.859044800000000000e+09,-8.857999999999999829e+01
2.859045000000000000e+09,-8.835000000000000853e+01
2.859045200000000000e+09,-8.771000000000000796e+01
2.859045400000000000e+09,-8.782000000000000739e+01
2.859045600000000000e+09,-8.896999999999999886e+01
2.859045800000000000e+09,-8.812000000000000455e+01
2.859046000000000000e+09,-8.879999999999999716e+01
2.859046200000000000e+09,-8.946000000000000796e+01
2.859046400000000000e+09,-8.914000000000000057e+01
2.859046600000000000e+09,-8.885000000000000853e+01
2.859046800000000000e+09,-8.835999999999999943e+01
2.859047000000000000e+09,-8.800000000000000000e+01
2.859047200000000000e+09,-8.625000000000000000e+01
2.859047400000000000e+09,-8.567000000000000171e+01
2.859047600000000000e+09,-8.607999999999999829e+01
2.859047800000000000e+09,-8.640000000000000568e+01
2.859048000000000000e+09,-8.664000000000000057e+01
2.859048200000000000e+09,-8.734000000000000341e+01
2.859048400000000000e+09,-8.698999999999999488e+01
2.859048600000000000e+09,-8.760000000000000853e+01
2.859048800000000000e+09,-8.810999999999999943e+01
2.859049000000000000e+09,-8.810000000000000853e+01
2.859049200000000000e+09,-8.798999999999999488e+01
2.859049400000000000e+09,-8.834000000000000341e+01
2.859049600000000000e+09,-8.795000000000000284e+01
2.859049800000000000e+09,-8.735000000000000853e+01
2.859050000000000000e+09,-8.762999999999999545e+01
4.764950000000000000e+09,-9.401999999999999602e+01
4.764950200000000000e+09,-9.275000000000000000e+01
4.764950400000000000e+09,-9.235999999999999943e+01
4.764950600000000000e+09,-9.310000000000000853e+01
4.764950800000000000e+09,-9.240000000000000568e+01
4.764951000000000000e+09,-9.201999999999999602e+01
4.764951200000000000e+09,-9.376000000000000512e+01
4.764951400000000000e+09,-9.335999999999999943e+01
4.764951600000000000e+09,-9.396999999999999886e+01
4.764951800000000000e+09,-9.285999999999999943e+01
4.764952000000000000e+09,-9.235999999999999943e+01
4.764952200000000000e+09,-9.345000000000000284e+01
4.764952400000000000e+09,-9.331000000000000227e+01
4.764952600000000000e+09,-9.243000000000000682e+01
4.764952800000000000e+09,-9.321999999999999886e+01
4.764953000000000000e+09,-9.382999999999999829e+01
4.764953200000000000e+09,-9.373999999999999488e+01
4.764953400000000000e+09,-9.246000000000000796e+01
4.764953600000000000e+09,-9.203000000000000114e+01
4.764953800000000000e+09,-9.331000000000000227e+01
4.764954000000000000e+09,-9.371999999999999886e+01
4.764954200000000000e+09,-9.371000000000000796e+01
4.764954400000000000e+09,-9.281000000000000227e+01
4.764954600000000000e+09,-9.251999999999999602e+01
4.764954800000000000e+09,-9.357000000000000739e+01
4.764955000000000000e+09,-9.337999999999999545e+01
4.764955200000000000e+09,-9.293999999999999773e+01
4.764955400000000000e+09,-9.204999999999999716e+01
4.764955600000000000e+09,-9.190999999999999659e+01
4.764955800000000000e+09,-9.343999999999999773e+01
4.764956000000000000e+09,-9.207000000000000739e+01
4.764956200000000000e+09,-9.168000000000000682e+01
4.764956400000000000e+09,-9.246999999999999886e+01
4.764956600000000000e+09,-9.270000000000000284e+01
4.764956800000000000e+09,-9.357999999999999829e+01
4.764957000000000000e+09,-9.114000000000000057e+01
4.764957200000000000e+09,-9.146000000000000796e+01
4.764957400000000000e+09,-9.248999999999999488e+01
4.764957600000000000e+09,-9.209000000000000341e+01
4.764957800000000000e+09,-9.148999999999999488e+01
4.764958000000000000e+09,-9.140999999999999659e+01
4.764958200000000000e+09,-9.245000000000000284e+01
4.764958400000000000e+09,-9.157999999999999829e+01
4.764958600000000000e+09,-9.060000000000000853e+01
4.764958800000000000e+09,-8.957000000000000739e+01
4.764959000000000000e+09,-8.823000000000000398e+01
4.764959200000000000e+09,-8.865000000000000568e+01
4.764959400000000000e+09,-8.879000000000000625e+01
4.764959600000000000e+09,-8.932000000000000739e+01
4.764959800000000000e+09,-8.870000000000000284e+01
4.764960000000000000e+09,-8.987000000000000455e+01
4.764960200000000000e+09,-9.035000000000000853e+01
4.764960400000000000e+09,-9.071000000000000796e+01
4.764960600000000000e+09,-9.154999999999999716e+01
4.764960800000000000e+09,-9.125000000000000000e+01
4.764961000000000000e+09,-9.298000000000000398e+01
4.764961200000000000e+09,-9.226000000000000512e+01
4.764961400000000000e+09,-9.204999999999999716e+01
4.764961600000000000e+09,-9.360999999999999943e+01
4.764961800000000000e+09,-9.376000000000000512e+01
4.764962000000000000e+09,-9.359000000000000341e+01
4.764962200000000000e+09,-9.332999999999999829e+01
4.764962400000000000e+09,-9.312999999999999545e+01
4.764962600000000000e+09,-9.273000000000000398e+01
4.764962800000000000e+09,-9.254000000000000625e+01
4.764963000000000000e+09,-9.262000000000000455e+01
4.764963200000000000e+09,-9.359000000000000341e+01
4.764963400000000000e+09,-9.315999999999999659e+01
4.764963600000000000e+09,-9.248999999999999488e+01
4.764963800000000000e+09,-9.318000000000000682e+01
4.764964000000000000e+09,-9.210999999999999943e+01
4.764964200000000000e+09,-9.187000000000000455e+01
4.764964400000000000e+09,-9.150000000000000000e+01
4.764964600000000000e+09,-9.256000000000000227e+01
4.764964800000000000e+09,-9.317000000000000171e+01
4.764965000000000000e+09,-9.337999999999999545e+01
4.764965200000000000e+09,-9.293000000000000682e+01
4.764965400000000000e+09,-9.281000000000000227e+01
4.764965600000000000e+09,-9.260999999999999943e+01
4.764965800000000000e+09,-9.315000000000000568e+01
4.764966000000000000e+09,-9.153000000000000114e+01
4.764966200000000000e+09,-9.204999999999999716e+01
4.764966400000000000e+09,-9.384000000000000341e+01
4.764966600000000000e+09,-9.404000000000000625e+01
4.764966800000000000e+09,-9.387000000000000455e+01
4.764967000000000000e+09,-9.371999999999999886e+01
4.764967200000000000e+09,-9.257999999999999829e+01
4.764967400000000000e+09,-9.254999999999999716e+01
4.764967600000000000e+09,-9.190000000000000568e+01
4.764967800000000000e+09,-9.240000000000000568e+01
4.764968000000000000e+09,-9.357999999999999829e+01
4.764968200000000000e+09,-9.287999999999999545e+01
4.764968400000000000e+09,-9.215000000000000568e+01
4.764968600000000000e+09,-9.179000000000000625e+01
4.764968800000000000e+09,-9.265999999999999659e+01
4.764969000000000000e+09,-9.279999999999999716e+01
4.764969200000000000e+09,-9.320000000000000284e+01
4.764969400000000000e+09,-9.307999999999999829e+01
4.764969600000000000e+09,-9.359000000000000341e+01
4.764969800000000000e+09,-9.415000000000000568e+01
4.764970000000000000e+09,-9.392000000000000171e+01
4.764970200000000000e+09,-9.237999999999999545e+01
4.764970400000000000e+09,-9.198000000000000398e+01
4.764970600000000000e+09,-9.217000000000000171e+01
4.764970800000000000e+09,-9.048000000000000398e+01
4.764971000000000000e+09,-9.025000000000000000e+01
4.764971200000000000e+09,-9.189000000000000057e+01
4.764971400000000000e+09,-9.223000000000000398e+01
4.764971600000000000e+09,-9.257000000000000739e+01
4.764971800000000000e+09,-9.157999999999999829e+01
4.764972000000000000e+09,-9.240000000000000568e+01
4.764972200000000000e+09,-9.304999999999999716e+01
4.764972400000000000e+09,-9.262000000000000455e+01
4.764972600000000000e+09,-9.242000000000000171e+01
4.764972800000000000e+09,-9.262999999999999545e+01
4.764973000000000000e+09,-9.346000000000000796e+01
4.764973200000000000e+09,-9.104000000000000625e+01
4.764973400000000000e+09,-9.143999999999999773e+01
4.764973600000000000e+09,-9.106000000000000227e+01
4.764973800000000000e+09,-9.103000000000000114e+01
4.764974000000000000e+09,-9.035000000000000853e+01
4.764974200000000000e+09,-9.115000000000000568e+01
4.764974400000000000e+09,-9.215000000000000568e+01
4.764974600000000000e+09,-9.171999999999999886e+01
4.764974800000000000e+09,-9.209000000000000341e+01
4.764975000000000000e+09,-9.123999999999999488e+01
4.764975200000000000e+09,-9.109000000000000341e+01
4.764975400000000000e+09,-9.285999999999999943e+01
4.764975600000000000e+09,-9.293999999999999773e+01
4.764975800000000000e+09,-9.259000000000000341e+01
4.764976000000000000e+09,-9.237999999999999545e+01
4.764976200000000000e+09,-9.235000000000000853e+01
4.764976400000000000e+09,-9.156000000000000227e+01
4.764976600000000000e+09,-9.154000000000000625e+01
4.764976800000000000e+09,-9.173999999999999488e+01
4.764977000000000000e+09,-9.284000000000000341e+01
4.764977200000000000e+09,-9.165000000000000568e+01
4.764977400000000000e+09,-9.150000000000000000e+01
4.764977600000000000e+09,-9.165999999999999659e+01
4.764977800000000000e+09,-9.115000000000000568e+01
4.764978000000000000e+09,-9.159000000000000341e+01
4.764978200000000000e+09,-9.104999999999999716e+01
4.764978400000000000e+09,-9.079000000000000625e+01
4.764978600000000000e+09,-9.035000000000000853e+01
4.764978800000000000e+09,-9.034000000000000341e+01
4.764979000000000000e+09,-9.095000000000000284e+01
4.764979200000000000e+09,-9.107000000000000739e+01
4.764979400000000000e+09,-9.157000000000000739e+01
4.764979600000000000e+09,-9.128000000000000114e+01
4.764979800000000000e+09,-9.221000000000000796e+01
4.764980000000000000e+09,-9.123999999999999488e+01
4.764980200000000000e+09,-9.089000000000000057e+01
4.764980400000000000e+09,-9.114000000000000057e+01
4.764980600000000000e+09,-9.034000000000000341e+01
4.764980800000000000e+09,-9.087000000000000455e+01
4.764981000000000000e+09,-9.139000000000000057e+01
4.764981200000000000e+09,-9.143999999999999773e+01
4.764981400000000000e+09,-9.068999999999999773e+01
4.764981600000000000e+09,-9.059000000000000341e+01
4.764981800000000000e+09,-9.129000000000000625e+01
4.764982000000000000e+09,-9.112000000000000455e+01
4.764982200000000000e+09,-8.923000000000000398e+01
4.764982400000000000e+09,-8.890999999999999659e+01
4.764982600000000000e+09,-9.045000000000000284e+01
4.764982800000000000e+09,-8.939000000000000057e+01
4.764983000000000000e+09,-8.957999999999999829e+01
4.764983200000000000e+09,-8.896000000000000796e+01
4.764983400000000000e+09,-8.882999999999999829e+01
4.764983600000000000e+09,-8.996000000000000796e+01
4.764983800000000000e+09,-9.085000000000000853e+01
4.764984000000000000e+09,-9.025000000000000000e+01
4.764984200000000000e+09,-9.012999999999999545e+01
4.764984400000000000e+09,-8.957999999999999829e+01
4.764984600000000000e+09,-8.929999999999999716e+01
4.764984800000000000e+09,-8.903000000000000114e+01
4.764985000000000000e+09,-8.873000000000000398e+01
4.764985200000000000e+09,-8.910000000000000853e+01
4.764985400000000000e+09,-9.079999999999999716e+01
4.764985600000000000e+09,-8.926000000000000512e+01
4.764985800000000000e+09,-8.946000000000000796e+01
4.764986000000000000e+09,-8.900000000000000000e+01
4.764986200000000000e+09,-8.865999999999999659e+01
4.764986400000000000e+09,-8.935000000000000853e+01
4.764986600000000000e+09,-8.917000000000000171e+01
4.764986800000000000e+09,-8.939000000000000057e+01
4.764987000000000000e+09,-8.901000000000000512e+01
4.764987200000000000e+09,-9.015999999999999659e+01
4.764987400000000000e+09,-8.981000000000000227e+01
4.764987600000000000e+09,-9.110000000000000853e+01
4.764987800000000000e+09,-8.978000000000000114e+01
4.764988000000000000e+09,-8.992000000000000171e+01
4.764988200000000000e+09,-8.960999999999999943e+01
4.764988400000000000e+09,-8.889000000000000057e+01
4.764988600000000000e+09,-8.801000000000000512e+01
4.764988800000000000e+09,-8.692000000000000171e+01
4.764989000000000000e+09,-8.721000000000000796e+01
4.764989200000000000e+09,-8.762999999999999545e+01
4.764989400000000000e+09,-8.762000000000000455e+01
4.764989600000000000e+09,-8.856000000000000227e+01
4.764989800000000000e+09,-8.785999999999999943e+01
4.764990000000000000e+09,-8.700000000000000000e+01
4.764990200000000000e+09,-8.756000000000000227e+01
4.764990400000000000e+09,-8.840000000000000568e+01
4.764990600000000000e+09,-8.892000000000000171e+01
4.764990800000000000e+09,-8.714000000000000057e+01
4.764991000000000000e+09,-8.671999999999999886e+01
4.764991200000000000e+09,-8.643999999999999773e+01
4.764991400000000000e+09,-8.545000000000000284e+01
4.764991600000000000e+09,-8.651000000000000512e+01
4.764991800000000000e+09,-8.770000000000000284e+01
4.764992000000000000e+09,-8.734000000000000341e+01
4.764992200000000000e+09,-8.609000000000000341e+01
4.764992400000000000e+09,-8.651000000000000512e+01
4.764992600000000000e+09,-8.529000000000000625e+01
4.764992800000000000e+09,-8.468999999999999773e+01
4.764993000000000000e+09,-8.510999999999999943e+01
4.764993200000000000e+09,-8.614000000000000057e+01
4.764993400000000000e+09,-8.700000000000000000e+01
4.764993600000000000e+09,-8.665000000000000568e+01
4.764993800000000000e+09,-8.520000000000000284e+01
4.764994000000000000e+09,-8.371000000000000796e+01
4.764994200000000000e+09,-8.439000000000000057e+01
4.764994400000000000e+09,-8.434000000000000341e+01
4.764994600000000000e+09,-8.371999999999999886e+01
4.764994800000000000e+09,-8.376999999999999602e+01
4.764995000000000000e+09,-8.373000000000000398e+01
4.764995200000000000e+09,-8.359000000000000341e+01
4.764995400000000000e+09,-8.326000000000000512e+01
4.764995600000000000e+09,-8.296999999999999886e+01
4.764995800000000000e+09,-8.259000000000000341e+01
4.764996000000000000e+09,-8.259000000000000341e+01
4.764996200000000000e+09,-8.214000000000000057e+01
4.764996400000000000e+09,-8.179000000000000625e+01
4.764996600000000000e+09,-7.935000000000000853e+01
4.764996800000000000e+09,-7.893999999999999773e+01
4.764997000000000000e+09,-7.987000000000000455e+01
4.764997200000000000e+09,-8.025000000000000000e+01
4.764997400000000000e+09,-7.810999999999999943e+01
4.764997600000000000e+09,-7.789000000000000057e+01
4.764997800000000000e+09,-7.831000000000000227e+01
4.764998000000000000e+09,-7.746000000000000796e+01
4.764998200000000000e+09,-7.734000000000000341e+01
4.764998400000000000e+09,-7.543999999999999773e+01
4.764998600000000000e+09,-7.514000000000000057e+01
4.764998800000000000e+09,-7.414000000000000057e+01
4.764999000000000000e+09,-7.307999999999999829e+01
4.764999200000000000e+09,-7.185999999999999943e+01
4.764999400000000000e+09,-7.039000000000000057e+01
4.764999600000000000e+09,-6.893999999999999773e+01
4.764999800000000000e+09,-6.739000000000000057e+01
4.765000000000000000e+09,-6.565999999999999659e+01
4.765000200000000000e+09,-6.382999999999999829e+01
4.765000400000000000e+09,-6.188000000000000256e+01
4.765000600000000000e+09,-5.999000000000000199e+01
4.765000800000000000e+09,-5.793999999999999773e+01
4.765001000000000000e+09,-5.596000000000000085e+01
4.765001200000000000e+09,-5.367000000000000171e+01
4.765001400000000000e+09,-5.137000000000000455e+01
4.765001600000000000e+09,-4.892999999999999972e+01
4.765001800000000000e+09,-4.635000000000000142e+01
4.765002000000000000e+09,-4.392000000000000171e+01
4.765002200000000000e+09,-4.117000000000000171e+01
4.765002400000000000e+09,-3.821999999999999886e+01
4.765002600000000000e+09,-3.531000000000000227e+01
4.765002800000000000e+09,-3.243999999999999773e+01
4.765003000000000000e+09,-2.914000000000000057e+01
4.765003200000000000e+09,-2.612999999999999901e+01
4.765003400000000000e+09,-2.301000000000000156e+01
4.765003600000000000e+09,-2.001000000000000156e+01
4.765003800000000000e+09,-1.733999999999999986e+01
4.765004000000000000e+09,-1.483999999999999986e+01
4.765004200000000000e+09,-1.306000000000000050e+01
4.765004400000000000e+09,-1.200999999999999979e+01
4.765004600000000000e+09,-1.166000000000000014e+01
4.765004800000000000e+09,-1.142999999999999972e+01
4.765005000000000000e+09,-1.213000000000000078e+01
4.765005200000000000e+09,-1.355000000000000071e+01
4.765005400000000000e+09,-1.508999999999999986e+01
4.765005600000000000e+09,-1.719000000000000128e+01
4.765005800000000000e+09,-1.980999999999999872e+01
4.765006000000000000e+09,-2.278999999999999915e+01
4.765006200000000000e+09,-2.599000000000000199e+01
4.765006400000000000e+09,-2.919000000000000128e+01
4.765006600000000000e+09,-3.232000000000000028e+01
4.765006800000000000e+09,-3.546999999999999886e+01
4.765007000000000000e+09,-3.835999999999999943e+01
4.765007200000000000e+09,-4.127000000000000313e+01
4.765007400000000000e+09,-4.392000000000000171e+01
4.765007600000000000e+09,-4.650000000000000000e+01
4.765007800000000000e+09,-4.893999999999999773e+01
4.765008000000000000e+09,-5.148000000000000398e+01
4.765008200000000000e+09,-5.377000000000000313e+01
4.765008400000000000e+09,-5.595000000000000284e+01
4.765008600000000000e+09,-5.807999999999999829e+01
4.765008800000000000e+09,-6.012000000000000455e+01
4.765009000000000000e+09,-6.210999999999999943e+01
4.765009200000000000e+09,-6.398000000000000398e+01
4.765009400000000000e+09,-6.579999999999999716e+01
4.765009600000000000e+09,-6.731000000000000227e+01
4.765009800000000000e+09,-6.876000000000000512e+01
4.765010000000000000e+09,-7.017000000000000171e+01
4.765010200000000000e+09,-7.148999999999999488e+01
4.765010400000000000e+09,-7.273999999999999488e+01
4.765010600000000000e+09,-7.346999999999999886e+01
4.765010800000000000e+09,-7.526999999999999602e+01
4.765011000000000000e+09,-7.634000000000000341e+01
4.765011200000000000e+09,-7.651000000000000512e+01
4.765011400000000000e+09,-7.812999999999999545e+01
4.765011600000000000e+09,-7.859000000000000341e+01
4.765011800000000000e+09,-7.839000000000000057e+01
4.765012000000000000e+09,-7.887999999999999545e+01
4.765012200000000000e+09,-7.957999999999999829e+01
4.765012400000000000e+09,-8.082000000000000739e+01
4.765012600000000000e+09,-7.989000000000000057e+01
4.765012800000000000e+09,-8.007999999999999829e+01
4.765013000000000000e+09,-8.062000000000000455e+01
4.765013200000000000e+09,-8.265000000000000568e+01
4.765013400000000000e+09,-8.243000000000000682e+01
4.765013600000000000e+09,-8.237999999999999545e+01
4.765013800000000000e+09,-8.232999999999999829e+01
4.765014000000000000e+09,-8.270000000000000284e+01
4.765014200000000000e+09,-8.392000000000000171e+01
4.765014400000000000e+09,-8.328000000000000114e+01
4.765014600000000000e+09,-8.440999999999999659e+01
4.765014800000000000e+09,-8.518999999999999773e+01
4.765015000000000000e+09,-8.432000000000000739e+01
4.765015200000000000e+09,-8.515999999999999659e+01
4.765015400000000000e+09,-8.509000000000000341e+01
4.765015600000000000e+09,-8.454000000000000625e+01
4.765015800000000000e+09,-8.492000000000000171e+01
4.765016000000000000e+09,-8.504999999999999716e+01
4.765016200000000000e+09,-8.543000000000000682e+01
4.765016400000000000e+09,-8.482000000000000739e+01
4.765016600000000000e+09,-8.620000000000000284e+01
4.765016800000000000e+09,-8.573000000000000398e+01
4.765017000000000000e+09,-8.665000000000000568e+01
4.765017200000000000e+09,-8.665000000000000568e+01
4.765017400000000000e+09,-8.629999999999999716e+01
4.765017600000000000e+09,-8.593999999999999773e+01
4.765017800000000000e+09,-8.687000000000000455e+01
4.765018000000000000e+09,-8.640999999999999659e+01
4.765018200000000000e+09,-8.615000000000000568e+01
4.765018400000000000e+09,-8.692000000000000171e+01
4.765018600000000000e+09,-8.506000000000000227e+01
4.765018800000000000e+09,-8.592000000000000171e+01
4.765019000000000000e+09,-8.746000000000000796e+01
4.765019200000000000e+09,-8.757000000000000739e+01
4.765019400000000000e+09,-8.776999999999999602e+01
4.765019600000000000e+09,-8.753000000000000114e+01
4.765019800000000000e+09,-8.750000000000000000e+01
4.765020000000000000e+09,-8.604999999999999716e+01
4.765020200000000000e+09,-8.671000000000000796e+01
4.765020400000000000e+09,-8.962000000000000455e+01
4.765020600000000000e+09,-8.887999999999999545e+01
4.765020800000000000e+09,-8.889000000000000057e+01
4.765021000000000000e+09,-8.796000000000000796e+01
4.765021200000000000e+09,-8.818000000000000682e+01
4.765021400000000000e+09,-8.850000000000000000e+01
4.765021600000000000e+09,-8.950000000000000000e+01
4.765021800000000000e+09,-9.034000000000000341e+01
4.765022000000000000e+09,-8.917000000000000171e+01
4.765022200000000000e+09,-8.954000000000000625e+01
4.765022400000000000e+09,-8.848999999999999488e+01
4.765022600000000000e+09,-8.884000000000000341e+01
4.765022800000000000e+09,-8.970000000000000284e+01
4.765023000000000000e+09,-9.048999999999999488e+01
4.765023200000000000e+09,-9.079000000000000625e+01
4.765023400000000000e+09,-9.015999999999999659e+01
4.765023600000000000e+09,-8.848000000000000398e+01
4.765023800000000000e+09,-8.765000000000000568e+01
4.765024000000000000e+09,-8.820000000000000284e+01
4.765024200000000000e+09,-8.848000000000000398e+01
4.765024400000000000e+09,-8.850000000000000000e+01
4.765024600000000000e+09,-8.968999999999999773e+01
4.765024800000000000e+09,-8.926000000000000512e+01
4.765025000000000000e+09,-8.692000000000000171e+01
4.765025200000000000e+09,-8.710000000000000853e+01
4.765025400000000000e+09,-8.865000000000000568e+01
4.765025600000000000e+09,-8.946000000000000796e+01
4.765025800000000000e+09,-9.032999999999999829e+01
4.765026000000000000e+09,-9.004000000000000625e+01
4.765026200000000000e+09,-9.007999999999999829e+01
4.765026400000000000e+09,-9.087000000000000455e+01
4.765026600000000000e+09,-9.098000000000000398e+01
4.765026800000000000e+09,-8.906000000000000227e+01
4.765027000000000000e+09,-8.912000000000000455e+01
4.765027200000000000e+09,-8.867000000000000171e+01
4.765027400000000000e+09,-8.929999999999999716e+01
4.765027600000000000e+09,-8.967000000000000171e+01
4.765027800000000000e+09,-8.918000000000000682e+01
4.765028000000000000e+09,-8.901000000000000512e+01
4.765028200000000000e+09,-8.962999999999999545e+01
4.765028400000000000e+09,-9.007000000000000739e+01
4.765028600000000000e+09,-8.845000000000000284e+01
4.765028800000000000e+09,-8.814000000000000057e+01
4.765029000000000000e+09,-8.918000000000000682e+01
4.765029200000000000e+09,-9.109000000000000341e+01
4.765029400000000000e+09,-9.120000000000000284e+01
4.765029600000000000e+09,-9.125000000000000000e+01
4.765029800000000000e+09,-9.087000000000000455e+01
4.765030000000000000e+09,-9.043000000000000682e+01
4.765030200000000000e+09,-9.171999999999999886e+01
4.765030400000000000e+09,-9.132999999999999829e+01
4.765030600000000000e+09,-9.098999999999999488e+01
4.765030800000000000e+09,-9.109000000000000341e+01
4.765031000000000000e+09,-9.018000000000000682e+01
4.765031200000000000e+09,-8.923999999999999488e+01
4.765031400000000000e+09,-8.965999999999999659e+01
4.765031600000000000e+09,-8.912999999999999545e+01
4.765031800000000000e+09,-8.876999999999999602e+01
4.765032000000000000e+09,-9.057999999999999829e+01
4.765032200000000000e+09,-9.165000000000000568e+01
4.765032400000000000e+09,-9.096000000000000796e+01
4.765032600000000000e+09,-8.909000000000000341e+01
4.765032800000000000e+09,-8.996000000000000796e+01
4.765033000000000000e+09,-9.168000000000000682e+01
4.765033200000000000e+09,-9.089000000000000057e+01
4.765033400000000000e+09,-9.082999999999999829e+01
4.765033600000000000e+09,-9.143999999999999773e+01
4.765033800000000000e+09,-9.160000000000000853e+01
4.765034000000000000e+09,-9.068999999999999773e+01
4.765034200000000000e+09,-9.064000000000000057e+01
4.765034400000000000e+09,-9.176999999999999602e+01
4.765034600000000000e+09,-9.151999999999999602e+01
4.765034800000000000e+09,-9.132999999999999829e+01
4.765035000000000000e+09,-9.159000000000000341e+01
4.765035200000000000e+09,-9.181000000000000227e+01
4.765035400000000000e+09,-9.137000000000000455e+01
4.765035600000000000e+09,-9.235999999999999943e+01
4.765035800000000000e+09,-9.239000000000000057e+01
4.765036000000000000e+09,-9.295000000000000284e+01
4.765036200000000000e+09,-9.315999999999999659e+01
4.765036400000000000e+09,-9.323999999999999488e+01
4.765036600000000000e+09,-9.301999999999999602e+01
4.765036800000000000e+09,-9.204000000000000625e+01
4.765037000000000000e+09,-9.053000000000000114e+01
4.765037200000000000e+09,-9.023999999999999488e+01
4.765037400000000000e+09,-9.040999999999999659e+01
4.765037600000000000e+09,-9.101999999999999602e+01
4.765037800000000000e+09,-9.279000000000000625e+01
4.765038000000000000e+09,-9.235000000000000853e+01
4.765038200000000000e+09,-9.165000000000000568e+01
4.765038400000000000e+09,-9.218000000000000682e+01
4.765038600000000000e+09,-9.150000000000000000e+01
4.765038800000000000e+09,-9.189000000000000057e+01
4.765039000000000000e+09,-9.221000000000000796e+01
4.765039200000000000e+09,-9.217000000000000171e+01
4.765039400000000000e+09,-9.195000000000000284e+01
4.765039600000000000e+09,-9.176999999999999602e+01
4.765039800000000000e+09,-9.260999999999999943e+01
4.765040000000000000e+09,-9.235999999999999943e+01
4.765040200000000000e+09,-9.214000000000000057e+01
4.765040400000000000e+09,-9.212000000000000455e+01
4.765040600000000000e+09,-9.204000000000000625e+01
4.765040800000000000e+09,-9.165000000000000568e+01
4.765041000000000000e+09,-9.270000000000000284e+01
4.765041200000000000e+09,-9.221000000000000796e+01
4.765041400000000000e+09,-9.314000000000000057e+01
4.765041600000000000e+09,-9.276000000000000512e+01
4.765041800000000000e+09,-9.326999999999999602e+01
4.765042000000000000e+09,-9.309000000000000341e+01
4.765042200000000000e+09,-9.293999999999999773e+01
4.765042400000000000e+09,-9.418999999999999773e+01
4.765042600000000000e+09,-9.504999999999999716e+01
4.765042800000000000e+09,-9.471000000000000796e+01
4.765043000000000000e+09,-9.315000000000000568e+01
4.765043200000000000e+09,-9.310000000000000853e+01
4.765043400000000000e+09,-9.232999999999999829e+01
4.765043600000000000e+09,-9.228000000000000114e+01
4.765043800000000000e+09,-9.204999999999999716e+01
4.765044000000000000e+09,-9.196000000000000796e+01
4.765044200000000000e+09,-9.234000000000000341e+01
4.765044400000000000e+09,-9.126999999999999602e+01
4.765044600000000000e+09,-9.087999999999999545e+01
4.765044800000000000e+09,-9.118000000000000682e+01
4.765045000000000000e+09,-9.187000000000000455e+01
4.765045200000000000e+09,-9.250000000000000000e+01
4.765045400000000000e+09,-9.271000000000000796e+01
4.765045600000000000e+09,-9.251999999999999602e+01
4.765045800000000000e+09,-9.312999999999999545e+01
4.765046000000000000e+09,-9.346000000000000796e+01
4.765046200000000000e+09,-9.307999999999999829e+01
4.765046400000000000e+09,-9.410999999999999943e+01
4.765046600000000000e+09,-9.423000000000000398e+01
4.765046800000000000e+09,-9.423000000000000398e+01
4.765047000000000000e+09,-9.385999999999999943e+01
4.765047200000000000e+09,-9.373999999999999488e+01
4.765047400000000000e+09,-9.367000000000000171e+01
4.765047600000000000e+09,-9.303000000000000114e+01
4.765047800000000000e+09,-9.246000000000000796e+01
4.765048000000000000e+09,-9.321999999999999886e+01
4.765048200000000000e+09,-9.218000000000000682e+01
4.765048400000000000e+09,-9.190000000000000568e+01
4.765048600000000000e+09,-9.228000000000000114e+01
4.765048800000000000e+09,-9.129000000000000625e+01
4.765049000000000000e+09,-9.098999999999999488e+01
4.765049200000000000e+09,-9.059000000000000341e+01
4.765049400000000000e+09,-8.971999999999999886e+01
4.765049600000000000e+09,-8.943999999999999773e+01
4.765049800000000000e+09,-8.845000000000000284e+01
4.765050000000000000e+09,-8.829000000000000625e+01
6.670950000000000000e+09,-9.626000000000000512e+01
6.670950200000000000e+09,-9.651999999999999602e+01
6.670950400000000000e+09,-9.660000000000000853e+01
6.670950600000000000e+09,-9.648000000000000398e+01
6.670950800000000000e+09,-9.648000000000000398e+01
6.670951000000000000e+09,-9.587000000000000455e+01
6.670951200000000000e+09,-9.553000000000000114e+01
6.670951400000000000e+09,-9.646999999999999886e+01
6.670951600000000000e+09,-9.653000000000000114e+01
6.670951800000000000e+09,-9.543000000000000682e+01
6.670952000000000000e+09,-9.515000000000000568e+01
6.670952200000000000e+09,-9.610999999999999943e+01
6.670952400000000000e+09,-9.598000000000000398e+01
6.670952600000000000e+09,-9.584000000000000341e+01
6.670952800000000000e+09,-9.606000000000000227e+01
6.670953000000000000e+09,-9.651999999999999602e+01
6.670953200000000000e+09,-9.523999999999999488e+01
6.670953400000000000e+09,-9.520000000000000284e+01
6.670953600000000000e+09,-9.498999999999999488e+01
6.670953800000000000e+09,-9.510000000000000853e+01
6.670954000000000000e+09,-9.484000000000000341e+01
6.670954200000000000e+09,-9.478000000000000114e+01
6.670954400000000000e+09,-9.535999999999999943e+01
6.670954600000000000e+09,-9.551999999999999602e+01
6.670954800000000000e+09,-9.579000000000000625e+01
6.670955000000000000e+09,-9.550000000000000000e+01
6.670955200000000000e+09,-9.600000000000000000e+01
6.670955400000000000e+09,-9.534000000000000341e+01
6.670955600000000000e+09,-9.545000000000000284e+01
6.670955800000000000e+09,-9.599000000000000909e+01
6.670956000000000000e+09,-9.620000000000000284e+01
6.670956200000000000e+09,-9.637000000000000455e+01
6.670956400000000000e+09,-9.632999999999999829e+01
6.670956600000000000e+09,-9.618999999999999773e+01
6.670956800000000000e+09,-9.585999999999999943e+01
6.670957000000000000e+09,-9.501000000000000512e+01
6.670957200000000000e+09,-9.432999999999999829e+01
6.670957400000000000e+09,-9.450000000000000000e+01
6.670957600000000000e+09,-9.382000000000000739e+01
6.670957800000000000e+09,-9.348999999999999488e+01
6.670958000000000000e+09,-9.346000000000000796e+01
6.670958200000000000e+09,-9.404999999999999716e+01
6.670958400000000000e+09,-9.365000000000000568e+01
6.670958600000000000e+09,-9.485999999999999943e+01
6.670958800000000000e+09,-9.443000000000000682e+01
6.670959000000000000e+09,-9.470000000000000284e+01
6.670959200000000000e+09,-9.556000000000000227e+01
6.670959400000000000e+09,-9.428000000000000114e+01
6.670959600000000000e+09,-9.393999999999999773e+01
6.670959800000000000e+09,-9.275000000000000000e+01
6.670960000000000000e+09,-9.248999999999999488e+01
6.670960200000000000e+09,-9.365999999999999659e+01
6.670960400000000000e+09,-9.370000000000000284e+01
6.670960600000000000e+09,-9.312000000000000455e+01
6.670960800000000000e+09,-9.356000000000000227e+01
6.670961000000000000e+09,-9.301000000000000512e+01
6.670961200000000000e+09,-9.214000000000000057e+01
6.670961400000000000e+09,-9.170000000000000284e+01
6.670961600000000000e+09,-9.298000000000000398e+01
6.670961800000000000e+09,-9.435999999999999943e+01
6.670962000000000000e+09,-9.418999999999999773e+01
6.670962200000000000e+09,-9.415000000000000568e+01
6.670962400000000000e+09,-9.465000000000000568e+01
6.670962600000000000e+09,-9.470000000000000284e+01
6.670962800000000000e+09,-9.589000000000000057e+01
6.670963000000000000e+09,-9.579000000000000625e+01
6.670963200000000000e+09,-9.576000000000000512e+01
6.670963400000000000e+09,-9.559000000000000341e+01
6.670963600000000000e+09,-9.587999999999999545e+01
6.670963800000000000e+09,-9.578000000000000114e+01
6.670964000000000000e+09,-9.571999999999999886e+01
6.670964200000000000e+09,-9.506000000000000227e+01
6.670964400000000000e+09,-9.482999999999999829e+01
6.670964600000000000e+09,-9.529999999999999716e+01
6.670964800000000000e+09,-9.574000000000000909e+01
6.670965000000000000e+09,-9.523999999999999488e+01
6.670965200000000000e+09,-9.537999999999999545e+01
6.670965400000000000e+09,-9.492000000000000171e+01
6.670965600000000000e+09,-9.535000000000000853e+01
6.670965800000000000e+09,-9.532000000000000739e+01
6.670966000000000000e+09,-9.476000000000000512e+01
6.670966200000000000e+09,-9.481000000000000227e+01
6.670966400000000000e+09,-9.512999999999999545e+01
6.670966600000000000e+09,-9.576000000000000512e+01
6.670966800000000000e+09,-9.601000000000000512e+01
6.670967000000000000e+09,-9.570000000000000284e+01
6.670967200000000000e+09,-9.592000000000000171e+01
6.670967400000000000e+09,-9.606000000000000227e+01
6.670967600000000000e+09,-9.567000000000000171e+01
6.670967800000000000e+09,-9.546999999999999886e+01
6.670968000000000000e+09,-9.587999999999999545e+01
6.670968200000000000e+09,-9.601000000000000512e+01
6.670968400000000000e+09,-9.537999999999999545e+01
6.670968600000000000e+09,-9.551999999999999602e+01
6.670968800000000000e+09,-9.548000000000000398e+01
6.670969000000000000e+09,-9.554000000000000625e+01
6.670969200000000000e+09,-9.599000000000000909e+01
6.670969400000000000e+09,-9.575000000000000000e+01
6.670969600000000000e+09,-9.560000000000000853e+01
6.670969800000000000e+09,-9.584000000000000341e+01
6.670970000000000000e+09,-9.537999999999999545e+01
6.670970200000000000e+09,-9.592000000000000171e+01
6.670970400000000000e+09,-9.593000000000000682e+01
6.670970600000000000e+09,-9.640000000000000568e+01
6.670970800000000000e+09,-9.590999999999999659e+01
6.670971000000000000e+09,-9.562999999999999545e+01
6.670971200000000000e+09,-9.624000000000000909e+01
6.670971400000000000e+09,-9.589000000000000057e+01
6.670971600000000000e+09,-9.520000000000000284e+01
6.670971800000000000e+09,-9.485000000000000853e+01
6.670972000000000000e+09,-9.582999999999999829e+01
6.670972200000000000e+09,-9.579000000000000625e+01
6.670972400000000000e+09,-9.629000000000000625e+01
6.670972600000000000e+09,-9.579000000000000625e+01
6.670972800000000000e+09,-9.587999999999999545e+01
6.670973000000000000e+09,-9.565000000000000568e+01
6.670973200000000000e+09,-9.574000000000000909e+01
6.670973400000000000e+09,-9.565000000000000568e+01
6.670973600000000000e+09,-9.509000000000000341e+01
6.670973800000000000e+09,-9.465000000000000568e+01
6.670974000000000000e+09,-9.498000000000000398e+01
6.670974200000000000e+09,-9.534000000000000341e+01
6.670974400000000000e+09,-9.537999999999999545e+01
6.670974600000000000e+09,-9.576000000000000512e+01
6.670974800000000000e+09,-9.626999999999999602e+01
6.670975000000000000e+09,-9.615000000000000568e+01
6.670975200000000000e+09,-9.587000000000000455e+01
6.670975400000000000e+09,-9.548000000000000398e+01
6.670975600000000000e+09,-9.540000000000000568e+01
6.670975800000000000e+09,-9.528000000000000114e+01
6.670976000000000000e+09,-9.546000000000000796e+01
6.670976200000000000e+09,-9.551999999999999602e+01
6.670976400000000000e+09,-9.535000000000000853e+01
6.670976600000000000e+09,-9.548000000000000398e+01
6.670976800000000000e+09,-9.551999999999999602e+01
6.670977000000000000e+09,-9.582999999999999829e+01
6.670977200000000000e+09,-9.589000000000000057e+01
6.670977400000000000e+09,-9.553000000000000114e+01
6.670977600000000000e+09,-9.579999999999999716e+01
6.670977800000000000e+09,-9.581000000000000227e+01
6.670978000000000000e+09,-9.546999999999999886e+01
6.670978200000000000e+09,-9.535000000000000853e+01
6.670978400000000000e+09,-9.523999999999999488e+01
6.670978600000000000e+09,-9.570000000000000284e+01
6.670978800000000000e+09,-9.579000000000000625e+01
6.670979000000000000e+09,-9.590000000000000568e+01
6.670979200000000000e+09,-9.610000000000000853e+01
6.670979400000000000e+09,-9.546000000000000796e+01
6.670979600000000000e+09,-9.523000000000000398e+01
6.670979800000000000e+09,-9.495000000000000284e+01
6.670980000000000000e+09,-9.556000000000000227e+01
6.670980200000000000e+09,-9.556000000000000227e+01
6.670980400000000000e+09,-9.579999999999999716e+01
6.670980600000000000e+09,-9.407999999999999829e+01
6.670980800000000000e+09,-9.432999999999999829e+01
6.670981000000000000e+09,-9.540999999999999659e+01
6.670981200000000000e+09,-9.540999999999999659e+01
6.670981400000000000e+09,-9.560999999999999943e+01
6.670981600000000000e+09,-9.506000000000000227e+01
6.670981800000000000e+09,-9.496999999999999886e+01
6.670982000000000000e+09,-9.537000000000000455e+01
6.670982200000000000e+09,-9.507999999999999829e+01
6.670982400000000000e+09,-9.529000000000000625e+01
6.670982600000000000e+09,-9.526000000000000512e+01
6.670982800000000000e+09,-9.596999999999999886e+01
6.670983000000000000e+09,-9.589000000000000057e+01
6.670983200000000000e+09,-9.537999999999999545e+01
6.670983400000000000e+09,-9.514000000000000057e+01
6.670983600000000000e+09,-9.492000000000000171e+01
6.670983800000000000e+09,-9.531000000000000227e+01
6.670984000000000000e+09,-9.479000000000000625e+01
6.670984200000000000e+09,-9.471000000000000796e+01
6.670984400000000000e+09,-9.465000000000000568e+01
6.670984600000000000e+09,-9.456000000000000227e+01
6.670984800000000000e+09,-9.509000000000000341e+01
6.670985000000000000e+09,-9.507999999999999829e+01
6.670985200000000000e+09,-9.521000000000000796e+01
6.670985400000000000e+09,-9.504000000000000625e+01
6.670985600000000000e+09,-9.465000000000000568e+01
6.670985800000000000e+09,-9.457999999999999829e+01
6.670986000000000000e+09,-9.473999999999999488e+01
6.670986200000000000e+09,-9.418000000000000682e+01
6.670986400000000000e+09,-9.432999999999999829e+01
6.670986600000000000e+09,-9.448999999999999488e+01
6.670986800000000000e+09,-9.471999999999999886e+01
6.670987000000000000e+09,-9.515000000000000568e+01
6.670987200000000000e+09,-9.484000000000000341e+01
6.670987400000000000e+09,-9.460000000000000853e+01
6.670987600000000000e+09,-9.484000000000000341e+01
6.670987800000000000e+09,-9.476999999999999602e+01
6.670988000000000000e+09,-9.462000000000000455e+01
6.670988200000000000e+09,-9.429000000000000625e+01
6.670988400000000000e+09,-9.518000000000000682e+01
6.670988600000000000e+09,-9.398999999999999488e+01
6.670988800000000000e+09,-9.428000000000000114e+01
6.670989000000000000e+09,-9.442000000000000171e+01
6.670989200000000000e+09,-9.468000000000000682e+01
6.670989400000000000e+09,-9.339000000000000057e+01
6.670989600000000000e+09,-9.471000000000000796e+01
6.670989800000000000e+09,-9.467000000000000171e+01
6.670990000000000000e+09,-9.428000000000000114e+01
6.670990200000000000e+09,-9.423999999999999488e+01
6.670990400000000000e+09,-9.385999999999999943e+01
6.670990600000000000e+09,-9.351000000000000512e+01
6.670990800000000000e+09,-9.387000000000000455e+01
6.670991000000000000e+09,-9.400000000000000000e+01
6.670991200000000000e+09,-9.290999999999999659e+01
6.670991400000000000e+09,-9.259000000000000341e+01
6.670991600000000000e+09,-9.376999999999999602e+01
6.670991800000000000e+09,-9.390000000000000568e+01
6.670992000000000000e+09,-9.385999999999999943e+01
6.670992200000000000e+09,-9.382999999999999829e+01
6.670992400000000000e+09,-9.364000000000000057e+01
6.670992600000000000e+09,-9.420000000000000284e+01
6.670992800000000000e+09,-9.287999999999999545e+01
6.670993000000000000e+09,-9.353000000000000114e+01
6.670993200000000000e+09,-9.432000000000000739e+01
6.670993400000000000e+09,-9.398000000000000398e+01
6.670993600000000000e+09,-9.432999999999999829e+01
6.670993800000000000e+09,-9.396999999999999886e+01
6.670994000000000000e+09,-9.287000000000000455e+01
6.670994200000000000e+09,-9.257999999999999829e+01
6.670994400000000000e+09,-9.373999999999999488e+01
6.670994600000000000e+09,-9.376000000000000512e+01
6.670994800000000000e+09,-9.239000000000000057e+01
6.670995000000000000e+09,-9.301000000000000512e+01
6.670995200000000000e+09,-9.398999999999999488e+01
6.670995400000000000e+09,-9.201000000000000512e+01
6.670995600000000000e+09,-9.192000000000000171e+01
6.670995800000000000e+09,-9.304999999999999716e+01
6.670996000000000000e+09,-9.326999999999999602e+01
6.670996200000000000e+09,-9.246999999999999886e+01
6.670996400000000000e+09,-9.248000000000000398e+01
6.670996600000000000e+09,-9.264000000000000057e+01
6.670996800000000000e+09,-9.235999999999999943e+01
6.670997000000000000e+09,-9.296999999999999886e+01
6.670997200000000000e+09,-9.151000000000000512e+01
6.670997400000000000e+09,-9.148000000000000398e+01
6.670997600000000000e+09,-9.106000000000000227e+01
6.670997800000000000e+09,-9.000000000000000000e+01
6.670998000000000000e+09,-9.018000000000000682e+01
6.670998200000000000e+09,-8.915999999999999659e+01
6.670998400000000000e+09,-8.948000000000000398e+01
6.670998600000000000e+09,-8.940000000000000568e+01
6.670998800000000000e+09,-8.846000000000000796e+01
6.670999000000000000e+09,-8.921999999999999886e+01
6.670999200000000000e+09,-8.843999999999999773e+01
6.670999400000000000e+09,-8.787000000000000455e+01
6.670999600000000000e+09,-8.737000000000000455e+01
6.670999800000000000e+09,-8.757999999999999829e+01
6.671000000000000000e+09,-8.734000000000000341e+01
6.671000200000000000e+09,-8.723000000000000398e+01
6.671000400000000000e+09,-8.565999999999999659e+01
6.671000600000000000e+09,-8.476000000000000512e+01
6.671000800000000000e+09,-8.431000000000000227e+01
6.671001000000000000e+09,-8.315999999999999659e+01
6.671001200000000000e+09,-8.146999999999999886e+01
6.671001400000000000e+09,-7.975000000000000000e+01
6.671001600000000000e+09,-7.860000000000000853e+01
6.671001800000000000e+09,-7.700000000000000000e+01
6.671002000000000000e+09,-7.550000000000000000e+01
6.671002200000000000e+09,-7.379999999999999716e+01
6.671002400000000000e+09,-7.179000000000000625e+01
6.671002600000000000e+09,-6.990999999999999659e+01
6.671002800000000000e+09,-6.796999999999999886e+01
6.671003000000000000e+09,-6.585999999999999943e+01
6.671003200000000000e+09,-6.366000000000000369e+01
6.671003400000000000e+09,-6.156000000000000227e+01
6.671003600000000000e+09,-5.906000000000000227e+01
6.671003800000000000e+09,-5.660999999999999943e+01
6.671004000000000000e+09,-5.403999999999999915e+01
6.671004200000000000e+09,-5.143999999999999773e+01
6.671004400000000000e+09,-4.859000000000000341e+01
6.671004600000000000e+09,-4.564000000000000057e+01
6.671004800000000000e+09,-4.267999999999999972e+01
6.671005000000000000e+09,-3.957999999999999829e+01
6.671005200000000000e+09,-3.642999999999999972e+01
6.671005400000000000e+09,-3.327000000000000313e+01
6.671005600000000000e+09,-3.048000000000000043e+01
6.671005800000000000e+09,-2.765000000000000213e+01
6.671006000000000000e+09,-2.532000000000000028e+01
6.671006200000000000e+09,-2.358999999999999986e+01
6.671006400000000000e+09,-2.257000000000000028e+01
6.671006600000000000e+09,-2.225000000000000000e+01
6.671006800000000000e+09,-2.205999999999999872e+01
6.671007000000000000e+09,-2.276000000000000156e+01
6.671007200000000000e+09,-2.408999999999999986e+01
6.671007400000000000e+09,-2.558999999999999986e+01
6.671007600000000000e+09,-2.765000000000000213e+01
6.671007800000000000e+09,-3.046999999999999886e+01
6.671008000000000000e+09,-3.336999999999999744e+01
6.671008200000000000e+09,-3.646000000000000085e+01
6.671008400000000000e+09,-3.977000000000000313e+01
6.671008600000000000e+09,-4.302000000000000313e+01
6.671008800000000000e+09,-4.599000000000000199e+01
6.671009000000000000e+09,-4.914999999999999858e+01
6.671009200000000000e+09,-5.214999999999999858e+01
6.671009400000000000e+09,-5.491000000000000369e+01
6.671009600000000000e+09,-5.750999999999999801e+01
6.671009800000000000e+09,-6.002000000000000313e+01
6.671010000000000000e+09,-6.259000000000000341e+01
6.671010200000000000e+09,-6.496000000000000796e+01
6.671010400000000000e+09,-6.698999999999999488e+01
6.671010600000000000e+09,-6.915999999999999659e+01
6.671010800000000000e+09,-7.132000000000000739e+01
6.671011000000000000e+09,-7.318999999999999773e+01
6.671011200000000000e+09,-7.521000000000000796e+01
6.671011400000000000e+09,-7.685999999999999943e+01
6.671011600000000000e+09,-7.854000000000000625e+01
6.671011800000000000e+09,-8.003000000000000114e+01
6.671012000000000000e+09,-8.182000000000000739e+01
6.671012200000000000e+09,-8.320000000000000284e+01
6.671012400000000000e+09,-8.418999999999999773e+01
6.671012600000000000e+09,-8.439000000000000057e+01
6.671012800000000000e+09,-8.582000000000000739e+01
6.671013000000000000e+09,-8.639000000000000057e+01
6.671013200000000000e+09,-8.612000000000000455e+01
6.671013400000000000e+09,-8.695000000000000284e+01
6.671013600000000000e+09,-8.732000000000000739e+01
6.671013800000000000e+09,-8.807999999999999829e+01
6.671014000000000000e+09,-8.850000000000000000e+01
6.671014200000000000e+09,-8.876000000000000512e+01
6.671014400000000000e+09,-8.979999999999999716e+01
6.671014600000000000e+09,-9.023000000000000398e+01
6.671014800000000000e+09,-8.940000000000000568e+01
6.671015000000000000e+09,-8.818000000000000682e+01
6.671015200000000000e+09,-8.942000000000000171e+01
6.671015400000000000e+09,-9.159000000000000341e+01
6.671015600000000000e+09,-8.943000000000000682e+01
6.671015800000000000e+09,-9.018999999999999773e+01
6.671016000000000000e+09,-9.028000000000000114e+01
6.671016200000000000e+09,-8.993000000000000682e+01
6.671016400000000000e+09,-9.123000000000000398e+01
6.671016600000000000e+09,-9.143000000000000682e+01
6.671016800000000000e+09,-9.320000000000000284e+01
6.671017000000000000e+09,-9.090000000000000568e+01
6.671017200000000000e+09,-9.104999999999999716e+01
6.671017400000000000e+09,-9.225000000000000000e+01
6.671017600000000000e+09,-9.282000000000000739e+01
6.671017800000000000e+09,-9.348000000000000398e+01
6.671018000000000000e+09,-9.329999999999999716e+01
6.671018200000000000e+09,-9.310000000000000853e+01
6.671018400000000000e+09,-9.223999999999999488e+01
6.671018600000000000e+09,-9.203000000000000114e+01
6.671018800000000000e+09,-9.232999999999999829e+01
6.671019000000000000e+09,-9.307000000000000739e+01
6.671019200000000000e+09,-9.340999999999999659e+01
6.671019400000000000e+09,-9.323000000000000398e+01
6.671019600000000000e+09,-9.342000000000000171e+01
6.671019800000000000e+09,-9.362000000000000455e+01
6.671020000000000000e+09,-9.371000000000000796e+01
6.671020200000000000e+09,-9.379000000000000625e+01
6.671020400000000000e+09,-9.354999999999999716e+01
6.671020600000000000e+09,-9.257000000000000739e+01
6.671020800000000000e+09,-9.223999999999999488e+01
6.671021000000000000e+09,-9.282000000000000739e+01
6.671021200000000000e+09,-9.342000000000000171e+01
6.671021400000000000e+09,-9.310999999999999943e+01
6.671021600000000000e+09,-9.485999999999999943e+01
6.671021800000000000e+09,-9.451000000000000512e+01
6.671022000000000000e+09,-9.412000000000000455e+01
6.671022200000000000e+09,-9.340999999999999659e+01
6.671022400000000000e+09,-9.303000000000000114e+01
6.671022600000000000e+09,-9.312000000000000455e+01
6.671022800000000000e+09,-9.351000000000000512e+01
6.671023000000000000e+09,-9.437000000000000455e+01
6.671023200000000000e+09,-9.362999999999999545e+01
6.671023400000000000e+09,-9.337999999999999545e+01
6.671023600000000000e+09,-9.343999999999999773e+01
6.671023800000000000e+09,-9.423999999999999488e+01
6.671024000000000000e+09,-9.468999999999999773e+01
6.671024200000000000e+09,-9.456000000000000227e+01
6.671024400000000000e+09,-9.475000000000000000e+01
6.671024600000000000e+09,-9.484000000000000341e+01
6.671024800000000000e+09,-9.490000000000000568e+01
6.671025000000000000e+09,-9.510999999999999943e+01
6.671025200000000000e+09,-9.476000000000000512e+01
6.671025400000000000e+09,-9.371000000000000796e+01
6.671025600000000000e+09,-9.304000000000000625e+01
6.671025800000000000e+09,-9.365000000000000568e+01
6.671026000000000000e+09,-9.412999999999999545e+01
6.671026200000000000e+09,-9.446999999999999886e+01
6.671026400000000000e+09,-9.370000000000000284e+01
6.671026600000000000e+09,-9.468000000000000682e+01
6.671026800000000000e+09,-9.528000000000000114e+01
6.671027000000000000e+09,-9.485000000000000853e+01
6.671027200000000000e+09,-9.475000000000000000e+01
6.671027400000000000e+09,-9.485999999999999943e+01
6.671027600000000000e+09,-9.501000000000000512e+01
6.671027800000000000e+09,-9.492000000000000171e+01
6.671028000000000000e+09,-9.517000000000000171e+01
6.671028200000000000e+09,-9.487000000000000455e+01
6.671028400000000000e+09,-9.414000000000000057e+01
6.671028600000000000e+09,-9.448999999999999488e+01
6.671028800000000000e+09,-9.504000000000000625e+01
6.671029000000000000e+09,-9.490000000000000568e+01
6.671029200000000000e+09,-9.448000000000000398e+01
6.671029400000000000e+09,-9.479000000000000625e+01
6.671029600000000000e+09,-9.529999999999999716e+01
6.671029800000000000e+09,-9.473000000000000398e+01
6.671030000000000000e+09,-9.492000000000000171e+01
6.671030200000000000e+09,-9.465000000000000568e+01
6.671030400000000000e+09,-9.465000000000000568e+01
6.671030600000000000e+09,-9.479000000000000625e+01
6.671030800000000000e+09,-9.468000000000000682e+01
6.671031000000000000e+09,-9.403000000000000114e+01
6.671031200000000000e+09,-9.382999999999999829e+01
6.671031400000000000e+09,-9.504000000000000625e+01
6.671031600000000000e+09,-9.568999999999999773e+01
6.671031800000000000e+09,-9.579000000000000625e+01
6.671032000000000000e+09,-9.560999999999999943e+01
6.671032200000000000e+09,-9.537000000000000455e+01
6.671032400000000000e+09,-9.582999999999999829e+01
6.671032600000000000e+09,-9.498000000000000398e+01
6.671032800000000000e+09,-9.393999999999999773e+01
6.671033000000000000e+09,-9.456000000000000227e+01
6.671033200000000000e+09,-9.487999999999999545e+01
6.671033400000000000e+09,-9.465000000000000568e+01
6.671033600000000000e+09,-9.507000000000000739e+01
6.671033800000000000e+09,-9.529000000000000625e+01
6.671034000000000000e+09,-9.498999999999999488e+01
6.671034200000000000e+09,-9.509000000000000341e+01
6.671034400000000000e+09,-9.570000000000000284e+01
6.671034600000000000e+09,-9.523999999999999488e+01
6.671034800000000000e+09,-9.506000000000000227e+01
6.671035000000000000e+09,-9.556000000000000227e+01
6.671035200000000000e+09,-9.592000000000000171e+01
6.671035400000000000e+09,-9.528000000000000114e+01
6.671035600000000000e+09,-9.495000000000000284e+01
6.671035800000000000e+09,-9.515000000000000568e+01
6.671036000000000000e+09,-9.493999999999999773e+01
6.671036200000000000e+09,-9.551999999999999602e+01
6.671036400000000000e+09,-9.562000000000000455e+01
6.671036600000000000e+09,-9.535000000000000853e+01
6.671036800000000000e+09,-9.496000000000000796e+01
6.671037000000000000e+09,-9.517000000000000171e+01
6.671037200000000000e+09,-9.529999999999999716e+01
6.671037400000000000e+09,-9.567000000000000171e+01
6.671037600000000000e+09,-9.568999999999999773e+01
6.671037800000000000e+09,-9.560999999999999943e+01
6.671038000000000000e+09,-9.609000000000000341e+01
6.671038200000000000e+09,-9.590000000000000568e+01
6.671038400000000000e+09,-9.570000000000000284e+01
6.671038600000000000e+09,-9.500000000000000000e+01
6.671038800000000000e+09,-9.521000000000000796e+01
6.671039000000000000e+09,-9.534000000000000341e+01
6.671039200000000000e+09,-9.579000000000000625e+01
6.671039400000000000e+09,-9.571000000000000796e+01
6.671039600000000000e+09,-9.567000000000000171e+01
6.671039800000000000e+09,-9.576000000000000512e+01
6.671040000000000000e+09,-9.518999999999999773e+01
6.671040200000000000e+09,-9.540000000000000568e+01
6.671040400000000000e+09,-9.593000000000000682e+01
6.671040600000000000e+09,-9.579000000000000625e+01
6.671040800000000000e+09,-9.546000000000000796e+01
6.671041000000000000e+09,-9.504000000000000625e+01
6.671041200000000000e+09,-9.554000000000000625e+01
6.671041400000000000e+09,-9.581000000000000227e+01
6.671041600000000000e+09,-9.546999999999999886e+01
6.671041800000000000e+09,-9.578000000000000114e+01
6.671042000000000000e+09,-9.545000000000000284e+01
6.671042200000000000e+09,-9.548000000000000398e+01
6.671042400000000000e+09,-9.585000000000000853e+01
6.671042600000000000e+09,-9.546999999999999886e+01
6.671042800000000000e+09,-9.559000000000000341e+01
6.671043000000000000e+09,-9.520000000000000284e+01
6.671043200000000000e+09,-9.567000000000000171e+01
6.671043400000000000e+09,-9.574000000000000909e+01
6.671043600000000000e+09,-9.603000000000000114e+01
6.671043800000000000e+09,-9.609000000000000341e+01
6.671044000000000000e+09,-9.592000000000000171e+01
6.671044200000000000e+09,-9.582999999999999829e+01
6.671044400000000000e+09,-9.565999999999999659e+01
6.671044600000000000e+09,-9.620000000000000284e+01
6.671044800000000000e+09,-9.624000000000000909e+01
6.671045000000000000e+09,-9.570000000000000284e+01
6.671045200000000000e+09,-9.545000000000000284e+01
6.671045400000000000e+09,-9.534000000000000341e+01
6.671045600000000000e+09,-9.615000000000000568e+01
6.671045800000000000e+09,-9.593999999999999773e+01
6.671046000000000000e+09,-9.574000000000000909e+01
6.671046200000000000e+09,-9.598000000000000398e+01
6.671046400000000000e+09,-9.574000000000000909e+01
6.671046600000000000e+09,-9.562999999999999545e+01
6.671046800000000000e+09,-9.432000000000000739e+01
6.671047000000000000e+09,-9.420000000000000284e+01
6.671047200000000000e+09,-9.537000000000000455e+01
6.671047400000000000e+09,-9.517000000000000171e+01
6.671047600000000000e+09,-9.479000000000000625e+01
6.671047800000000000e+09,-9.574000000000000909e+01
6.671048000000000000e+09,-9.557999999999999829e+01
6.671048200000000000e+09,-9.560000000000000853e+01
6.671048400000000000e+09,-9.518999999999999773e+01
6.671048600000000000e+09,-9.596999999999999886e+01
6.671048800000000000e+09,-9.540000000000000568e+01
6.671049000000000000e+09,-9.534000000000000341e+01
6.671049200000000000e+09,-9.585999999999999943e+01
6.671049400000000000e+09,-9.546999999999999886e+01
6.671049600000000000e+09,-9.548000000000000398e+01
6.671049800000000000e+09,-9.537999999999999545e+01
6.671050000000000000e+09,-9.598000000000000398e+01
8.576950000000000000e+09,-9.592000000000000171e+01
8.576950200000000000e+09,-9.646000000000000796e+01
8.576950400000000000e+09,-9.581000000000000227e+01
8.576950600000000000e+09,-9.612000000000000455e+01
8.576950800000000000e+09,-9.693999999999999773e+01
8.576951000000000000e+09,-9.721000000000000796e+01
8.576951200000000000e+09,-9.660999999999999943e+01
8.576951400000000000e+09,-9.654999999999999716e+01
8.576951600000000000e+09,-9.660000000000000853e+01
8.576951800000000000e+09,-9.620000000000000284e+01
8.576952000000000000e+09,-9.692000000000000171e+01
8.576952200000000000e+09,-9.682000000000000739e+01
8.576952400000000000e+09,-9.623000000000000398e+01
8.576952600000000000e+09,-9.667000000000000171e+01
8.576952800000000000e+09,-9.712000000000000455e+01
8.576953000000000000e+09,-9.682999999999999829e+01
8.576953200000000000e+09,-9.687000000000000455e+01
8.576953400000000000e+09,-9.635999999999999943e+01
8.576953600000000000e+09,-9.584000000000000341e+01
8.576953800000000000e+09,-9.570000000000000284e+01
8.576954000000000000e+09,-9.676999999999999602e+01
8.576954200000000000e+09,-9.598000000000000398e+01
8.576954400000000000e+09,-9.615000000000000568e+01
8.576954600000000000e+09,-9.562000000000000455e+01
8.576954800000000000e+09,-9.592000000000000171e+01
8.576955000000000000e+09,-9.637999999999999545e+01
8.576955200000000000e+09,-9.642000000000000171e+01
8.576955400000000000e+09,-9.673000000000000398e+01
8.576955600000000000e+09,-9.651999999999999602e+01
8.576955800000000000e+09,-9.559000000000000341e+01
8.576956000000000000e+09,-9.546000000000000796e+01
8.576956200000000000e+09,-9.646000000000000796e+01
8.576956400000000000e+09,-9.637000000000000455e+01
8.576956600000000000e+09,-9.649000000000000909e+01
8.576956800000000000e+09,-9.637999999999999545e+01
8.576957000000000000e+09,-9.651000000000000512e+01
8.576957200000000000e+09,-9.734000000000000341e+01
8.576957400000000000e+09,-9.625000000000000000e+01
8.576957600000000000e+09,-9.593999999999999773e+01
8.576957800000000000e+09,-9.665999999999999659e+01
8.576958000000000000e+09,-9.687000000000000455e+01
8.576958200000000000e+09,-9.684000000000000341e+01
8.576958400000000000e+09,-9.587000000000000455e+01
8.576958600000000000e+09,-9.560999999999999943e+01
8.576958800000000000e+09,-9.637000000000000455e+01
8.576959000000000000e+09,-9.565000000000000568e+01
8.576959200000000000e+09,-9.532999999999999829e+01
8.576959400000000000e+09,-9.578000000000000114e+01
8.576959600000000000e+09,-9.587000000000000455e+01
8.576959800000000000e+09,-9.632999999999999829e+01
8.576960000000000000e+09,-9.540999999999999659e+01
8.576960200000000000e+09,-9.603000000000000114e+01
8.576960400000000000e+09,-9.692000000000000171e+01
8.576960600000000000e+09,-9.668999999999999773e+01
8.576960800000000000e+09,-9.587000000000000455e+01
8.576961000000000000e+09,-9.615000000000000568e+01
8.576961200000000000e+09,-9.574000000000000909e+01
8.576961400000000000e+09,-9.673000000000000398e+01
8.576961600000000000e+09,-9.696000000000000796e+01
8.576961800000000000e+09,-9.629999999999999716e+01
8.576962000000000000e+09,-9.604999999999999716e+01
8.576962200000000000e+09,-9.593999999999999773e+01
8.576962400000000000e+09,-9.579999999999999716e+01
8.576962600000000000e+09,-9.534000000000000341e+01
8.576962800000000000e+09,-9.621000000000000796e+01
8.576963000000000000e+09,-9.625000000000000000e+01
8.576963200000000000e+09,-9.626000000000000512e+01
8.576963400000000000e+09,-9.725000000000000000e+01
8.576963600000000000e+09,-9.701000000000000512e+01
8.576963800000000000e+09,-9.685999999999999943e+01
8.576964000000000000e+09,-9.718999999999999773e+01
8.576964200000000000e+09,-9.699000000000000909e+01
8.576964400000000000e+09,-9.670000000000000284e+01
8.576964600000000000e+09,-9.732999999999999829e+01
8.576964800000000000e+09,-9.681000000000000227e+01
8.576965000000000000e+09,-9.604999999999999716e+01
8.576965200000000000e+09,-9.670000000000000284e+01
8.576965400000000000e+09,-9.634000000000000341e+01
8.576965600000000000e+09,-9.685999999999999943e+01
8.576965800000000000e+09,-9.662999999999999545e+01
8.576966000000000000e+09,-9.675000000000000000e+01
8.576966200000000000e+09,-9.704999999999999716e+01
8.576966400000000000e+09,-9.596999999999999886e+01
8.576966600000000000e+09,-9.568999999999999773e+01
8.576966800000000000e+09,-9.615999999999999659e+01
8.576967000000000000e+09,-9.625000000000000000e+01
8.576967200000000000e+09,-9.696000000000000796e+01
8.576967400000000000e+09,-9.632999999999999829e+01
8.576967600000000000e+09,-9.546999999999999886e+01
8.576967800000000000e+09,-9.601999999999999602e+01
8.576968000000000000e+09,-9.679000000000000625e+01
8.576968200000000000e+09,-9.726999999999999602e+01
8.576968400000000000e+09,-9.675000000000000000e+01
8.576968600000000000e+09,-9.618000000000000682e+01
8.576968800000000000e+09,-9.615000000000000568e+01
8.576969000000000000e+09,-9.624000000000000909e+01
8.576969200000000000e+09,-9.607999999999999829e+01
8.576969400000000000e+09,-9.632999999999999829e+01
8.576969600000000000e+09,-9.662999999999999545e+01
8.576969800000000000e+09,-9.665000000000000568e+01
8.576970000000000000e+09,-9.657000000000000739e+01
8.576970200000000000e+09,-9.685999999999999943e+01
8.576970400000000000e+09,-9.651999999999999602e+01
8.576970600000000000e+09,-9.775000000000000000e+01
8.576970800000000000e+09,-9.628000000000000114e+01
8.576971000000000000e+09,-9.624000000000000909e+01
8.576971200000000000e+09,-9.546000000000000796e+01
8.576971400000000000e+09,-9.574000000000000909e+01
8.576971600000000000e+09,-9.571999999999999886e+01
8.576971800000000000e+09,-9.651000000000000512e+01
8.576972000000000000e+09,-9.653000000000000114e+01
8.576972200000000000e+09,-9.646000000000000796e+01
8.576972400000000000e+09,-9.737000000000000455e+01
8.576972600000000000e+09,-9.651000000000000512e+01
8.576972800000000000e+09,-9.648000000000000398e+01
8.576973000000000000e+09,-9.646000000000000796e+01
8.576973200000000000e+09,-9.632999999999999829e+01
8.576973400000000000e+09,-9.635000000000000853e+01
8.576973600000000000e+09,-9.598000000000000398e+01
8.576973800000000000e+09,-9.503000000000000114e+01
8.576974000000000000e+09,-9.603000000000000114e+01
8.576974200000000000e+09,-9.628000000000000114e+01
8.576974400000000000e+09,-9.587000000000000455e+01
8.576974600000000000e+09,-9.607000000000000739e+01
8.576974800000000000e+09,-9.651000000000000512e+01
8.576975000000000000e+09,-9.643000000000000682e+01
8.576975200000000000e+09,-9.634000000000000341e+01
8.576975400000000000e+09,-9.643999999999999773e+01
8.576975600000000000e+09,-9.629000000000000625e+01
8.576975800000000000e+09,-9.706000000000000227e+01
8.576976000000000000e+09,-9.665999999999999659e+01
8.576976200000000000e+09,-9.679000000000000625e+01
8.576976400000000000e+09,-9.643999999999999773e+01
8.576976600000000000e+09,-9.610000000000000853e+01
8.576976800000000000e+09,-9.604999999999999716e+01
8.576977000000000000e+09,-9.579999999999999716e+01
8.576977200000000000e+09,-9.598000000000000398e+01
8.576977400000000000e+09,-9.582000000000000739e+01
8.576977600000000000e+09,-9.656000000000000227e+01
8.576977800000000000e+09,-9.618999999999999773e+01
8.576978000000000000e+09,-9.648000000000000398e+01
8.576978200000000000e+09,-9.607999999999999829e+01
8.576978400000000000e+09,-9.696000000000000796e+01
8.576978600000000000e+09,-9.654999999999999716e+01
8.576978800000000000e+09,-9.632999999999999829e+01
8.576979000000000000e+09,-9.649000000000000909e+01
8.576979200000000000e+09,-9.637000000000000455e+01
8.576979400000000000e+09,-9.654999999999999716e+01
8.576979600000000000e+09,-9.646000000000000796e+01
8.576979800000000000e+09,-9.665000000000000568e+01
8.576980000000000000e+09,-9.634000000000000341e+01
8.576980200000000000e+09,-9.587000000000000455e+01
8.576980400000000000e+09,-9.574000000000000909e+01
8.576980600000000000e+09,-9.651000000000000512e+01
8.576980800000000000e+09,-9.654999999999999716e+01
8.576981000000000000e+09,-9.604000000000000625e+01
8.576981200000000000e+09,-9.459000000000000341e+01
8.576981400000000000e+09,-9.440000000000000568e+01
8.576981600000000000e+09,-9.437000000000000455e+01
8.576981800000000000e+09,-9.432999999999999829e+01
8.576982000000000000e+09,-9.560999999999999943e+01
8.576982200000000000e+09,-9.526000000000000512e+01
8.576982400000000000e+09,-9.603000000000000114e+01
8.576982600000000000e+09,-9.518999999999999773e+01
8.576982800000000000e+09,-9.510000000000000853e+01
8.576983000000000000e+09,-9.476000000000000512e+01
8.576983200000000000e+09,-9.599000000000000909e+01
8.576983400000000000e+09,-9.567000000000000171e+01
8.576983600000000000e+09,-9.571000000000000796e+01
8.576983800000000000e+09,-9.529000000000000625e+01
8.576984000000000000e+09,-9.559000000000000341e+01
8.576984200000000000e+09,-9.679000000000000625e+01
8.576984400000000000e+09,-9.607999999999999829e+01
8.576984600000000000e+09,-9.621000000000000796e+01
8.576984800000000000e+09,-9.668000000000000682e+01
8.576985000000000000e+09,-9.651000000000000512e+01
8.576985200000000000e+09,-9.625000000000000000e+01
8.576985400000000000e+09,-9.587000000000000455e+01
8.576985600000000000e+09,-9.685000000000000853e+01
8.576985800000000000e+09,-9.650000000000000000e+01
8.576986000000000000e+09,-9.692000000000000171e+01
8.576986200000000000e+09,-9.737000000000000455e+01
8.576986400000000000e+09,-9.665999999999999659e+01
8.576986600000000000e+09,-9.698000000000000398e+01
8.576986800000000000e+09,-9.701000000000000512e+01
8.576987000000000000e+09,-9.634000000000000341e+01
8.576987200000000000e+09,-9.650000000000000000e+01
8.576987400000000000e+09,-9.660999999999999943e+01
8.576987600000000000e+09,-9.679000000000000625e+01
8.576987800000000000e+09,-9.635999999999999943e+01
8.576988000000000000e+09,-9.668999999999999773e+01
8.576988200000000000e+09,-9.659000000000000341e+01
8.576988400000000000e+09,-9.704000000000000625e+01
8.576988600000000000e+09,-9.675000000000000000e+01
8.576988800000000000e+09,-9.692000000000000171e+01
8.576989000000000000e+09,-9.668999999999999773e+01
8.576989200000000000e+09,-9.659000000000000341e+01
8.576989400000000000e+09,-9.660000000000000853e+01
8.576989600000000000e+09,-9.693000000000000682e+01
8.576989800000000000e+09,-9.701000000000000512e+01
8.576990000000000000e+09,-9.604999999999999716e+01
8.576990200000000000e+09,-9.601000000000000512e+01
8.576990400000000000e+09,-9.657999999999999829e+01
8.576990600000000000e+09,-9.579999999999999716e+01
8.576990800000000000e+09,-9.610999999999999943e+01
8.576991000000000000e+09,-9.668999999999999773e+01
8.576991200000000000e+09,-9.643999999999999773e+01
8.576991400000000000e+09,-9.557999999999999829e+01
8.576991600000000000e+09,-9.574000000000000909e+01
8.576991800000000000e+09,-9.590000000000000568e+01
8.576992000000000000e+09,-9.626999999999999602e+01
8.576992200000000000e+09,-9.679000000000000625e+01
8.576992400000000000e+09,-9.579999999999999716e+01
8.576992600000000000e+09,-9.571000000000000796e+01
8.576992800000000000e+09,-9.570000000000000284e+01
8.576993000000000000e+09,-9.634000000000000341e+01
8.576993200000000000e+09,-9.668999999999999773e+01
8.576993400000000000e+09,-9.642000000000000171e+01
8.576993600000000000e+09,-9.571000000000000796e+01
8.576993800000000000e+09,-9.595000000000000284e+01
8.576994000000000000e+09,-9.554999999999999716e+01
8.576994200000000000e+09,-9.565000000000000568e+01
8.576994400000000000e+09,-9.617000000000000171e+01
8.576994600000000000e+09,-9.604999999999999716e+01
8.576994800000000000e+09,-9.571000000000000796e+01
8.576995000000000000e+09,-9.582000000000000739e+01
8.576995200000000000e+09,-9.621000000000000796e+01
8.576995400000000000e+09,-9.593999999999999773e+01
8.576995600000000000e+09,-9.646000000000000796e+01
8.576995800000000000e+09,-9.631000000000000227e+01
8.576996000000000000e+09,-9.675000000000000000e+01
8.576996200000000000e+09,-9.660999999999999943e+01
8.576996400000000000e+09,-9.712999999999999545e+01
8.576996600000000000e+09,-9.626999999999999602e+01
8.576996800000000000e+09,-9.557999999999999829e+01
8.576997000000000000e+09,-9.601000000000000512e+01
8.576997200000000000e+09,-9.632999999999999829e+01
8.576997400000000000e+09,-9.570000000000000284e+01
8.576997600000000000e+09,-9.612999999999999545e+01
8.576997800000000000e+09,-9.615999999999999659e+01
8.576998000000000000e+09,-9.662000000000000455e+01
8.576998200000000000e+09,-9.660999999999999943e+01
8.576998400000000000e+09,-9.593000000000000682e+01
8.576998600000000000e+09,-9.651000000000000512e+01
8.576998800000000000e+09,-9.637000000000000455e+01
8.576999000000000000e+09,-9.687999999999999545e+01
8.576999200000000000e+09,-9.668999999999999773e+01
8.576999400000000000e+09,-9.629000000000000625e+01
8.576999600000000000e+09,-9.593999999999999773e+01
8.576999800000000000e+09,-9.660000000000000853e+01
8.577000000000000000e+09,-9.506000000000000227e+01
8.577000200000000000e+09,-9.489000000000000057e+01
8.577000400000000000e+09,-9.648000000000000398e+01
8.577000600000000000e+09,-9.709000000000000341e+01
8.577000800000000000e+09,-9.665999999999999659e+01
8.577001000000000000e+09,-9.657000000000000739e+01
8.577001200000000000e+09,-9.601999999999999602e+01
8.577001400000000000e+09,-9.557999999999999829e+01
8.577001600000000000e+09,-9.579000000000000625e+01
8.577001800000000000e+09,-9.601999999999999602e+01
8.577002000000000000e+09,-9.571000000000000796e+01
8.577002200000000000e+09,-9.512999999999999545e+01
8.577002400000000000e+09,-9.518000000000000682e+01
8.577002600000000000e+09,-9.565999999999999659e+01
8.577002800000000000e+09,-9.523000000000000398e+01
8.577003000000000000e+09,-9.518999999999999773e+01
8.577003200000000000e+09,-9.484000000000000341e+01
8.577003400000000000e+09,-9.407999999999999829e+01
8.577003600000000000e+09,-9.282000000000000739e+01
8.577003800000000000e+09,-9.165000000000000568e+01
8.577004000000000000e+09,-8.985000000000000853e+01
8.577004200000000000e+09,-8.823999999999999488e+01
8.577004400000000000e+09,-8.648000000000000398e+01
8.577004600000000000e+09,-8.446999999999999886e+01
8.577004800000000000e+09,-8.232999999999999829e+01
8.577005000000000000e+09,-8.042000000000000171e+01
8.577005200000000000e+09,-7.817000000000000171e+01
8.577005400000000000e+09,-7.592000000000000171e+01
8.577005600000000000e+09,-7.367000000000000171e+01
8.577005800000000000e+09,-7.107999999999999829e+01
8.577006000000000000e+09,-6.857000000000000739e+01
8.577006200000000000e+09,-6.600000000000000000e+01
8.577006400000000000e+09,-6.327000000000000313e+01
8.577006600000000000e+09,-6.048000000000000398e+01
8.577006800000000000e+09,-5.753000000000000114e+01
8.577007000000000000e+09,-5.460999999999999943e+01
8.577007200000000000e+09,-5.150999999999999801e+01
8.577007400000000000e+09,-4.834000000000000341e+01
8.577007600000000000e+09,-4.536999999999999744e+01
8.577007800000000000e+09,-4.260000000000000142e+01
8.577008000000000000e+09,-4.005000000000000426e+01
8.577008200000000000e+09,-3.802000000000000313e+01
8.577008400000000000e+09,-3.670000000000000284e+01
8.577008600000000000e+09,-3.617000000000000171e+01
8.577008800000000000e+09,-3.582999999999999829e+01
8.577009000000000000e+09,-3.616000000000000369e+01
8.577009200000000000e+09,-3.736999999999999744e+01
8.577009400000000000e+09,-3.889999999999999858e+01
8.577009600000000000e+09,-4.085000000000000142e+01
8.577009800000000000e+09,-4.342000000000000171e+01
8.577010000000000000e+09,-4.628999999999999915e+01
8.577010200000000000e+09,-4.939999999999999858e+01
8.577010400000000000e+09,-5.263000000000000256e+01
8.577010600000000000e+09,-5.580000000000000426e+01
8.577010800000000000e+09,-5.877000000000000313e+01
8.577011000000000000e+09,-6.180000000000000426e+01
8.577011200000000000e+09,-6.478000000000000114e+01
8.577011400000000000e+09,-6.756000000000000227e+01
8.577011600000000000e+09,-7.025000000000000000e+01
8.577011800000000000e+09,-7.285999999999999943e+01
8.577012000000000000e+09,-7.529999999999999716e+01
8.577012200000000000e+09,-7.771999999999999886e+01
8.577012400000000000e+09,-7.984000000000000341e+01
8.577012600000000000e+09,-8.198000000000000398e+01
8.577012800000000000e+09,-8.423000000000000398e+01
8.577013000000000000e+09,-8.635999999999999943e+01
8.577013200000000000e+09,-8.829999999999999716e+01
8.577013400000000000e+09,-9.007999999999999829e+01
8.577013600000000000e+09,-9.176999999999999602e+01
8.577013800000000000e+09,-9.304999999999999716e+01
8.577014000000000000e+09,-9.340999999999999659e+01
8.577014200000000000e+09,-9.476999999999999602e+01
8.577014400000000000e+09,-9.475000000000000000e+01
8.577014600000000000e+09,-9.428000000000000114e+01
8.577014800000000000e+09,-9.442000000000000171e+01
8.577015000000000000e+09,-9.537000000000000455e+01
8.577015200000000000e+09,-9.554000000000000625e+01
8.577015400000000000e+09,-9.565999999999999659e+01
8.577015600000000000e+09,-9.607999999999999829e+01
8.577015800000000000e+09,-9.568999999999999773e+01
8.577016000000000000e+09,-9.687000000000000455e+01
8.577016200000000000e+09,-9.718999999999999773e+01
8.577016400000000000e+09,-9.568999999999999773e+01
8.577016600000000000e+09,-9.542000000000000171e+01
8.577016800000000000e+09,-9.537000000000000455e+01
8.577017000000000000e+09,-9.607999999999999829e+01
8.577017200000000000e+09,-9.604999999999999716e+01
8.577017400000000000e+09,-9.596000000000000796e+01
8.577017600000000000e+09,-9.587000000000000455e+01
8.577017800000000000e+09,-9.610000000000000853e+01
8.577018000000000000e+09,-9.642000000000000171e+01
8.577018200000000000e+09,-9.610000000000000853e+01
8.577018400000000000e+09,-9.501000000000000512e+01
8.577018600000000000e+09,-9.504999999999999716e+01
8.577018800000000000e+09,-9.607999999999999829e+01
8.577019000000000000e+09,-9.646000000000000796e+01
8.577019200000000000e+09,-9.582999999999999829e+01
8.577019400000000000e+09,-9.565000000000000568e+01
8.577019600000000000e+09,-9.537000000000000455e+01
8.577019800000000000e+09,-9.667000000000000171e+01
8.577020000000000000e+09,-9.715999999999999659e+01
8.577020200000000000e+09,-9.682000000000000739e+01
8.577020400000000000e+09,-9.692000000000000171e+01
8.577020600000000000e+09,-9.653000000000000114e+01
8.577020800000000000e+09,-9.710000000000000853e+01
8.577021000000000000e+09,-9.732999999999999829e+01
8.577021200000000000e+09,-9.698000000000000398e+01
8.577021400000000000e+09,-9.710999999999999943e+01
8.577021600000000000e+09,-9.621000000000000796e+01
8.577021800000000000e+09,-9.617000000000000171e+01
8.577022000000000000e+09,-9.649000000000000909e+01
8.577022200000000000e+09,-9.612999999999999545e+01
8.577022400000000000e+09,-9.625000000000000000e+01
8.577022600000000000e+09,-9.623000000000000398e+01
8.577022800000000000e+09,-9.582999999999999829e+01
8.577023000000000000e+09,-9.618999999999999773e+01
8.577023200000000000e+09,-9.651000000000000512e+01
8.577023400000000000e+09,-9.623000000000000398e+01
8.577023600000000000e+09,-9.596999999999999886e+01
8.577023800000000000e+09,-9.662999999999999545e+01
8.577024000000000000e+09,-9.651999999999999602e+01
8.577024200000000000e+09,-9.651000000000000512e+01
8.577024400000000000e+09,-9.679000000000000625e+01
8.577024600000000000e+09,-9.703000000000000114e+01
8.577024800000000000e+09,-9.707999999999999829e+01
8.577025000000000000e+09,-9.724000000000000909e+01
8.577025200000000000e+09,-9.704999999999999716e+01
8.577025400000000000e+09,-9.582000000000000739e+01
8.577025600000000000e+09,-9.542000000000000171e+01
8.577025800000000000e+09,-9.496999999999999886e+01
8.577026000000000000e+09,-9.546000000000000796e+01
8.577026200000000000e+09,-9.598000000000000398e+01
8.577026400000000000e+09,-9.615000000000000568e+01
8.577026600000000000e+09,-9.696000000000000796e+01
8.577026800000000000e+09,-9.696000000000000796e+01
8.577027000000000000e+09,-9.674000000000000909e+01
8.577027200000000000e+09,-9.632999999999999829e+01
8.577027400000000000e+09,-9.535000000000000853e+01
8.577027600000000000e+09,-9.507999999999999829e+01
8.577027800000000000e+09,-9.674000000000000909e+01
8.577028000000000000e+09,-9.643000000000000682e+01
8.577028200000000000e+09,-9.664000000000000057e+01
8.577028400000000000e+09,-9.639000000000000057e+01
8.577028600000000000e+09,-9.629000000000000625e+01
8.577028800000000000e+09,-9.567000000000000171e+01
8.577029000000000000e+09,-9.568000000000000682e+01
8.577029200000000000e+09,-9.646000000000000796e+01
8.577029400000000000e+09,-9.626999999999999602e+01
8.577029600000000000e+09,-9.623000000000000398e+01
8.577029800000000000e+09,-9.626999999999999602e+01
8.577030000000000000e+09,-9.673000000000000398e+01
8.577030200000000000e+09,-9.576999999999999602e+01
8.577030400000000000e+09,-9.596000000000000796e+01
8.577030600000000000e+09,-9.562999999999999545e+01
8.577030800000000000e+09,-9.593000000000000682e+01
8.577031000000000000e+09,-9.590999999999999659e+01
8.577031200000000000e+09,-9.629000000000000625e+01
8.577031400000000000e+09,-9.659000000000000341e+01
8.577031600000000000e+09,-9.703000000000000114e+01
8.577031800000000000e+09,-9.684000000000000341e+01
8.577032000000000000e+09,-9.771999999999999886e+01
8.577032200000000000e+09,-9.639000000000000057e+01
8.577032400000000000e+09,-9.604000000000000625e+01
8.577032600000000000e+09,-9.510999999999999943e+01
8.577032800000000000e+09,-9.470000000000000284e+01
8.577033000000000000e+09,-9.429999999999999716e+01
8.577033200000000000e+09,-9.596000000000000796e+01
8.577033400000000000e+09,-9.498000000000000398e+01
8.577033600000000000e+09,-9.465000000000000568e+01
8.577033800000000000e+09,-9.596999999999999886e+01
8.577034000000000000e+09,-9.703000000000000114e+01
8.577034200000000000e+09,-9.682999999999999829e+01
8.577034400000000000e+09,-9.620000000000000284e+01
8.577034600000000000e+09,-9.565000000000000568e+01
8.577034800000000000e+09,-9.487000000000000455e+01
8.577035000000000000e+09,-9.371000000000000796e+01
8.577035200000000000e+09,-9.357999999999999829e+01
8.577035400000000000e+09,-9.362000000000000455e+01
8.577035600000000000e+09,-9.443000000000000682e+01
8.577035800000000000e+09,-9.387999999999999545e+01
8.577036000000000000e+09,-9.496000000000000796e+01
8.577036200000000000e+09,-9.651999999999999602e+01
8.577036400000000000e+09,-9.656000000000000227e+01
8.577036600000000000e+09,-9.579999999999999716e+01
8.577036800000000000e+09,-9.554999999999999716e+01
8.577037000000000000e+09,-9.634000000000000341e+01
8.577037200000000000e+09,-9.679999999999999716e+01
8.577037400000000000e+09,-9.610000000000000853e+01
8.577037600000000000e+09,-9.575000000000000000e+01
8.577037800000000000e+09,-9.576000000000000512e+01
8.577038000000000000e+09,-9.659000000000000341e+01
8.577038200000000000e+09,-9.651999999999999602e+01
8.577038400000000000e+09,-9.657999999999999829e+01
8.577038600000000000e+09,-9.629000000000000625e+01
8.577038800000000000e+09,-9.614000000000000057e+01
8.577039000000000000e+09,-9.571999999999999886e+01
8.577039200000000000e+09,-9.554999999999999716e+01
8.577039400000000000e+09,-9.518999999999999773e+01
8.577039600000000000e+09,-9.498000000000000398e+01
8.577039800000000000e+09,-9.467000000000000171e+01
8.577040000000000000e+09,-9.634000000000000341e+01
8.577040200000000000e+09,-9.668999999999999773e+01
8.577040400000000000e+09,-9.659000000000000341e+01
8.577040600000000000e+09,-9.654999999999999716e+01
8.577040800000000000e+09,-9.679000000000000625e+01
8.577041000000000000e+09,-9.701000000000000512e+01
8.577041200000000000e+09,-9.654999999999999716e+01
8.577041400000000000e+09,-9.575000000000000000e+01
8.577041600000000000e+09,-9.573000000000000398e+01
8.577041800000000000e+09,-9.637000000000000455e+01
8.577042000000000000e+09,-9.554999999999999716e+01
8.577042200000000000e+09,-9.543999999999999773e+01
8.577042400000000000e+09,-9.699000000000000909e+01
8.577042600000000000e+09,-9.607999999999999829e+01
8.577042800000000000e+09,-9.635000000000000853e+01
8.577043000000000000e+09,-9.640000000000000568e+01
8.577043200000000000e+09,-9.664000000000000057e+01
8.577043400000000000e+09,-9.554999999999999716e+01
8.577043600000000000e+09,-9.560000000000000853e+01
8.577043800000000000e+09,-9.550000000000000000e+01
8.577044000000000000e+09,-9.590000000000000568e+01
8.577044200000000000e+09,-9.651000000000000512e+01
8.577044400000000000e+09,-9.537000000000000455e+01
8.577044600000000000e+09,-9.518000000000000682e+01
8.577044800000000000e+09,-9.692000000000000171e+01
8.577045000000000000e+09,-9.626999999999999602e+01
8.577045200000000000e+09,-9.523999999999999488e+01
8.577045400000000000e+09,-9.582999999999999829e+01
8.577045600000000000e+09,-9.525000000000000000e+01
8.577045800000000000e+09,-9.540000000000000568e+01
8.577046000000000000e+09,-9.615000000000000568e+01
8.577046200000000000e+09,-9.653000000000000114e+01
8.577046400000000000e+09,-9.646000000000000796e+01
8.577046600000000000e+09,-9.604000000000000625e+01
8.577046800000000000e+09,-9.587000000000000455e+01
8.577047000000000000e+09,-9.729000000000000625e+01
8.577047200000000000e+09,-9.771999999999999886e+01
8.577047400000000000e+09,-9.660000000000000853e+01
8.577047600000000000e+09,-9.682999999999999829e+01
8.577047800000000000e+09,-9.601000000000000512e+01
8.577048000000000000e+09,-9.617000000000000171e+01
8.577048200000000000e+09,-9.612999999999999545e+01
8.577048400000000000e+09,-9.518999999999999773e+01
8.577048600000000000e+09,-9.510000000000000853e+01
8.577048800000000000e+09,-9.565999999999999659e+01
8.577049000000000000e+09,-9.715999999999999659e+01
8.577049200000000000e+09,-9.676000000000000512e+01
8.577049400000000000e+09,-9.618000000000000682e+01
8.577049600000000000e+09,-9.620000000000000284e+01
8.577049800000000000e+09,-9.718999999999999773e+01
8.577050000000000000e+09,-9.640000000000000568e+01
1.048295000000000000e+10,-9.543999999999999773e+01
1.048295020000000000e+10,-9.514000000000000057e+01
1.048295040000000000e+10,-9.653000000000000114e+01
1.048295060000000000e+10,-9.654999999999999716e+01
1.048295080000000000e+10,-9.567000000000000171e+01
1.048295100000000000e+10,-9.537999999999999545e+01
1.048295120000000000e+10,-9.498000000000000398e+01
1.048295140000000000e+10,-9.676999999999999602e+01
1.048295160000000000e+10,-9.632000000000000739e+01
1.048295180000000000e+10,-9.535000000000000853e+01
1.048295200000000000e+10,-9.612999999999999545e+01
1.048295220000000000e+10,-9.681000000000000227e+01
1.048295240000000000e+10,-9.571000000000000796e+01
1.048295260000000000e+10,-9.493999999999999773e+01
1.048295280000000000e+10,-9.478000000000000114e+01
1.048295300000000000e+10,-9.479999999999999716e+01
1.048295320000000000e+10,-9.531000000000000227e+01
1.048295340000000000e+10,-9.492000000000000171e+01
1.048295360000000000e+10,-9.567000000000000171e+01
1.048295380000000000e+10,-9.553000000000000114e+01
1.048295400000000000e+10,-9.593999999999999773e+01
1.048295420000000000e+10,-9.628000000000000114e+01
1.048295440000000000e+10,-9.493000000000000682e+01
1.048295460000000000e+10,-9.473000000000000398e+01
1.048295480000000000e+10,-9.537999999999999545e+01
1.048295500000000000e+10,-9.535000000000000853e+01
1.048295520000000000e+10,-9.475000000000000000e+01
1.048295540000000000e+10,-9.557999999999999829e+01
1.048295560000000000e+10,-9.462999999999999545e+01
1.048295580000000000e+10,-9.475000000000000000e+01
1.048295600000000000e+10,-9.439000000000000057e+01
1.048295620000000000e+10,-9.451000000000000512e+01
1.048295640000000000e+10,-9.460000000000000853e+01
1.048295660000000000e+10,-9.542000000000000171e+01
1.048295680000000000e+10,-9.535000000000000853e+01
1.048295700000000000e+10,-9.532000000000000739e+01
1.048295720000000000e+10,-9.593999999999999773e+01
1.048295740000000000e+10,-9.629999999999999716e+01
1.048295760000000000e+10,-9.515999999999999659e+01
1.048295780000000000e+10,-9.568000000000000682e+01
1.048295800000000000e+10,-9.690000000000000568e+01
1.048295820000000000e+10,-9.376000000000000512e+01
1.048295840000000000e+10,-9.310000000000000853e+01
1.048295860000000000e+10,-9.448000000000000398e+01
1.048295880000000000e+10,-9.379000000000000625e+01
1.048295900000000000e+10,-9.425000000000000000e+01
1.048295920000000000e+10,-9.459000000000000341e+01
1.048295940000000000e+10,-9.567000000000000171e+01
1.048295960000000000e+10,-9.307000000000000739e+01
1.048295980000000000e+10,-9.268999999999999773e+01
1.048296000000000000e+10,-9.351999999999999602e+01
1.048296020000000000e+10,-9.421999999999999886e+01
1.048296040000000000e+10,-9.482999999999999829e+01
1.048296060000000000e+10,-9.503000000000000114e+01
1.048296080000000000e+10,-9.393999999999999773e+01
1.048296100000000000e+10,-9.490000000000000568e+01
1.048296120000000000e+10,-9.450000000000000000e+01
1.048296140000000000e+10,-9.562000000000000455e+01
1.048296160000000000e+10,-9.548000000000000398e+01
1.048296180000000000e+10,-9.548000000000000398e+01
1.048296200000000000e+10,-9.532999999999999829e+01
1.048296220000000000e+10,-9.479999999999999716e+01
1.048296240000000000e+10,-9.367000000000000171e+01
1.048296260000000000e+10,-9.468999999999999773e+01
1.048296280000000000e+10,-9.493999999999999773e+01
1.048296300000000000e+10,-9.354000000000000625e+01
1.048296320000000000e+10,-9.396999999999999886e+01
1.048296340000000000e+10,-9.390000000000000568e+01
1.048296360000000000e+10,-9.432999999999999829e+01
1.048296380000000000e+10,-9.301000000000000512e+01
1.048296400000000000e+10,-9.226000000000000512e+01
1.048296420000000000e+10,-9.273999999999999488e+01
1.048296440000000000e+10,-9.401999999999999602e+01
1.048296460000000000e+10,-9.454999999999999716e+01
1.048296480000000000e+10,-9.439000000000000057e+01
1.048296500000000000e+10,-9.326999999999999602e+01
1.048296520000000000e+10,-9.237000000000000455e+01
1.048296540000000000e+10,-9.318000000000000682e+01
1.048296560000000000e+10,-9.354999999999999716e+01
1.048296580000000000e+10,-9.493000000000000682e+01
1.048296600000000000e+10,-9.425000000000000000e+01
1.048296620000000000e+10,-9.381000000000000227e+01
1.048296640000000000e+10,-9.446000000000000796e+01
1.048296660000000000e+10,-9.476000000000000512e+01
1.048296680000000000e+10,-9.607999999999999829e+01
1.048296700000000000e+10,-9.462000000000000455e+01
1.048296720000000000e+10,-9.429999999999999716e+01
1.048296740000000000e+10,-9.509000000000000341e+01
1.048296760000000000e+10,-9.379000000000000625e+01
1.048296780000000000e+10,-9.343000000000000682e+01
1.048296800000000000e+10,-9.510999999999999943e+01
1.048296820000000000e+10,-9.496999999999999886e+01
1.048296840000000000e+10,-9.340999999999999659e+01
1.048296860000000000e+10,-9.482000000000000739e+01
1.048296880000000000e+10,-9.579000000000000625e+01
1.048296900000000000e+10,-9.521000000000000796e+01
1.048296920000000000e+10,-9.520000000000000284e+01
1.048296940000000000e+10,-9.540000000000000568e+01
1.048296960000000000e+10,-9.345000000000000284e+01
1.048296980000000000e+10,-9.206000000000000227e+01
1.048297000000000000e+10,-9.167000000000000171e+01
1.048297020000000000e+10,-9.340999999999999659e+01
1.048297040000000000e+10,-9.485000000000000853e+01
1.048297060000000000e+10,-9.507000000000000739e+01
1.048297080000000000e+10,-9.532000000000000739e+01
1.048297100000000000e+10,-9.340999999999999659e+01
1.048297120000000000e+10,-9.351999999999999602e+01
1.048297140000000000e+10,-9.467000000000000171e+01
1.048297160000000000e+10,-9.496000000000000796e+01
1.048297180000000000e+10,-9.487999999999999545e+01
1.048297200000000000e+10,-9.409000000000000341e+01
1.048297220000000000e+10,-9.321000000000000796e+01
1.048297240000000000e+10,-9.296999999999999886e+01
1.048297260000000000e+10,-9.360000000000000853e+01
1.048297280000000000e+10,-9.315000000000000568e+01
1.048297300000000000e+10,-9.332000000000000739e+01
1.048297320000000000e+10,-9.490000000000000568e+01
1.048297340000000000e+10,-9.609000000000000341e+01
1.048297360000000000e+10,-9.565000000000000568e+01
1.048297380000000000e+10,-9.599000000000000909e+01
1.048297400000000000e+10,-9.554000000000000625e+01
1.048297420000000000e+10,-9.335000000000000853e+01
1.048297440000000000e+10,-9.393999999999999773e+01
1.048297460000000000e+10,-9.312000000000000455e+01
1.048297480000000000e+10,-9.348999999999999488e+01
1.048297500000000000e+10,-9.415999999999999659e+01
1.048297520000000000e+10,-9.290000000000000568e+01
1.048297540000000000e+10,-9.326000000000000512e+01
1.048297560000000000e+10,-9.390000000000000568e+01
1.048297580000000000e+10,-9.460000000000000853e+01
1.048297600000000000e+10,-9.407999999999999829e+01
1.048297620000000000e+10,-9.385999999999999943e+01
1.048297640000000000e+10,-9.490000000000000568e+01
1.048297660000000000e+10,-9.450000000000000000e+01
1.048297680000000000e+10,-9.479999999999999716e+01
1.048297700000000000e+10,-9.490000000000000568e+01
1.048297720000000000e+10,-9.229000000000000625e+01
1.048297740000000000e+10,-9.193999999999999773e+01
1.048297760000000000e+10,-9.343999999999999773e+01
1.048297780000000000e+10,-9.251999999999999602e+01
1.048297800000000000e+10,-9.343000000000000682e+01
1.048297820000000000e+10,-9.415999999999999659e+01
1.048297840000000000e+10,-9.418000000000000682e+01
1.048297860000000000e+10,-9.460000000000000853e+01
1.048297880000000000e+10,-9.421999999999999886e+01
1.048297900000000000e+10,-9.448999999999999488e+01
1.048297920000000000e+10,-9.385000000000000853e+01
1.048297940000000000e+10,-9.464000000000000057e+01
1.048297960000000000e+10,-9.532999999999999829e+01
1.048297980000000000e+10,-9.315000000000000568e+01
1.048298000000000000e+10,-9.370000000000000284e+01
1.048298020000000000e+10,-9.537999999999999545e+01
1.048298040000000000e+10,-9.528000000000000114e+01
1.048298060000000000e+10,-9.510000000000000853e+01
1.048298080000000000e+10,-9.362999999999999545e+01
1.048298100000000000e+10,-9.318999999999999773e+01
1.048298120000000000e+10,-9.364000000000000057e+01
1.048298140000000000e+10,-9.459000000000000341e+01
1.048298160000000000e+10,-9.460000000000000853e+01
1.048298180000000000e+10,-9.557000000000000739e+01
1.048298200000000000e+10,-9.518999999999999773e+01
1.048298220000000000e+10,-9.498999999999999488e+01
1.048298240000000000e+10,-9.460000000000000853e+01
1.048298260000000000e+10,-9.504000000000000625e+01
1.048298280000000000e+10,-9.501999999999999602e+01
1.048298300000000000e+10,-9.471000000000000796e+01
1.048298320000000000e+10,-9.354000000000000625e+01
1.048298340000000000e+10,-9.307000000000000739e+01
1.048298360000000000e+10,-9.414000000000000057e+01
1.048298380000000000e+10,-9.512999999999999545e+01
1.048298400000000000e+10,-9.479999999999999716e+01
1.048298420000000000e+10,-9.532999999999999829e+01
1.048298440000000000e+10,-9.456000000000000227e+01
1.048298460000000000e+10,-9.340999999999999659e+01
1.048298480000000000e+10,-9.310000000000000853e+01
1.048298500000000000e+10,-9.351999999999999602e+01
1.048298520000000000e+10,-9.390000000000000568e+01
1.048298540000000000e+10,-9.254000000000000625e+01
1.048298560000000000e+10,-9.296000000000000796e+01
1.048298580000000000e+10,-9.287999999999999545e+01
1.048298600000000000e+10,-9.475000000000000000e+01
1.048298620000000000e+10,-9.395000000000000284e+01
1.048298640000000000e+10,-9.212000000000000455e+01
1.048298660000000000e+10,-9.301999999999999602e+01
1.048298680000000000e+10,-9.412000000000000455e+01
1.048298700000000000e+10,-9.404999999999999716e+01
1.048298720000000000e+10,-9.296999999999999886e+01
1.048298740000000000e+10,-9.301999999999999602e+01
1.048298760000000000e+10,-9.462999999999999545e+01
1.048298780000000000e+10,-9.475000000000000000e+01
1.048298800000000000e+10,-9.585000000000000853e+01
1.048298820000000000e+10,-9.454999999999999716e+01
1.048298840000000000e+10,-9.387000000000000455e+01
1.048298860000000000e+10,-9.426000000000000512e+01
1.048298880000000000e+10,-9.384000000000000341e+01
1.048298900000000000e+10,-9.398000000000000398e+01
1.048298920000000000e+10,-9.323999999999999488e+01
1.048298940000000000e+10,-9.429999999999999716e+01
1.048298960000000000e+10,-9.310999999999999943e+01
1.048298980000000000e+10,-9.379000000000000625e+01
1.048299000000000000e+10,-9.360999999999999943e+01
1.048299020000000000e+10,-9.328000000000000114e+01
1.048299040000000000e+10,-9.284000000000000341e+01
1.048299060000000000e+10,-9.476999999999999602e+01
1.048299080000000000e+10,-9.409000000000000341e+01
1.048299100000000000e+10,-9.507999999999999829e+01
1.048299120000000000e+10,-9.420000000000000284e+01
1.048299140000000000e+10,-9.498999999999999488e+01
1.048299160000000000e+10,-9.528000000000000114e+01
1.048299180000000000e+10,-9.410999999999999943e+01
1.048299200000000000e+10,-9.340999999999999659e+01
1.048299220000000000e+10,-9.334000000000000341e+01
1.048299240000000000e+10,-9.498999999999999488e+01
1.048299260000000000e+10,-9.420000000000000284e+01
1.048299280000000000e+10,-9.275000000000000000e+01
1.048299300000000000e+10,-9.260000000000000853e+01
1.048299320000000000e+10,-9.373999999999999488e+01
1.048299340000000000e+10,-9.395000000000000284e+01
1.048299360000000000e+10,-9.457000000000000739e+01
1.048299380000000000e+10,-9.428000000000000114e+01
1.048299400000000000e+10,-9.368999999999999773e+01
1.048299420000000000e+10,-9.415000000000000568e+01
1.048299440000000000e+10,-9.345000000000000284e+01
1.048299460000000000e+10,-9.304999999999999716e+01
1.048299480000000000e+10,-9.410000000000000853e+01
1.048299500000000000e+10,-9.343000000000000682e+01
1.048299520000000000e+10,-9.371000000000000796e+01
1.048299540000000000e+10,-9.548999999999999488e+01
1.048299560000000000e+10,-9.551999999999999602e+01
1.048299580000000000e+10,-9.562999999999999545e+01
1.048299600000000000e+10,-9.425000000000000000e+01
1.048299620000000000e+10,-9.454999999999999716e+01
1.048299640000000000e+10,-9.379000000000000625e+01
1.048299660000000000e+10,-9.337999999999999545e+01
1.048299680000000000e+10,-9.371999999999999886e+01
1.048299700000000000e+10,-9.450000000000000000e+01
1.048299720000000000e+10,-9.375000000000000000e+01
1.048299740000000000e+10,-9.315000000000000568e+01
1.048299760000000000e+10,-9.317000000000000171e+01
1.048299780000000000e+10,-9.350000000000000000e+01
1.048299800000000000e+10,-9.312999999999999545e+01
1.048299820000000000e+10,-9.265000000000000568e+01
1.048299840000000000e+10,-9.293999999999999773e+01
1.048299860000000000e+10,-9.465000000000000568e+01
1.048299880000000000e+10,-9.350000000000000000e+01
1.048299900000000000e+10,-9.401999999999999602e+01
1.048299920000000000e+10,-9.281000000000000227e+01
1.048299940000000000e+10,-9.385000000000000853e+01
1.048299960000000000e+10,-9.320000000000000284e+01
1.048299980000000000e+10,-9.276999999999999602e+01
1.048300000000000000e+10,-9.406000000000000227e+01
1.048300020000000000e+10,-9.384000000000000341e+01
1.048300040000000000e+10,-9.351999999999999602e+01
1.048300060000000000e+10,-9.468999999999999773e+01
1.048300080000000000e+10,-9.500000000000000000e+01
1.048300100000000000e+10,-9.309000000000000341e+01
1.048300120000000000e+10,-9.337999999999999545e+01
1.048300140000000000e+10,-9.289000000000000057e+01
1.048300160000000000e+10,-9.315999999999999659e+01
1.048300180000000000e+10,-9.301999999999999602e+01
1.048300200000000000e+10,-9.429000000000000625e+01
1.048300220000000000e+10,-9.390000000000000568e+01
1.048300240000000000e+10,-9.309000000000000341e+01
1.048300260000000000e+10,-9.234000000000000341e+01
1.048300280000000000e+10,-9.268000000000000682e+01
1.048300300000000000e+10,-9.237000000000000455e+01
1.048300320000000000e+10,-9.290999999999999659e+01
1.048300340000000000e+10,-9.273999999999999488e+01
1.048300360000000000e+10,-9.153000000000000114e+01
1.048300380000000000e+10,-9.087999999999999545e+01
1.048300400000000000e+10,-9.039000000000000057e+01
1.048300420000000000e+10,-8.960000000000000853e+01
1.048300440000000000e+10,-8.865000000000000568e+01
1.048300460000000000e+10,-8.737000000000000455e+01
1.048300480000000000e+10,-8.564000000000000057e+01
1.048300500000000000e+10,-8.421000000000000796e+01
1.048300520000000000e+10,-8.273999999999999488e+01
1.048300540000000000e+10,-8.106000000000000227e+01
1.048300560000000000e+10,-7.940999999999999659e+01
1.048300580000000000e+10,-7.762000000000000455e+01
1.048300600000000000e+10,-7.584000000000000341e+01
1.048300620000000000e+10,-7.385000000000000853e+01
1.048300640000000000e+10,-7.196000000000000796e+01
1.048300660000000000e+10,-6.996999999999999886e+01
1.048300680000000000e+10,-6.778000000000000114e+01
1.048300700000000000e+10,-6.568000000000000682e+01
1.048300720000000000e+10,-6.344000000000000483e+01
1.048300740000000000e+10,-6.100000000000000000e+01
1.048300760000000000e+10,-5.850999999999999801e+01
1.048300780000000000e+10,-5.591000000000000369e+01
1.048300800000000000e+10,-5.314000000000000057e+01
1.048300820000000000e+10,-5.017999999999999972e+01
1.048300840000000000e+10,-4.731000000000000227e+01
1.048300860000000000e+10,-4.435000000000000142e+01
1.048300880000000000e+10,-4.116000000000000369e+01
1.048300900000000000e+10,-3.810999999999999943e+01
1.048300920000000000e+10,-3.517000000000000171e+01
1.048300940000000000e+10,-3.234000000000000341e+01
1.048300960000000000e+10,-2.985000000000000142e+01
1.048300980000000000e+10,-2.769000000000000128e+01
1.048301000000000000e+10,-2.619999999999999929e+01
1.048301020000000000e+10,-2.551000000000000156e+01
1.048301040000000000e+10,-2.519000000000000128e+01
1.048301060000000000e+10,-2.539000000000000057e+01
1.048301080000000000e+10,-2.642000000000000171e+01
1.048301100000000000e+10,-2.776000000000000156e+01
1.048301120000000000e+10,-2.946999999999999886e+01
1.048301140000000000e+10,-3.180000000000000071e+01
1.048301160000000000e+10,-3.457999999999999829e+01
1.048301180000000000e+10,-3.764000000000000057e+01
1.048301200000000000e+10,-4.084000000000000341e+01
1.048301220000000000e+10,-4.406000000000000227e+01
1.048301240000000000e+10,-4.721000000000000085e+01
1.048301260000000000e+10,-5.024000000000000199e+01
1.048301280000000000e+10,-5.341000000000000369e+01
1.048301300000000000e+10,-5.630000000000000426e+01
1.048301320000000000e+10,-5.889000000000000057e+01
1.048301340000000000e+10,-6.142999999999999972e+01
1.048301360000000000e+10,-6.392999999999999972e+01
1.048301380000000000e+10,-6.634999999999999432e+01
1.048301400000000000e+10,-6.865999999999999659e+01
1.048301420000000000e+10,-7.082000000000000739e+01
1.048301440000000000e+10,-7.290000000000000568e+01
1.048301460000000000e+10,-7.490000000000000568e+01
1.048301480000000000e+10,-7.685999999999999943e+01
1.048301500000000000e+10,-7.875000000000000000e+01
1.048301520000000000e+10,-8.050000000000000000e+01
1.048301540000000000e+10,-8.215000000000000568e+01
1.048301560000000000e+10,-8.375000000000000000e+01
1.048301580000000000e+10,-8.540999999999999659e+01
1.048301600000000000e+10,-8.692000000000000171e+01
1.048301620000000000e+10,-8.843000000000000682e+01
1.048301640000000000e+10,-8.893999999999999773e+01
1.048301660000000000e+10,-8.979000000000000625e+01
1.048301680000000000e+10,-9.043000000000000682e+01
1.048301700000000000e+10,-9.145000000000000284e+01
1.048301720000000000e+10,-9.134000000000000341e+01
1.048301740000000000e+10,-9.151000000000000512e+01
1.048301760000000000e+10,-9.140999999999999659e+01
1.048301780000000000e+10,-9.129999999999999716e+01
1.048301800000000000e+10,-9.221000000000000796e+01
1.048301820000000000e+10,-9.232000000000000739e+01
1.048301840000000000e+10,-9.279000000000000625e+01
1.048301860000000000e+10,-9.301999999999999602e+01
1.048301880000000000e+10,-9.382000000000000739e+01
1.048301900000000000e+10,-9.312000000000000455e+01
1.048301920000000000e+10,-9.290999999999999659e+01
1.048301940000000000e+10,-9.328000000000000114e+01
1.048301960000000000e+10,-9.257000000000000739e+01
1.048301980000000000e+10,-9.187000000000000455e+01
1.048302000000000000e+10,-9.221999999999999886e+01
1.048302020000000000e+10,-9.175000000000000000e+01
1.048302040000000000e+10,-9.251999999999999602e+01
1.048302060000000000e+10,-9.287000000000000455e+01
1.048302080000000000e+10,-9.304999999999999716e+01
1.048302100000000000e+10,-9.262999999999999545e+01
1.048302120000000000e+10,-9.225000000000000000e+01
1.048302140000000000e+10,-9.400000000000000000e+01
1.048302160000000000e+10,-9.395000000000000284e+01
1.048302180000000000e+10,-9.354999999999999716e+01
1.048302200000000000e+10,-9.385999999999999943e+01
1.048302220000000000e+10,-9.415000000000000568e+01
1.048302240000000000e+10,-9.375000000000000000e+01
1.048302260000000000e+10,-9.437999999999999545e+01
1.048302280000000000e+10,-9.435000000000000853e+01
1.048302300000000000e+10,-9.412999999999999545e+01
1.048302320000000000e+10,-9.398000000000000398e+01
1.048302340000000000e+10,-9.315000000000000568e+01
1.048302360000000000e+10,-9.312999999999999545e+01
1.048302380000000000e+10,-9.268000000000000682e+01
1.048302400000000000e+10,-9.235000000000000853e+01
1.048302420000000000e+10,-9.217000000000000171e+01
1.048302440000000000e+10,-9.271999999999999886e+01
1.048302460000000000e+10,-9.243000000000000682e+01
1.048302480000000000e+10,-9.235000000000000853e+01
1.048302500000000000e+10,-9.337999999999999545e+01
1.048302520000000000e+10,-9.362000000000000455e+01
1.048302540000000000e+10,-9.287999999999999545e+01
1.048302560000000000e+10,-9.282000000000000739e+01
1.048302580000000000e+10,-9.254000000000000625e+01
1.048302600000000000e+10,-9.440999999999999659e+01
1.048302620000000000e+10,-9.415000000000000568e+01
1.048302640000000000e+10,-9.498999999999999488e+01
1.048302660000000000e+10,-9.496999999999999886e+01
1.048302680000000000e+10,-9.400000000000000000e+01
1.048302700000000000e+10,-9.365999999999999659e+01
1.048302720000000000e+10,-9.323999999999999488e+01
1.048302740000000000e+10,-9.432999999999999829e+01
1.048302760000000000e+10,-9.492000000000000171e+01
1.048302780000000000e+10,-9.468999999999999773e+01
1.048302800000000000e+10,-9.389000000000000057e+01
1.048302820000000000e+10,-9.401999999999999602e+01
1.048302840000000000e+10,-9.407000000000000739e+01
1.048302860000000000e+10,-9.240000000000000568e+01
1.048302880000000000e+10,-9.310999999999999943e+01
1.048302900000000000e+10,-9.401999999999999602e+01
1.048302920000000000e+10,-9.428000000000000114e+01
1.048302940000000000e+10,-9.551999999999999602e+01
1.048302960000000000e+10,-9.626999999999999602e+01
1.048302980000000000e+10,-9.493000000000000682e+01
1.048303000000000000e+10,-9.501000000000000512e+01
1.048303020000000000e+10,-9.239000000000000057e+01
1.048303040000000000e+10,-9.267000000000000171e+01
1.048303060000000000e+10,-9.475000000000000000e+01
1.048303080000000000e+10,-9.473000000000000398e+01
1.048303100000000000e+10,-9.404000000000000625e+01
1.048303120000000000e+10,-9.356000000000000227e+01
1.048303140000000000e+10,-9.337000000000000455e+01
1.048303160000000000e+10,-9.301000000000000512e+01
1.048303180000000000e+10,-9.400000000000000000e+01
1.048303200000000000e+10,-9.395000000000000284e+01
1.048303220000000000e+10,-9.312999999999999545e+01
1.048303240000000000e+10,-9.276999999999999602e+01
1.048303260000000000e+10,-9.335000000000000853e+01
1.048303280000000000e+10,-9.354999999999999716e+01
1.048303300000000000e+10,-9.376000000000000512e+01
1.048303320000000000e+10,-9.493000000000000682e+01
1.048303340000000000e+10,-9.296000000000000796e+01
1.048303360000000000e+10,-9.293000000000000682e+01
1.048303380000000000e+10,-9.425000000000000000e+01
1.048303400000000000e+10,-9.304999999999999716e+01
1.048303420000000000e+10,-9.342000000000000171e+01
1.048303440000000000e+10,-9.431000000000000227e+01
1.048303460000000000e+10,-9.475000000000000000e+01
1.048303480000000000e+10,-9.501000000000000512e+01
1.048303500000000000e+10,-9.382000000000000739e+01
1.048303520000000000e+10,-9.354000000000000625e+01
1.048303540000000000e+10,-9.459000000000000341e+01
1.048303560000000000e+10,-9.462999999999999545e+01
1.048303580000000000e+10,-9.481000000000000227e+01
1.048303600000000000e+10,-9.567000000000000171e+01
1.048303620000000000e+10,-9.492000000000000171e+01
1.048303640000000000e+10,-9.301000000000000512e+01
1.048303660000000000e+10,-9.295000000000000284e+01
1.048303680000000000e+10,-9.467000000000000171e+01
1.048303700000000000e+10,-9.589000000000000057e+01
1.048303720000000000e+10,-9.503000000000000114e+01
1.048303740000000000e+10,-9.384000000000000341e+01
1.048303760000000000e+10,-9.339000000000000057e+01
1.048303780000000000e+10,-9.496000000000000796e+01
1.048303800000000000e+10,-9.440000000000000568e+01
1.048303820000000000e+10,-9.395000000000000284e+01
1.048303840000000000e+10,-9.432000000000000739e+01
1.048303860000000000e+10,-9.340999999999999659e+01
1.048303880000000000e+10,-9.296999999999999886e+01
1.048303900000000000e+10,-9.426999999999999602e+01
1.048303920000000000e+10,-9.470000000000000284e+01
1.048303940000000000e+10,-9.448000000000000398e+01
1.048303960000000000e+10,-9.554000000000000625e+01
1.048303980000000000e+10,-9.556000000000000227e+01
1.048304000000000000e+10,-9.532000000000000739e+01
1.048304020000000000e+10,-9.385000000000000853e+01
1.048304040000000000e+10,-9.315000000000000568e+01
1.048304060000000000e+10,-9.362000000000000455e+01
1.048304080000000000e+10,-9.501000000000000512e+01
1.048304100000000000e+10,-9.312000000000000455e+01
1.048304120000000000e+10,-9.382999999999999829e+01
1.048304140000000000e+10,-9.554000000000000625e+01
1.048304160000000000e+10,-9.407000000000000739e+01
1.048304180000000000e+10,-9.381000000000000227e+01
1.048304200000000000e+10,-9.387000000000000455e+01
1.048304220000000000e+10,-9.507000000000000739e+01
1.048304240000000000e+10,-9.576000000000000512e+01
1.048304260000000000e+10,-9.373999999999999488e+01
1.048304280000000000e+10,-9.401000000000000512e+01
1.048304300000000000e+10,-9.506000000000000227e+01
1.048304320000000000e+10,-9.471999999999999886e+01
1.048304340000000000e+10,-9.523999999999999488e+01
1.048304360000000000e+10,-9.585999999999999943e+01
1.048304380000000000e+10,-9.599000000000000909e+01
1.048304400000000000e+10,-9.321999999999999886e+01
1.048304420000000000e+10,-9.171000000000000796e+01
1.048304440000000000e+10,-9.248999999999999488e+01
1.048304460000000000e+10,-9.368000000000000682e+01
1.048304480000000000e+10,-9.351000000000000512e+01
1.048304500000000000e+10,-9.403000000000000114e+01
1.048304520000000000e+10,-9.368000000000000682e+01
1.048304540000000000e+10,-9.312999999999999545e+01
1.048304560000000000e+10,-9.331000000000000227e+01
1.048304580000000000e+10,-9.493000000000000682e+01
1.048304600000000000e+10,-9.434000000000000341e+01
1.048304620000000000e+10,-9.365999999999999659e+01
1.048304640000000000e+10,-9.173999999999999488e+01
1.048304660000000000e+10,-9.201999999999999602e+01
1.048304680000000000e+10,-9.426999999999999602e+01
1.048304700000000000e+10,-9.451000000000000512e+01
1.048304720000000000e+10,-9.496999999999999886e+01
1.048304740000000000e+10,-9.475000000000000000e+01
1.048304760000000000e+10,-9.492000000000000171e+01
1.048304780000000000e+10,-9.309000000000000341e+01
1.048304800000000000e+10,-9.267000000000000171e+01
1.048304820000000000e+10,-9.429999999999999716e+01
1.048304840000000000e+10,-9.426000000000000512e+01
1.048304860000000000e+10,-9.384000000000000341e+01
1.048304880000000000e+10,-9.370000000000000284e+01
1.048304900000000000e+10,-9.415000000000000568e+01
1.048304920000000000e+10,-9.539000000000000057e+01
1.048304940000000000e+10,-9.351999999999999602e+01
1.048304960000000000e+10,-9.376999999999999602e+01
1.048304980000000000e+10,-9.365000000000000568e+01
1.048305000000000000e+10,-9.343999999999999773e+01
1.238895000000000000e+10,-9.457000000000000739e+01
1.238895020000000000e+10,-9.537999999999999545e+01
1.238895040000000000e+10,-9.598000000000000398e+01
1.238895060000000000e+10,-9.621000000000000796e+01
1.238895080000000000e+10,-9.451999999999999602e+01
1.238895100000000000e+10,-9.378000000000000114e+01
1.238895120000000000e+10,-9.506000000000000227e+01
1.238895140000000000e+10,-9.573000000000000398e+01
1.238895160000000000e+10,-9.585000000000000853e+01
1.238895180000000000e+10,-9.642000000000000171e+01
1.238895200000000000e+10,-9.615000000000000568e+01
1.238895220000000000e+10,-9.576000000000000512e+01
1.238895240000000000e+10,-9.607000000000000739e+01
1.238895260000000000e+10,-9.637999999999999545e+01
1.238895280000000000e+10,-9.651999999999999602e+01
1.238895300000000000e+10,-9.621000000000000796e+01
1.238895320000000000e+10,-9.624000000000000909e+01
1.238895340000000000e+10,-9.615999999999999659e+01
1.238895360000000000e+10,-9.578000000000000114e+01
1.238895380000000000e+10,-9.560999999999999943e+01
1.238895400000000000e+10,-9.546000000000000796e+01
1.238895420000000000e+10,-9.520000000000000284e+01
1.238895440000000000e+10,-9.485000000000000853e+01
1.238895460000000000e+10,-9.501999999999999602e+01
1.238895480000000000e+10,-9.610999999999999943e+01
1.238895500000000000e+10,-9.592000000000000171e+01
1.238895520000000000e+10,-9.562999999999999545e+01
1.238895540000000000e+10,-9.576000000000000512e+01
1.238895560000000000e+10,-9.570000000000000284e+01
1.238895580000000000e+10,-9.570000000000000284e+01
1.238895600000000000e+10,-9.546000000000000796e+01
1.238895620000000000e+10,-9.618000000000000682e+01
1.238895640000000000e+10,-9.557999999999999829e+01
1.238895660000000000e+10,-9.607000000000000739e+01
1.238895680000000000e+10,-9.557000000000000739e+01
1.238895700000000000e+10,-9.475000000000000000e+01
1.238895720000000000e+10,-9.442000000000000171e+01
1.238895740000000000e+10,-9.507999999999999829e+01
1.238895760000000000e+10,-9.556000000000000227e+01
1.238895780000000000e+10,-9.471000000000000796e+01
1.238895800000000000e+10,-9.470000000000000284e+01
1.238895820000000000e+10,-9.454000000000000625e+01
1.238895840000000000e+10,-9.484000000000000341e+01
1.238895860000000000e+10,-9.576000000000000512e+01
1.238895880000000000e+10,-9.548999999999999488e+01
1.238895900000000000e+10,-9.574000000000000909e+01
1.238895920000000000e+10,-9.593999999999999773e+01
1.238895940000000000e+10,-9.585999999999999943e+01
1.238895960000000000e+10,-9.570000000000000284e+01
1.238895980000000000e+10,-9.617000000000000171e+01
1.238896000000000000e+10,-9.570000000000000284e+01
1.238896020000000000e+10,-9.546000000000000796e+01
1.238896040000000000e+10,-9.523000000000000398e+01
1.238896060000000000e+10,-9.579000000000000625e+01
1.238896080000000000e+10,-9.637999999999999545e+01
1.238896100000000000e+10,-9.617000000000000171e+01
1.238896120000000000e+10,-9.540000000000000568e+01
1.238896140000000000e+10,-9.420000000000000284e+01
1.238896160000000000e+10,-9.454000000000000625e+01
1.238896180000000000e+10,-9.467000000000000171e+01
1.238896200000000000e+10,-9.629999999999999716e+01
1.238896220000000000e+10,-9.596999999999999886e+01
1.238896240000000000e+10,-9.618000000000000682e+01
1.238896260000000000e+10,-9.623000000000000398e+01
1.238896280000000000e+10,-9.437999999999999545e+01
1.238896300000000000e+10,-9.398999999999999488e+01
1.238896320000000000e+10,-9.451999999999999602e+01
1.238896340000000000e+10,-9.465000000000000568e+01
1.238896360000000000e+10,-9.579000000000000625e+01
1.238896380000000000e+10,-9.579000000000000625e+01
1.238896400000000000e+10,-9.570000000000000284e+01
1.238896420000000000e+10,-9.448999999999999488e+01
1.238896440000000000e+10,-9.512000000000000455e+01
1.238896460000000000e+10,-9.501999999999999602e+01
1.238896480000000000e+10,-9.504999999999999716e+01
1.238896500000000000e+10,-9.548999999999999488e+01
1.238896520000000000e+10,-9.504000000000000625e+01
1.238896540000000000e+10,-9.560999999999999943e+01
1.238896560000000000e+10,-9.574000000000000909e+01
1.238896580000000000e+10,-9.496999999999999886e+01
1.238896600000000000e+10,-9.479999999999999716e+01
1.238896620000000000e+10,-9.360999999999999943e+01
1.238896640000000000e+10,-9.398999999999999488e+01
1.238896660000000000e+10,-9.520000000000000284e+01
1.238896680000000000e+10,-9.600000000000000000e+01
1.238896700000000000e+10,-9.596000000000000796e+01
1.238896720000000000e+10,-9.521000000000000796e+01
1.238896740000000000e+10,-9.515000000000000568e+01
1.238896760000000000e+10,-9.493000000000000682e+01
1.238896780000000000e+10,-9.568000000000000682e+01
1.238896800000000000e+10,-9.640999999999999659e+01
1.238896820000000000e+10,-9.515000000000000568e+01
1.238896840000000000e+10,-9.498999999999999488e+01
1.238896860000000000e+10,-9.570000000000000284e+01
1.238896880000000000e+10,-9.585999999999999943e+01
1.238896900000000000e+10,-9.615000000000000568e+01
1.238896920000000000e+10,-9.574000000000000909e+01
1.238896940000000000e+10,-9.565000000000000568e+01
1.238896960000000000e+10,-9.529999999999999716e+01
1.238896980000000000e+10,-9.460999999999999943e+01
1.238897000000000000e+10,-9.490999999999999659e+01
1.238897020000000000e+10,-9.535000000000000853e+01
1.238897040000000000e+10,-9.590999999999999659e+01
1.238897060000000000e+10,-9.576999999999999602e+01
1.238897080000000000e+10,-9.599000000000000909e+01
1.238897100000000000e+10,-9.540999999999999659e+01
1.238897120000000000e+10,-9.570000000000000284e+01
1.238897140000000000e+10,-9.551000000000000512e+01
1.238897160000000000e+10,-9.518999999999999773e+01
1.238897180000000000e+10,-9.478000000000000114e+01
1.238897200000000000e+10,-9.520000000000000284e+01
1.238897220000000000e+10,-9.579000000000000625e+01
1.238897240000000000e+10,-9.660999999999999943e+01
1.238897260000000000e+10,-9.615999999999999659e+01
1.238897280000000000e+10,-9.571999999999999886e+01
1.238897300000000000e+10,-9.553000000000000114e+01
1.238897320000000000e+10,-9.620000000000000284e+01
1.238897340000000000e+10,-9.548999999999999488e+01
1.238897360000000000e+10,-9.514000000000000057e+01
1.238897380000000000e+10,-9.493000000000000682e+01
1.238897400000000000e+10,-9.468000000000000682e+01
1.238897420000000000e+10,-9.448000000000000398e+01
1.238897440000000000e+10,-9.535000000000000853e+01
1.238897460000000000e+10,-9.478000000000000114e+01
1.238897480000000000e+10,-9.439000000000000057e+01
1.238897500000000000e+10,-9.510000000000000853e+01
1.238897520000000000e+10,-9.570000000000000284e+01
1.238897540000000000e+10,-9.654999999999999716e+01
1.238897560000000000e+10,-9.565000000000000568e+01
1.238897580000000000e+10,-9.471000000000000796e+01
1.238897600000000000e+10,-9.434000000000000341e+01
1.238897620000000000e+10,-9.457999999999999829e+01
1.238897640000000000e+10,-9.495000000000000284e+01
1.238897660000000000e+10,-9.590000000000000568e+01
1.238897680000000000e+10,-9.612000000000000455e+01
1.238897700000000000e+10,-9.596999999999999886e+01
1.238897720000000000e+10,-9.471000000000000796e+01
1.238897740000000000e+10,-9.475000000000000000e+01
1.238897760000000000e+10,-9.564000000000000057e+01
1.238897780000000000e+10,-9.526000000000000512e+01
1.238897800000000000e+10,-9.632000000000000739e+01
1.238897820000000000e+10,-9.637999999999999545e+01
1.238897840000000000e+10,-9.620000000000000284e+01
1.238897860000000000e+10,-9.625000000000000000e+01
1.238897880000000000e+10,-9.589000000000000057e+01
1.238897900000000000e+10,-9.568000000000000682e+01
1.238897920000000000e+10,-9.515000000000000568e+01
1.238897940000000000e+10,-9.534000000000000341e+01
1.238897960000000000e+10,-9.531000000000000227e+01
1.238897980000000000e+10,-9.503000000000000114e+01
1.238898000000000000e+10,-9.550000000000000000e+01
1.238898020000000000e+10,-9.539000000000000057e+01
1.238898040000000000e+10,-9.504999999999999716e+01
1.238898060000000000e+10,-9.542000000000000171e+01
1.238898080000000000e+10,-9.579000000000000625e+01
1.238898100000000000e+10,-9.643999999999999773e+01
1.238898120000000000e+10,-9.501000000000000512e+01
1.238898140000000000e+10,-9.446000000000000796e+01
1.238898160000000000e+10,-9.564000000000000057e+01
1.238898180000000000e+10,-9.640999999999999659e+01
1.238898200000000000e+10,-9.525000000000000000e+01
1.238898220000000000e+10,-9.473999999999999488e+01
1.238898240000000000e+10,-9.496999999999999886e+01
1.238898260000000000e+10,-9.600000000000000000e+01
1.238898280000000000e+10,-9.560000000000000853e+01
1.238898300000000000e+10,-9.479000000000000625e+01
1.238898320000000000e+10,-9.481000000000000227e+01
1.238898340000000000e+10,-9.593000000000000682e+01
1.238898360000000000e+10,-9.629000000000000625e+01
1.238898380000000000e+10,-9.496999999999999886e+01
1.238898400000000000e+10,-9.460999999999999943e+01
1.238898420000000000e+10,-9.506000000000000227e+01
1.238898440000000000e+10,-9.515000000000000568e+01
1.238898460000000000e+10,-9.565999999999999659e+01
1.238898480000000000e+10,-9.554000000000000625e+01
1.238898500000000000e+10,-9.540000000000000568e+01
1.238898520000000000e+10,-9.607000000000000739e+01
1.238898540000000000e+10,-9.529999999999999716e+01
1.238898560000000000e+10,-9.484000000000000341e+01
1.238898580000000000e+10,-9.512999999999999545e+01
1.238898600000000000e+10,-9.596999999999999886e+01
1.238898620000000000e+10,-9.585000000000000853e+01
1.238898640000000000e+10,-9.570000000000000284e+01
1.238898660000000000e+10,-9.584000000000000341e+01
1.238898680000000000e+10,-9.501999999999999602e+01
1.238898700000000000e+10,-9.487000000000000455e+01
1.238898720000000000e+10,-9.510000000000000853e+01
1.238898740000000000e+10,-9.443000000000000682e+01
1.238898760000000000e+10,-9.535999999999999943e+01
1.238898780000000000e+10,-9.640999999999999659e+01
1.238898800000000000e+10,-9.521000000000000796e+01
1.238898820000000000e+10,-9.546000000000000796e+01
1.238898840000000000e+10,-9.568000000000000682e+01
1.238898860000000000e+10,-9.610000000000000853e+01
1.238898880000000000e+10,-9.570000000000000284e+01
1.238898900000000000e+10,-9.634000000000000341e+01
1.238898920000000000e+10,-9.515000000000000568e+01
1.238898940000000000e+10,-9.568999999999999773e+01
1.238898960000000000e+10,-9.571000000000000796e+01
1.238898980000000000e+10,-9.546999999999999886e+01
1.238899000000000000e+10,-9.537000000000000455e+01
1.238899020000000000e+10,-9.434000000000000341e+01
1.238899040000000000e+10,-9.498999999999999488e+01
1.238899060000000000e+10,-9.543999999999999773e+01
1.238899080000000000e+10,-9.631000000000000227e+01
1.238899100000000000e+10,-9.475000000000000000e+01
1.238899120000000000e+10,-9.448000000000000398e+01
1.238899140000000000e+10,-9.532999999999999829e+01
1.238899160000000000e+10,-9.537000000000000455e+01
1.238899180000000000e+10,-9.593999999999999773e+01
1.238899200000000000e+10,-9.526000000000000512e+01
1.238899220000000000e+10,-9.501999999999999602e+01
1.238899240000000000e+10,-9.574000000000000909e+01
1.238899260000000000e+10,-9.490999999999999659e+01
1.238899280000000000e+10,-9.400000000000000000e+01
1.238899300000000000e+10,-9.485000000000000853e+01
1.238899320000000000e+10,-9.495000000000000284e+01
1.238899340000000000e+10,-9.537999999999999545e+01
1.238899360000000000e+10,-9.557000000000000739e+01
1.238899380000000000e+10,-9.445000000000000284e+01
1.238899400000000000e+10,-9.510999999999999943e+01
1.238899420000000000e+10,-9.520000000000000284e+01
1.238899440000000000e+10,-9.595000000000000284e+01
1.238899460000000000e+10,-9.507999999999999829e+01
1.238899480000000000e+10,-9.551000000000000512e+01
1.238899500000000000e+10,-9.584000000000000341e+01
1.238899520000000000e+10,-9.517000000000000171e+01
1.238899540000000000e+10,-9.498000000000000398e+01
1.238899560000000000e+10,-9.496999999999999886e+01
1.238899580000000000e+10,-9.579000000000000625e+01
1.238899600000000000e+10,-9.512000000000000455e+01
1.238899620000000000e+10,-9.535999999999999943e+01
1.238899640000000000e+10,-9.550000000000000000e+01
1.238899660000000000e+10,-9.565999999999999659e+01
1.238899680000000000e+10,-9.565999999999999659e+01
1.238899700000000000e+10,-9.590999999999999659e+01
1.238899720000000000e+10,-9.649000000000000909e+01
1.238899740000000000e+10,-9.596000000000000796e+01
1.238899760000000000e+10,-9.507000000000000739e+01
1.238899780000000000e+10,-9.548999999999999488e+01
1.238899800000000000e+10,-9.565000000000000568e+01
1.238899820000000000e+10,-9.578000000000000114e+01
1.238899840000000000e+10,-9.537999999999999545e+01
1.238899860000000000e+10,-9.604999999999999716e+01
1.238899880000000000e+10,-9.529000000000000625e+01
1.238899900000000000e+10,-9.562000000000000455e+01
1.238899920000000000e+10,-9.537999999999999545e+01
1.238899940000000000e+10,-9.510999999999999943e+01
1.238899960000000000e+10,-9.568000000000000682e+01
1.238899980000000000e+10,-9.618000000000000682e+01
1.238900000000000000e+10,-9.604000000000000625e+01
1.238900020000000000e+10,-9.518999999999999773e+01
1.238900040000000000e+10,-9.495000000000000284e+01
1.238900060000000000e+10,-9.574000000000000909e+01
1.238900080000000000e+10,-9.493000000000000682e+01
1.238900100000000000e+10,-9.446999999999999886e+01
1.238900120000000000e+10,-9.429000000000000625e+01
1.238900140000000000e+10,-9.390999999999999659e+01
1.238900160000000000e+10,-9.448000000000000398e+01
1.238900180000000000e+10,-9.515000000000000568e+01
1.238900200000000000e+10,-9.456000000000000227e+01
1.238900220000000000e+10,-9.475000000000000000e+01
1.238900240000000000e+10,-9.539000000000000057e+01
1.238900260000000000e+10,-9.487000000000000455e+01
1.238900280000000000e+10,-9.501999999999999602e+01
1.238900300000000000e+10,-9.560999999999999943e+01
1.238900320000000000e+10,-9.554000000000000625e+01
1.238900340000000000e+10,-9.515999999999999659e+01
1.238900360000000000e+10,-9.529999999999999716e+01
1.238900380000000000e+10,-9.554999999999999716e+01
1.238900400000000000e+10,-9.651000000000000512e+01
1.238900420000000000e+10,-9.649000000000000909e+01
1.238900440000000000e+10,-9.565999999999999659e+01
1.238900460000000000e+10,-9.568999999999999773e+01
1.238900480000000000e+10,-9.501999999999999602e+01
1.238900500000000000e+10,-9.510999999999999943e+01
1.238900520000000000e+10,-9.525000000000000000e+01
1.238900540000000000e+10,-9.501999999999999602e+01
1.238900560000000000e+10,-9.503000000000000114e+01
1.238900580000000000e+10,-9.498000000000000398e+01
1.238900600000000000e+10,-9.460000000000000853e+01
1.238900620000000000e+10,-9.457000000000000739e+01
1.238900640000000000e+10,-9.496999999999999886e+01
1.238900660000000000e+10,-9.479000000000000625e+01
1.238900680000000000e+10,-9.310999999999999943e+01
1.238900700000000000e+10,-9.310000000000000853e+01
1.238900720000000000e+10,-9.234000000000000341e+01
1.238900740000000000e+10,-9.100000000000000000e+01
1.238900760000000000e+10,-8.960999999999999943e+01
1.238900780000000000e+10,-8.804000000000000625e+01
1.238900800000000000e+10,-8.615999999999999659e+01
1.238900820000000000e+10,-8.420000000000000284e+01
1.238900840000000000e+10,-8.212000000000000455e+01
1.238900860000000000e+10,-7.996000000000000796e+01
1.238900880000000000e+10,-7.768000000000000682e+01
1.238900900000000000e+10,-7.545000000000000284e+01
1.238900920000000000e+10,-7.312000000000000455e+01
1.238900940000000000e+10,-7.062000000000000455e+01
1.238900960000000000e+10,-6.801000000000000512e+01
1.238900980000000000e+10,-6.543999999999999773e+01
1.238901000000000000e+10,-6.239000000000000057e+01
1.238901020000000000e+10,-5.959000000000000341e+01
1.238901040000000000e+10,-5.653999999999999915e+01
1.238901060000000000e+10,-5.346999999999999886e+01
1.238901080000000000e+10,-5.039000000000000057e+01
1.238901100000000000e+10,-4.742999999999999972e+01
1.238901120000000000e+10,-4.461999999999999744e+01
1.238901140000000000e+10,-4.192999999999999972e+01
1.238901160000000000e+10,-3.968999999999999773e+01
1.238901180000000000e+10,-3.806000000000000227e+01
1.238901200000000000e+10,-3.717000000000000171e+01
1.238901220000000000e+10,-3.681000000000000227e+01
1.238901240000000000e+10,-3.680000000000000426e+01
1.238901260000000000e+10,-3.763000000000000256e+01
1.238901280000000000e+10,-3.914000000000000057e+01
1.238901300000000000e+10,-4.089000000000000057e+01
1.238901320000000000e+10,-4.320000000000000284e+01
1.238901340000000000e+10,-4.589999999999999858e+01
1.238901360000000000e+10,-4.889999999999999858e+01
1.238901380000000000e+10,-5.218999999999999773e+01
1.238901400000000000e+10,-5.528999999999999915e+01
1.238901420000000000e+10,-5.827000000000000313e+01
1.238901440000000000e+10,-6.139999999999999858e+01
1.238901460000000000e+10,-6.440000000000000568e+01
1.238901480000000000e+10,-6.723000000000000398e+01
1.238901500000000000e+10,-6.987999999999999545e+01
1.238901520000000000e+10,-7.259000000000000341e+01
1.238901540000000000e+10,-7.514000000000000057e+01
1.238901560000000000e+10,-7.746000000000000796e+01
1.238901580000000000e+10,-7.976999999999999602e+01
1.238901600000000000e+10,-8.201999999999999602e+01
1.238901620000000000e+10,-8.429000000000000625e+01
1.238901640000000000e+10,-8.643000000000000682e+01
1.238901660000000000e+10,-8.826000000000000512e+01
1.238901680000000000e+10,-8.985999999999999943e+01
1.238901700000000000e+10,-9.137000000000000455e+01
1.238901720000000000e+10,-9.265000000000000568e+01
1.238901740000000000e+10,-9.346999999999999886e+01
1.238901760000000000e+10,-9.404999999999999716e+01
1.238901780000000000e+10,-9.401999999999999602e+01
1.238901800000000000e+10,-9.443000000000000682e+01
1.238901820000000000e+10,-9.540999999999999659e+01
1.238901840000000000e+10,-9.568999999999999773e+01
1.238901860000000000e+10,-9.601999999999999602e+01
1.238901880000000000e+10,-9.567000000000000171e+01
1.238901900000000000e+10,-9.515999999999999659e+01
1.238901920000000000e+10,-9.442000000000000171e+01
1.238901940000000000e+10,-9.525000000000000000e+01
1.238901960000000000e+10,-9.514000000000000057e+01
1.238901980000000000e+10,-9.479999999999999716e+01
1.238902000000000000e+10,-9.490999999999999659e+01
1.238902020000000000e+10,-9.457000000000000739e+01
1.238902040000000000e+10,-9.539000000000000057e+01
1.238902060000000000e+10,-9.574000000000000909e+01
1.238902080000000000e+10,-9.495000000000000284e+01
1.238902100000000000e+10,-9.520000000000000284e+01
1.238902120000000000e+10,-9.570000000000000284e+01
1.238902140000000000e+10,-9.585999999999999943e+01
1.238902160000000000e+10,-9.626999999999999602e+01
1.238902180000000000e+10,-9.675000000000000000e+01
1.238902200000000000e+10,-9.637999999999999545e+01
1.238902220000000000e+10,-9.521000000000000796e+01
1.238902240000000000e+10,-9.484000000000000341e+01
1.238902260000000000e+10,-9.515000000000000568e+01
1.238902280000000000e+10,-9.520000000000000284e+01
1.238902300000000000e+10,-9.543999999999999773e+01
1.238902320000000000e+10,-9.589000000000000057e+01
1.238902340000000000e+10,-9.565000000000000568e+01
1.238902360000000000e+10,-9.401999999999999602e+01
1.238902380000000000e+10,-9.501999999999999602e+01
1.238902400000000000e+10,-9.537000000000000455e+01
1.238902420000000000e+10,-9.426999999999999602e+01
1.238902440000000000e+10,-9.434000000000000341e+01
1.238902460000000000e+10,-9.485999999999999943e+01
1.238902480000000000e+10,-9.590000000000000568e+01
1.238902500000000000e+10,-9.570000000000000284e+01
1.238902520000000000e+10,-9.589000000000000057e+01
1.238902540000000000e+10,-9.570000000000000284e+01
1.238902560000000000e+10,-9.562000000000000455e+01
1.238902580000000000e+10,-9.676999999999999602e+01
1.238902600000000000e+10,-9.606000000000000227e+01
1.238902620000000000e+10,-9.489000000000000057e+01
1.238902640000000000e+10,-9.448999999999999488e+01
1.238902660000000000e+10,-9.515000000000000568e+01
1.238902680000000000e+10,-9.498000000000000398e+01
1.238902700000000000e+10,-9.515000000000000568e+01
1.238902720000000000e+10,-9.574000000000000909e+01
1.238902740000000000e+10,-9.490999999999999659e+01
1.238902760000000000e+10,-9.579999999999999716e+01
1.238902780000000000e+10,-9.418000000000000682e+01
1.238902800000000000e+10,-9.323999999999999488e+01
1.238902820000000000e+10,-9.446000000000000796e+01
1.238902840000000000e+10,-9.468999999999999773e+01
1.238902860000000000e+10,-9.437999999999999545e+01
1.238902880000000000e+10,-9.615999999999999659e+01
1.238902900000000000e+10,-9.525000000000000000e+01
1.238902920000000000e+10,-9.560999999999999943e+01
1.238902940000000000e+10,-9.629000000000000625e+01
1.238902960000000000e+10,-9.609000000000000341e+01
1.238902980000000000e+10,-9.546999999999999886e+01
1.238903000000000000e+10,-9.475000000000000000e+01
1.238903020000000000e+10,-9.532000000000000739e+01
1.238903040000000000e+10,-9.610999999999999943e+01
1.238903060000000000e+10,-9.556000000000000227e+01
1.238903080000000000e+10,-9.526999999999999602e+01
1.238903100000000000e+10,-9.576000000000000512e+01
1.238903120000000000e+10,-9.537999999999999545e+01
1.238903140000000000e+10,-9.473000000000000398e+01
1.238903160000000000e+10,-9.557999999999999829e+01
1.238903180000000000e+10,-9.485999999999999943e+01
1.238903200000000000e+10,-9.515999999999999659e+01
1.238903220000000000e+10,-9.620000000000000284e+01
1.238903240000000000e+10,-9.601999999999999602e+01
1.238903260000000000e+10,-9.560999999999999943e+01
1.238903280000000000e+10,-9.507999999999999829e+01
1.238903300000000000e+10,-9.557999999999999829e+01
1.238903320000000000e+10,-9.481000000000000227e+01
1.238903340000000000e+10,-9.443000000000000682e+01
1.238903360000000000e+10,-9.496999999999999886e+01
1.238903380000000000e+10,-9.562000000000000455e+01
1.238903400000000000e+10,-9.514000000000000057e+01
1.238903420000000000e+10,-9.500000000000000000e+01
1.238903440000000000e+10,-9.479000000000000625e+01
1.238903460000000000e+10,-9.632000000000000739e+01
1.238903480000000000e+10,-9.662999999999999545e+01
1.238903500000000000e+10,-9.515000000000000568e+01
1.238903520000000000e+10,-9.543000000000000682e+01
1.238903540000000000e+10,-9.571999999999999886e+01
1.238903560000000000e+10,-9.485000000000000853e+01
1.238903580000000000e+10,-9.507999999999999829e+01
1.238903600000000000e+10,-9.604999999999999716e+01
1.238903620000000000e+10,-9.632000000000000739e+01
1.238903640000000000e+10,-9.535000000000000853e+01
1.238903660000000000e+10,-9.560999999999999943e+01
1.238903680000000000e+10,-9.518000000000000682e+01
1.238903700000000000e+10,-9.529999999999999716e+01
1.238903720000000000e+10,-9.551000000000000512e+01
1.238903740000000000e+10,-9.543000000000000682e+01
1.238903760000000000e+10,-9.562999999999999545e+01
1.238903780000000000e+10,-9.504999999999999716e+01
1.238903800000000000e+10,-9.456000000000000227e+01
1.238903820000000000e+10,-9.532999999999999829e+01
1.238903840000000000e+10,-9.600000000000000000e+01
1.238903860000000000e+10,-9.562000000000000455e+01
1.238903880000000000e+10,-9.570000000000000284e+01
1.238903900000000000e+10,-9.599000000000000909e+01
1.238903920000000000e+10,-9.562999999999999545e+01
1.238903940000000000e+10,-9.514000000000000057e+01
1.238903960000000000e+10,-9.481000000000000227e+01
1.238903980000000000e+10,-9.539000000000000057e+01
1.238904000000000000e+10,-9.548000000000000398e+01
1.238904020000000000e+10,-9.528000000000000114e+01
1.238904040000000000e+10,-9.510999999999999943e+01
1.238904060000000000e+10,-9.520000000000000284e+01
1.238904080000000000e+10,-9.579000000000000625e+01
1.238904100000000000e+10,-9.515000000000000568e+01
1.238904120000000000e+10,-9.431000000000000227e+01
1.238904140000000000e+10,-9.431000000000000227e+01
1.238904160000000000e+10,-9.537999999999999545e+01
1.238904180000000000e+10,-9.612999999999999545e+01
1.238904200000000000e+10,-9.493000000000000682e+01
1.238904220000000000e+10,-9.523000000000000398e+01
1.238904240000000000e+10,-9.551999999999999602e+01
1.238904260000000000e+10,-9.592000000000000171e+01
1.238904280000000000e+10,-9.637999999999999545e+01
1.238904300000000000e+10,-9.587999999999999545e+01
1.238904320000000000e+10,-9.553000000000000114e+01
1.238904340000000000e+10,-9.550000000000000000e+01
1.238904360000000000e+10,-9.539000000000000057e+01
1.238904380000000000e+10,-9.606000000000000227e+01
1.238904400000000000e+10,-9.574000000000000909e+01
1.238904420000000000e+10,-9.479999999999999716e+01
1.238904440000000000e+10,-9.454999999999999716e+01
1.238904460000000000e+10,-9.543000000000000682e+01
1.238904480000000000e+10,-9.423000000000000398e+01
1.238904500000000000e+10,-9.446000000000000796e+01
1.238904520000000000e+10,-9.414000000000000057e+01
1.238904540000000000e+10,-9.464000000000000057e+01
1.238904560000000000e+10,-9.542000000000000171e+01
1.238904580000000000e+10,-9.540000000000000568e+01
1.238904600000000000e+10,-9.501999999999999602e+01
1.238904620000000000e+10,-9.500000000000000000e+01
1.238904640000000000e+10,-9.576000000000000512e+01
1.238904660000000000e+10,-9.543000000000000682e+01
1.238904680000000000e+10,-9.479999999999999716e+01
1.238904700000000000e+10,-9.442000000000000171e+01
1.238904720000000000e+10,-9.517000000000000171e+01
1.238904740000000000e+10,-9.587999999999999545e+01
1.238904760000000000e+10,-9.582000000000000739e+01
1.238904780000000000e+10,-9.532999999999999829e+01
1.238904800000000000e+10,-9.574000000000000909e+01
1.238904820000000000e+10,-9.629000000000000625e+01
1.238904840000000000e+10,-9.595000000000000284e+01
1.238904860000000000e+10,-9.468000000000000682e+01
1.238904880000000000e+10,-9.448999999999999488e+01
1.238904900000000000e+10,-9.595000000000000284e+01
1.238904920000000000e+10,-9.612999999999999545e+01
1.238904940000000000e+10,-9.599000000000000909e+01
1.238904960000000000e+10,-9.504999999999999716e+01
1.238904980000000000e+10,-9.487999999999999545e+01
1.238905000000000000e+10,-9.540999999999999659e+01
1.429495000000000000e+10,-9.771000000000000796e+01
1.429495020000000000e+10,-9.910999999999999943e+01
1.429495040000000000e+10,-9.782000000000000739e+01
1.429495060000000000e+10,-9.742000000000000171e+01
1.429495080000000000e+10,-9.735000000000000853e+01
1.429495100000000000e+10,-9.846999999999999886e+01
1.429495120000000000e+10,-9.871999999999999886e+01
1.429495140000000000e+10,-9.828000000000000114e+01
1.429495160000000000e+10,-9.779999999999999716e+01
1.429495180000000000e+10,-9.721999999999999886e+01
1.429495200000000000e+10,-9.750000000000000000e+01
1.429495220000000000e+10,-9.710000000000000853e+01
1.429495240000000000e+10,-9.615999999999999659e+01
1.429495260000000000e+10,-9.576999999999999602e+01
1.429495280000000000e+10,-9.646000000000000796e+01
1.429495300000000000e+10,-9.773000000000000398e+01
1.429495320000000000e+10,-9.668999999999999773e+01
1.429495340000000000e+10,-9.649000000000000909e+01
1.429495360000000000e+10,-9.678000000000000114e+01
1.429495380000000000e+10,-9.640000000000000568e+01
1.429495400000000000e+10,-9.771000000000000796e+01
1.429495420000000000e+10,-9.681000000000000227e+01
1.429495440000000000e+10,-9.639000000000000057e+01
1.429495460000000000e+10,-9.692000000000000171e+01
1.429495480000000000e+10,-9.868999999999999773e+01
1.429495500000000000e+10,-9.864000000000000057e+01
1.429495520000000000e+10,-9.657999999999999829e+01
1.429495540000000000e+10,-9.714000000000000057e+01
1.429495560000000000e+10,-9.734000000000000341e+01
1.429495580000000000e+10,-9.778000000000000114e+01
1.429495600000000000e+10,-9.764000000000000057e+01
1.429495620000000000e+10,-9.789000000000000057e+01
1.429495640000000000e+10,-9.751999999999999602e+01
1.429495660000000000e+10,-9.717000000000000171e+01
1.429495680000000000e+10,-9.814000000000000057e+01
1.429495700000000000e+10,-9.806000000000000227e+01
1.429495720000000000e+10,-9.835999999999999943e+01
1.429495740000000000e+10,-9.834000000000000341e+01
1.429495760000000000e+10,-9.898000000000000398e+01
1.429495780000000000e+10,-9.842000000000000171e+01
1.429495800000000000e+10,-9.775000000000000000e+01
1.429495820000000000e+10,-9.751000000000000512e+01
1.429495840000000000e+10,-9.743000000000000682e+01
1.429495860000000000e+10,-9.820000000000000284e+01
1.429495880000000000e+10,-9.750000000000000000e+01
1.429495900000000000e+10,-9.710000000000000853e+01
1.429495920000000000e+10,-9.712999999999999545e+01
1.429495940000000000e+10,-9.771999999999999886e+01
1.429495960000000000e+10,-9.750000000000000000e+01
1.429495980000000000e+10,-9.740000000000000568e+01
1.429496000000000000e+10,-9.768999999999999773e+01
1.429496020000000000e+10,-9.785000000000000853e+01
1.429496040000000000e+10,-9.751000000000000512e+01
1.429496060000000000e+10,-9.821000000000000796e+01
1.429496080000000000e+10,-9.782000000000000739e+01
1.429496100000000000e+10,-9.815999999999999659e+01
1.429496120000000000e+10,-9.824000000000000909e+01
1.429496140000000000e+10,-9.820000000000000284e+01
1.429496160000000000e+10,-9.750000000000000000e+01
1.429496180000000000e+10,-9.765999999999999659e+01
1.429496200000000000e+10,-9.742000000000000171e+01
1.429496220000000000e+10,-9.710000000000000853e+01
1.429496240000000000e+10,-9.714000000000000057e+01
1.429496260000000000e+10,-9.675000000000000000e+01
1.429496280000000000e+10,-9.704000000000000625e+01
1.429496300000000000e+10,-9.810999999999999943e+01
1.429496320000000000e+10,-9.837000000000000455e+01
1.429496340000000000e+10,-9.782000000000000739e+01
1.429496360000000000e+10,-9.743000000000000682e+01
1.429496380000000000e+10,-9.793999999999999773e+01
1.429496400000000000e+10,-9.789000000000000057e+01
1.429496420000000000e+10,-9.810000000000000853e+01
1.429496440000000000e+10,-9.785000000000000853e+01
1.429496460000000000e+10,-9.760000000000000853e+01
1.429496480000000000e+10,-9.725000000000000000e+01
1.429496500000000000e+10,-9.767000000000000171e+01
1.429496520000000000e+10,-9.821999999999999886e+01
1.429496540000000000e+10,-9.803000000000000114e+01
1.429496560000000000e+10,-9.774000000000000909e+01
1.429496580000000000e+10,-9.737000000000000455e+01
1.429496600000000000e+10,-9.728000000000000114e+01
1.429496620000000000e+10,-9.773000000000000398e+01
1.429496640000000000e+10,-9.868999999999999773e+01
1.429496660000000000e+10,-9.848000000000000398e+01
1.429496680000000000e+10,-9.810999999999999943e+01
1.429496700000000000e+10,-9.785000000000000853e+01
1.429496720000000000e+10,-9.760999999999999943e+01
1.429496740000000000e+10,-9.754999999999999716e+01
1.429496760000000000e+10,-9.734000000000000341e+01
1.429496780000000000e+10,-9.800000000000000000e+01
1.429496800000000000e+10,-9.837000000000000455e+01
1.429496820000000000e+10,-9.862000000000000455e+01
1.429496840000000000e+10,-9.839000000000000057e+01
1.429496860000000000e+10,-9.723000000000000398e+01
1.429496880000000000e+10,-9.715999999999999659e+01
1.429496900000000000e+10,-9.768999999999999773e+01
1.429496920000000000e+10,-9.714000000000000057e+01
1.429496940000000000e+10,-9.767000000000000171e+01
1.429496960000000000e+10,-9.764000000000000057e+01
1.429496980000000000e+10,-9.789000000000000057e+01
1.429497000000000000e+10,-9.751000000000000512e+01
1.429497020000000000e+10,-9.782000000000000739e+01
1.429497040000000000e+10,-9.849000000000000909e+01
1.429497060000000000e+10,-9.889000000000000057e+01
1.429497080000000000e+10,-9.746000000000000796e+01
1.429497100000000000e+10,-9.767000000000000171e+01
1.429497120000000000e+10,-9.812999999999999545e+01
1.429497140000000000e+10,-9.776000000000000512e+01
1.429497160000000000e+10,-9.762999999999999545e+01
1.429497180000000000e+10,-9.796000000000000796e+01
1.429497200000000000e+10,-9.784000000000000341e+01
1.429497220000000000e+10,-9.746999999999999886e+01
1.429497240000000000e+10,-9.756000000000000227e+01
1.429497260000000000e+10,-9.746999999999999886e+01
1.429497280000000000e+10,-9.746000000000000796e+01
1.429497300000000000e+10,-9.700000000000000000e+01
1.429497320000000000e+10,-9.754999999999999716e+01
1.429497340000000000e+10,-9.740999999999999659e+01
1.429497360000000000e+10,-9.720000000000000284e+01
1.429497380000000000e+10,-9.779999999999999716e+01
1.429497400000000000e+10,-9.810999999999999943e+01
1.429497420000000000e+10,-9.737000000000000455e+01
1.429497440000000000e+10,-9.695000000000000284e+01
1.429497460000000000e+10,-9.745000000000000284e+01
1.429497480000000000e+10,-9.757999999999999829e+01
1.429497500000000000e+10,-9.745000000000000284e+01
1.429497520000000000e+10,-9.795000000000000284e+01
1.429497540000000000e+10,-9.818000000000000682e+01
1.429497560000000000e+10,-9.801000000000000512e+01
1.429497580000000000e+10,-9.829000000000000625e+01
1.429497600000000000e+10,-9.824000000000000909e+01
1.429497620000000000e+10,-9.796000000000000796e+01
1.429497640000000000e+10,-9.834000000000000341e+01
1.429497660000000000e+10,-9.804999999999999716e+01
1.429497680000000000e+10,-9.806000000000000227e+01
1.429497700000000000e+10,-9.864000000000000057e+01
1.429497720000000000e+10,-9.887000000000000455e+01
1.429497740000000000e+10,-9.881000000000000227e+01
1.429497760000000000e+10,-9.818000000000000682e+01
1.429497780000000000e+10,-9.767000000000000171e+01
1.429497800000000000e+10,-9.707000000000000739e+01
1.429497820000000000e+10,-9.724000000000000909e+01
1.429497840000000000e+10,-9.732000000000000739e+01
1.429497860000000000e+10,-9.773000000000000398e+01
1.429497880000000000e+10,-9.745000000000000284e+01
1.429497900000000000e+10,-9.748000000000000398e+01
1.429497920000000000e+10,-9.725000000000000000e+01
1.429497940000000000e+10,-9.768999999999999773e+01
1.429497960000000000e+10,-9.760999999999999943e+01
1.429497980000000000e+10,-9.720000000000000284e+01
1.429498000000000000e+10,-9.839000000000000057e+01
1.429498020000000000e+10,-9.756000000000000227e+01
1.429498040000000000e+10,-9.743000000000000682e+01
1.429498060000000000e+10,-9.812000000000000455e+01
1.429498080000000000e+10,-9.774000000000000909e+01
1.429498100000000000e+10,-9.771999999999999886e+01
1.429498120000000000e+10,-9.796000000000000796e+01
1.429498140000000000e+10,-9.768999999999999773e+01
1.429498160000000000e+10,-9.782000000000000739e+01
1.429498180000000000e+10,-9.746999999999999886e+01
1.429498200000000000e+10,-9.749000000000000909e+01
1.429498220000000000e+10,-9.760999999999999943e+01
1.429498240000000000e+10,-9.726000000000000512e+01
1.429498260000000000e+10,-9.810000000000000853e+01
1.429498280000000000e+10,-9.793000000000000682e+01
1.429498300000000000e+10,-9.760000000000000853e+01
1.429498320000000000e+10,-9.784000000000000341e+01
1.429498340000000000e+10,-9.809000000000000341e+01
1.429498360000000000e+10,-9.779999999999999716e+01
1.429498380000000000e+10,-9.871000000000000796e+01
1.429498400000000000e+10,-9.770000000000000284e+01
1.429498420000000000e+10,-9.767000000000000171e+01
1.429498440000000000e+10,-9.821000000000000796e+01
1.429498460000000000e+10,-9.692000000000000171e+01
1.429498480000000000e+10,-9.679000000000000625e+01
1.429498500000000000e+10,-9.746000000000000796e+01
1.429498520000000000e+10,-9.892000000000000171e+01
1.429498540000000000e+10,-9.882000000000000739e+01
1.429498560000000000e+10,-9.810000000000000853e+01
1.429498580000000000e+10,-9.762999999999999545e+01
1.429498600000000000e+10,-9.723000000000000398e+01
1.429498620000000000e+10,-9.729999999999999716e+01
1.429498640000000000e+10,-9.768999999999999773e+01
1.429498660000000000e+10,-9.787000000000000455e+01
1.429498680000000000e+10,-9.859000000000000341e+01
1.429498700000000000e+10,-9.793999999999999773e+01
1.429498720000000000e+10,-9.753000000000000114e+01
1.429498740000000000e+10,-9.751999999999999602e+01
1.429498760000000000e+10,-9.806000000000000227e+01
1.429498780000000000e+10,-9.834000000000000341e+01
1.429498800000000000e+10,-9.879000000000000625e+01
1.429498820000000000e+10,-9.762999999999999545e+01
1.429498840000000000e+10,-9.709000000000000341e+01
1.429498860000000000e+10,-9.682000000000000739e+01
1.429498880000000000e+10,-9.731000000000000227e+01
1.429498900000000000e+10,-9.781000000000000227e+01
1.429498920000000000e+10,-9.751000000000000512e+01
1.429498940000000000e+10,-9.781000000000000227e+01
1.429498960000000000e+10,-9.742000000000000171e+01
1.429498980000000000e+10,-9.703000000000000114e+01
1.429499000000000000e+10,-9.857999999999999829e+01
1.429499020000000000e+10,-9.868999999999999773e+01
1.429499040000000000e+10,-9.787000000000000455e+01
1.429499060000000000e+10,-9.756000000000000227e+01
1.429499080000000000e+10,-9.765999999999999659e+01
1.429499100000000000e+10,-9.806000000000000227e+01
1.429499120000000000e+10,-9.809000000000000341e+01
1.429499140000000000e+10,-9.782000000000000739e+01
1.429499160000000000e+10,-9.774000000000000909e+01
1.429499180000000000e+10,-9.804999999999999716e+01
1.429499200000000000e+10,-9.826999999999999602e+01
1.429499220000000000e+10,-9.865000000000000568e+01
1.429499240000000000e+10,-9.801000000000000512e+01
1.429499260000000000e+10,-9.754999999999999716e+01
1.429499280000000000e+10,-9.734000000000000341e+01
1.429499300000000000e+10,-9.749000000000000909e+01
1.429499320000000000e+10,-9.800000000000000000e+01
1.429499340000000000e+10,-9.882999999999999829e+01
1.429499360000000000e+10,-9.842000000000000171e+01
1.429499380000000000e+10,-9.746000000000000796e+01
1.429499400000000000e+10,-9.712000000000000455e+01
1.429499420000000000e+10,-9.724000000000000909e+01
1.429499440000000000e+10,-9.743999999999999773e+01
1.429499460000000000e+10,-9.721999999999999886e+01
1.429499480000000000e+10,-9.860000000000000853e+01
1.429499500000000000e+10,-9.832000000000000739e+01
1.429499520000000000e+10,-9.768000000000000682e+01
1.429499540000000000e+10,-9.806000000000000227e+01
1.429499560000000000e+10,-9.899000000000000909e+01
1.429499580000000000e+10,-9.876000000000000512e+01
1.429499600000000000e+10,-9.742000000000000171e+01
1.429499620000000000e+10,-9.751000000000000512e+01
1.429499640000000000e+10,-9.751000000000000512e+01
1.429499660000000000e+10,-9.710000000000000853e+01
1.429499680000000000e+10,-9.673000000000000398e+01
1.429499700000000000e+10,-9.701000000000000512e+01
1.429499720000000000e+10,-9.687999999999999545e+01
1.429499740000000000e+10,-9.649000000000000909e+01
1.429499760000000000e+10,-9.735999999999999943e+01
1.429499780000000000e+10,-9.762999999999999545e+01
1.429499800000000000e+10,-9.735000000000000853e+01
1.429499820000000000e+10,-9.729999999999999716e+01
1.429499840000000000e+10,-9.793999999999999773e+01
1.429499860000000000e+10,-9.799000000000000909e+01
1.429499880000000000e+10,-9.810999999999999943e+01
1.429499900000000000e+10,-9.746000000000000796e+01
1.429499920000000000e+10,-9.681000000000000227e+01
1.429499940000000000e+10,-9.710000000000000853e+01
1.429499960000000000e+10,-9.824000000000000909e+01
1.429499980000000000e+10,-9.823000000000000398e+01
1.429500000000000000e+10,-9.760000000000000853e+01
1.429500020000000000e+10,-9.796000000000000796e+01
1.429500040000000000e+10,-9.839000000000000057e+01
1.429500060000000000e+10,-9.834000000000000341e+01
1.429500080000000000e+10,-9.792000000000000171e+01
1.429500100000000000e+10,-9.779999999999999716e+01
1.429500120000000000e+10,-9.745000000000000284e+01
1.429500140000000000e+10,-9.712000000000000455e+01
1.429500160000000000e+10,-9.753000000000000114e+01
1.429500180000000000e+10,-9.696999999999999886e+01
1.429500200000000000e+10,-9.768999999999999773e+01
1.429500220000000000e+10,-9.757999999999999829e+01
1.429500240000000000e+10,-9.900000000000000000e+01
1.429500260000000000e+10,-9.850000000000000000e+01
1.429500280000000000e+10,-9.829000000000000625e+01
1.429500300000000000e+10,-9.776000000000000512e+01
1.429500320000000000e+10,-9.751000000000000512e+01
1.429500340000000000e+10,-9.750000000000000000e+01
1.429500360000000000e+10,-9.718999999999999773e+01
1.429500380000000000e+10,-9.696000000000000796e+01
1.429500400000000000e+10,-9.824000000000000909e+01
1.429500420000000000e+10,-9.773000000000000398e+01
1.429500440000000000e+10,-9.826000000000000512e+01
1.429500460000000000e+10,-9.857999999999999829e+01
1.429500480000000000e+10,-9.829000000000000625e+01
1.429500500000000000e+10,-9.782000000000000739e+01
1.429500520000000000e+10,-9.765999999999999659e+01
1.429500540000000000e+10,-9.842000000000000171e+01
1.429500560000000000e+10,-9.864000000000000057e+01
1.429500580000000000e+10,-9.878000000000000114e+01
1.429500600000000000e+10,-9.632999999999999829e+01
1.429500620000000000e+10,-9.604999999999999716e+01
1.429500640000000000e+10,-9.685000000000000853e+01
1.429500660000000000e+10,-9.737000000000000455e+01
1.429500680000000000e+10,-9.703000000000000114e+01
1.429500700000000000e+10,-9.740000000000000568e+01
1.429500720000000000e+10,-9.715000000000000568e+01
1.429500740000000000e+10,-9.815000000000000568e+01
1.429500760000000000e+10,-9.817000000000000171e+01
1.429500780000000000e+10,-9.734000000000000341e+01
1.429500800000000000e+10,-9.760000000000000853e+01
1.429500820000000000e+10,-9.875000000000000000e+01
1.429500840000000000e+10,-9.842000000000000171e+01
1.429500860000000000e+10,-9.773000000000000398e+01
1.429500880000000000e+10,-9.779999999999999716e+01
1.429500900000000000e+10,-9.700000000000000000e+01
1.429500920000000000e+10,-9.793000000000000682e+01
1.429500940000000000e+10,-9.851000000000000512e+01
1.429500960000000000e+10,-9.757000000000000739e+01
1.429500980000000000e+10,-9.678000000000000114e+01
1.429501000000000000e+10,-9.675000000000000000e+01
1.429501020000000000e+10,-9.753000000000000114e+01
1.429501040000000000e+10,-9.692000000000000171e+01
1.429501060000000000e+10,-9.657999999999999829e+01
1.429501080000000000e+10,-9.518000000000000682e+01
1.429501100000000000e+10,-9.403000000000000114e+01
1.429501120000000000e+10,-9.198000000000000398e+01
1.429501140000000000e+10,-8.968000000000000682e+01
1.429501160000000000e+10,-8.729999999999999716e+01
1.429501180000000000e+10,-8.460999999999999943e+01
1.429501200000000000e+10,-8.192000000000000171e+01
1.429501220000000000e+10,-7.912000000000000455e+01
1.429501240000000000e+10,-7.610999999999999943e+01
1.429501260000000000e+10,-7.301000000000000512e+01
1.429501280000000000e+10,-7.007000000000000739e+01
1.429501300000000000e+10,-6.693999999999999773e+01
1.429501320000000000e+10,-6.375999999999999801e+01
1.429501340000000000e+10,-6.095000000000000284e+01
1.429501360000000000e+10,-5.802000000000000313e+01
1.429501380000000000e+10,-5.559000000000000341e+01
1.429501400000000000e+10,-5.366000000000000369e+01
1.429501420000000000e+10,-5.235000000000000142e+01
1.429501440000000000e+10,-5.193999999999999773e+01
1.429501460000000000e+10,-5.153999999999999915e+01
1.429501480000000000e+10,-5.203000000000000114e+01
1.429501500000000000e+10,-5.345000000000000284e+01
1.429501520000000000e+10,-5.530000000000000426e+01
1.429501540000000000e+10,-5.730000000000000426e+01
1.429501560000000000e+10,-5.981000000000000227e+01
1.429501580000000000e+10,-6.273000000000000398e+01
1.429501600000000000e+10,-6.595000000000000284e+01
1.429501620000000000e+10,-6.912999999999999545e+01
1.429501640000000000e+10,-7.225000000000000000e+01
1.429501660000000000e+10,-7.546000000000000796e+01
1.429501680000000000e+10,-7.848999999999999488e+01
1.429501700000000000e+10,-8.131000000000000227e+01
1.429501720000000000e+10,-8.409000000000000341e+01
1.429501740000000000e+10,-8.696000000000000796e+01
1.429501760000000000e+10,-8.954000000000000625e+01
1.429501780000000000e+10,-9.201999999999999602e+01
1.429501800000000000e+10,-9.401999999999999602e+01
1.429501820000000000e+10,-9.543999999999999773e+01
1.429501840000000000e+10,-9.685999999999999943e+01
1.429501860000000000e+10,-9.671999999999999886e+01
1.429501880000000000e+10,-9.651000000000000512e+01
1.429501900000000000e+10,-9.710000000000000853e+01
1.429501920000000000e+10,-9.676999999999999602e+01
1.429501940000000000e+10,-9.804999999999999716e+01
1.429501960000000000e+10,-9.801000000000000512e+01
1.429501980000000000e+10,-9.801000000000000512e+01
1.429502000000000000e+10,-9.742000000000000171e+01
1.429502020000000000e+10,-9.729000000000000625e+01
1.429502040000000000e+10,-9.793000000000000682e+01
1.429502060000000000e+10,-9.760000000000000853e+01
1.429502080000000000e+10,-9.751999999999999602e+01
1.429502100000000000e+10,-9.846999999999999886e+01
1.429502120000000000e+10,-9.823000000000000398e+01
1.429502140000000000e+10,-9.840000000000000568e+01
1.429502160000000000e+10,-9.843000000000000682e+01
1.429502180000000000e+10,-9.771999999999999886e+01
1.429502200000000000e+10,-9.751000000000000512e+01
1.429502220000000000e+10,-9.740000000000000568e+01
1.429502240000000000e+10,-9.779999999999999716e+01
1.429502260000000000e+10,-9.771999999999999886e+01
1.429502280000000000e+10,-9.714000000000000057e+01
1.429502300000000000e+10,-9.740000000000000568e+01
1.429502320000000000e+10,-9.764000000000000057e+01
1.429502340000000000e+10,-9.778000000000000114e+01
1.429502360000000000e+10,-9.737999999999999545e+01
1.429502380000000000e+10,-9.826999999999999602e+01
1.429502400000000000e+10,-9.817000000000000171e+01
1.429502420000000000e+10,-9.862999999999999545e+01
1.429502440000000000e+10,-9.890999999999999659e+01
1.429502460000000000e+10,-9.865000000000000568e+01
1.429502480000000000e+10,-9.732000000000000739e+01
1.429502500000000000e+10,-9.748000000000000398e+01
1.429502520000000000e+10,-9.793000000000000682e+01
1.429502540000000000e+10,-9.726999999999999602e+01
1.429502560000000000e+10,-9.760000000000000853e+01
1.429502580000000000e+10,-9.721000000000000796e+01
1.429502600000000000e+10,-9.646000000000000796e+01
1.429502620000000000e+10,-9.681000000000000227e+01
1.429502640000000000e+10,-9.685000000000000853e+01
1.429502660000000000e+10,-9.768000000000000682e+01
1.429502680000000000e+10,-9.746999999999999886e+01
1.429502700000000000e+10,-9.793999999999999773e+01
1.429502720000000000e+10,-9.823000000000000398e+01
1.429502740000000000e+10,-9.881000000000000227e+01
1.429502760000000000e+10,-9.870000000000000284e+01
1.429502780000000000e+10,-9.846000000000000796e+01
1.429502800000000000e+10,-9.735999999999999943e+01
1.429502820000000000e+10,-9.699000000000000909e+01
1.429502840000000000e+10,-9.751000000000000512e+01
1.429502860000000000e+10,-9.718999999999999773e+01
1.429502880000000000e+10,-9.779000000000000625e+01
1.429502900000000000e+10,-9.812999999999999545e+01
1.429502920000000000e+10,-9.737000000000000455e+01
1.429502940000000000e+10,-9.721999999999999886e+01
1.429502960000000000e+10,-9.796000000000000796e+01
1.429502980000000000e+10,-9.801000000000000512e+01
1.429503000000000000e+10,-9.823000000000000398e+01
1.429503020000000000e+10,-9.751000000000000512e+01
1.429503040000000000e+10,-9.860999999999999943e+01
1.429503060000000000e+10,-9.895000000000000284e+01
1.429503080000000000e+10,-9.787000000000000455e+01
1.429503100000000000e+10,-9.801000000000000512e+01
1.429503120000000000e+10,-9.782000000000000739e+01
1.429503140000000000e+10,-9.743000000000000682e+01
1.429503160000000000e+10,-9.748000000000000398e+01
1.429503180000000000e+10,-9.710000000000000853e+01
1.429503200000000000e+10,-9.734000000000000341e+01
1.429503220000000000e+10,-9.789000000000000057e+01
1.429503240000000000e+10,-9.751000000000000512e+01
1.429503260000000000e+10,-9.696999999999999886e+01
1.429503280000000000e+10,-9.696999999999999886e+01
1.429503300000000000e+10,-9.706000000000000227e+01
1.429503320000000000e+10,-9.801000000000000512e+01
1.429503340000000000e+10,-9.792000000000000171e+01
1.429503360000000000e+10,-9.775000000000000000e+01
1.429503380000000000e+10,-9.654999999999999716e+01
1.429503400000000000e+10,-9.742000000000000171e+01
1.429503420000000000e+10,-9.801000000000000512e+01
1.429503440000000000e+10,-9.806000000000000227e+01
1.429503460000000000e+10,-9.840000000000000568e+01
1.429503480000000000e+10,-9.778000000000000114e+01
1.429503500000000000e+10,-9.707000000000000739e+01
1.429503520000000000e+10,-9.668000000000000682e+01
1.429503540000000000e+10,-9.776000000000000512e+01
1.429503560000000000e+10,-9.717000000000000171e+01
1.429503580000000000e+10,-9.809000000000000341e+01
1.429503600000000000e+10,-9.821999999999999886e+01
1.429503620000000000e+10,-9.787000000000000455e+01
1.429503640000000000e+10,-9.748000000000000398e+01
1.429503660000000000e+10,-9.801000000000000512e+01
1.429503680000000000e+10,-9.773000000000000398e+01
1.429503700000000000e+10,-9.837000000000000455e+01
1.429503720000000000e+10,-9.801999999999999602e+01
1.429503740000000000e+10,-9.787999999999999545e+01
1.429503760000000000e+10,-9.778000000000000114e+01
1.429503780000000000e+10,-9.796000000000000796e+01
1.429503800000000000e+10,-9.725000000000000000e+01
1.429503820000000000e+10,-9.750000000000000000e+01
1.429503840000000000e+10,-9.704000000000000625e+01
1.429503860000000000e+10,-9.665000000000000568e+01
1.429503880000000000e+10,-9.746999999999999886e+01
1.429503900000000000e+10,-9.756000000000000227e+01
1.429503920000000000e+10,-9.720000000000000284e+01
1.429503940000000000e+10,-9.678000000000000114e+01
1.429503960000000000e+10,-9.732999999999999829e+01
1.429503980000000000e+10,-9.767000000000000171e+01
1.429504000000000000e+10,-9.823000000000000398e+01
1.429504020000000000e+10,-9.757999999999999829e+01
1.429504040000000000e+10,-9.840000000000000568e+01
1.429504060000000000e+10,-9.775000000000000000e+01
1.429504080000000000e+10,-9.823000000000000398e+01
1.429504100000000000e+10,-9.818999999999999773e+01
1.429504120000000000e+10,-9.746000000000000796e+01
1.429504140000000000e+10,-9.640000000000000568e+01
1.429504160000000000e+10,-9.767000000000000171e+01
1.429504180000000000e+10,-9.718000000000000682e+01
1.429504200000000000e+10,-9.754000000000000625e+01
1.429504220000000000e+10,-9.754000000000000625e+01
1.429504240000000000e+10,-9.714000000000000057e+01
1.429504260000000000e+10,-9.806000000000000227e+01
1.429504280000000000e+10,-9.846999999999999886e+01
1.429504300000000000e+10,-9.837999999999999545e+01
1.429504320000000000e+10,-9.756000000000000227e+01
1.429504340000000000e+10,-9.773000000000000398e+01
1.429504360000000000e+10,-9.787000000000000455e+01
1.429504380000000000e+10,-9.818999999999999773e+01
1.429504400000000000e+10,-9.850000000000000000e+01
1.429504420000000000e+10,-9.851999999999999602e+01
1.429504440000000000e+10,-9.834000000000000341e+01
1.429504460000000000e+10,-9.804999999999999716e+01
1.429504480000000000e+10,-9.707000000000000739e+01
1.429504500000000000e+10,-9.773000000000000398e+01
1.429504520000000000e+10,-9.821000000000000796e+01
1.429504540000000000e+10,-9.862000000000000455e+01
1.429504560000000000e+10,-9.812000000000000455e+01
1.429504580000000000e+10,-9.782999999999999829e+01
1.429504600000000000e+10,-9.746999999999999886e+01
1.429504620000000000e+10,-9.743000000000000682e+01
1.429504640000000000e+10,-9.775000000000000000e+01
1.429504660000000000e+10,-9.804999999999999716e+01
1.429504680000000000e+10,-9.885000000000000853e+01
1.429504700000000000e+10,-9.868999999999999773e+01
1.429504720000000000e+10,-9.735000000000000853e+01
1.429504740000000000e+10,-9.726000000000000512e+01
1.429504760000000000e+10,-9.718000000000000682e+01
1.429504780000000000e+10,-9.799000000000000909e+01
1.429504800000000000e+10,-9.732999999999999829e+01
1.429504820000000000e+10,-9.751000000000000512e+01
1.429504840000000000e+10,-9.778000000000000114e+01
1.429504860000000000e+10,-9.792000000000000171e+01
1.429504880000000000e+10,-9.864000000000000057e+01
1.429504900000000000e+10,-9.893999999999999773e+01
1.429504920000000000e+10,-9.878000000000000114e+01
1.429504940000000000e+10,-9.854999999999999716e+01
1.429504960000000000e+10,-9.871000000000000796e+01
1.429504980000000000e+10,-9.823000000000000398e+01
1.429505000000000000e+10,-9.837000000000000455e+01
1.620095000000000000e+10,-9.657999999999999829e+01
1.620095020000000000e+10,-9.651000000000000512e+01
1.620095040000000000e+10,-9.678000000000000114e+01
1.620095060000000000e+10,-9.668999999999999773e+01
1.620095080000000000e+10,-9.573000000000000398e+01
1.620095100000000000e+10,-9.560000000000000853e+01
1.620095120000000000e+10,-9.568000000000000682e+01
1.620095140000000000e+10,-9.596999999999999886e+01
1.620095160000000000e+10,-9.482000000000000739e+01
1.620095180000000000e+10,-9.556000000000000227e+01
1.620095200000000000e+10,-9.587999999999999545e+01
1.620095220000000000e+10,-9.648000000000000398e+01
1.620095240000000000e+10,-9.681000000000000227e+01
1.620095260000000000e+10,-9.640999999999999659e+01
1.620095280000000000e+10,-9.609000000000000341e+01
1.620095300000000000e+10,-9.584000000000000341e+01
1.620095320000000000e+10,-9.504000000000000625e+01
1.620095340000000000e+10,-9.510000000000000853e+01
1.620095360000000000e+10,-9.621000000000000796e+01
1.620095380000000000e+10,-9.632999999999999829e+01
1.620095400000000000e+10,-9.562000000000000455e+01
1.620095420000000000e+10,-9.534000000000000341e+01
1.620095440000000000e+10,-9.593000000000000682e+01
1.620095460000000000e+10,-9.593000000000000682e+01
1.620095480000000000e+10,-9.568000000000000682e+01
1.620095500000000000e+10,-9.623000000000000398e+01
1.620095520000000000e+10,-9.587000000000000455e+01
1.620095540000000000e+10,-9.659000000000000341e+01
1.620095560000000000e+10,-9.564000000000000057e+01
1.620095580000000000e+10,-9.540999999999999659e+01
1.620095600000000000e+10,-9.668000000000000682e+01
1.620095620000000000e+10,-9.707999999999999829e+01
1.620095640000000000e+10,-9.671000000000000796e+01
1.620095660000000000e+10,-9.634000000000000341e+01
1.620095680000000000e+10,-9.646999999999999886e+01
1.620095700000000000e+10,-9.623000000000000398e+01
1.620095720000000000e+10,-9.690000000000000568e+01
1.620095740000000000e+10,-9.459000000000000341e+01
1.620095760000000000e+10,-9.462999999999999545e+01
1.620095780000000000e+10,-9.535999999999999943e+01
1.620095800000000000e+10,-9.568000000000000682e+01
1.620095820000000000e+10,-9.585999999999999943e+01
1.620095840000000000e+10,-9.568000000000000682e+01
1.620095860000000000e+10,-9.609000000000000341e+01
1.620095880000000000e+10,-9.640000000000000568e+01
1.620095900000000000e+10,-9.637999999999999545e+01
1.620095920000000000e+10,-9.603000000000000114e+01
1.620095940000000000e+10,-9.604000000000000625e+01
1.620095960000000000e+10,-9.703000000000000114e+01
1.620095980000000000e+10,-9.490000000000000568e+01
1.620096000000000000e+10,-9.493000000000000682e+01
1.620096020000000000e+10,-9.593000000000000682e+01
1.620096040000000000e+10,-9.657000000000000739e+01
1.620096060000000000e+10,-9.640000000000000568e+01
1.620096080000000000e+10,-9.550000000000000000e+01
1.620096100000000000e+10,-9.498999999999999488e+01
1.620096120000000000e+10,-9.500000000000000000e+01
1.620096140000000000e+10,-9.464000000000000057e+01
1.620096160000000000e+10,-9.650000000000000000e+01
1.620096180000000000e+10,-9.690999999999999659e+01
1.620096200000000000e+10,-9.656000000000000227e+01
1.620096220000000000e+10,-9.757999999999999829e+01
1.620096240000000000e+10,-9.667000000000000171e+01
1.620096260000000000e+10,-9.676000000000000512e+01
1.620096280000000000e+10,-9.682000000000000739e+01
1.620096300000000000e+10,-9.653000000000000114e+01
1.620096320000000000e+10,-9.657000000000000739e+01
1.620096340000000000e+10,-9.610000000000000853e+01
1.620096360000000000e+10,-9.625000000000000000e+01
1.620096380000000000e+10,-9.609000000000000341e+01
1.620096400000000000e+10,-9.560000000000000853e+01
1.620096420000000000e+10,-9.562000000000000455e+01
1.620096440000000000e+10,-9.618000000000000682e+01
1.620096460000000000e+10,-9.560999999999999943e+01
1.620096480000000000e+10,-9.462000000000000455e+01
1.620096500000000000e+10,-9.425000000000000000e+01
1.620096520000000000e+10,-9.456000000000000227e+01
1.620096540000000000e+10,-9.531000000000000227e+01
1.620096560000000000e+10,-9.640999999999999659e+01
1.620096580000000000e+10,-9.618000000000000682e+01
1.620096600000000000e+10,-9.587999999999999545e+01
1.620096620000000000e+10,-9.589000000000000057e+01
1.620096640000000000e+10,-9.679999999999999716e+01
1.620096660000000000e+10,-9.649000000000000909e+01
1.620096680000000000e+10,-9.475000000000000000e+01
1.620096700000000000e+10,-9.498999999999999488e+01
1.620096720000000000e+10,-9.659000000000000341e+01
1.620096740000000000e+10,-9.609000000000000341e+01
1.620096760000000000e+10,-9.612000000000000455e+01
1.620096780000000000e+10,-9.650000000000000000e+01
1.620096800000000000e+10,-9.599000000000000909e+01
1.620096820000000000e+10,-9.665000000000000568e+01
1.620096840000000000e+10,-9.564000000000000057e+01
1.620096860000000000e+10,-9.528000000000000114e+01
1.620096880000000000e+10,-9.559000000000000341e+01
1.620096900000000000e+10,-9.660999999999999943e+01
1.620096920000000000e+10,-9.492000000000000171e+01
1.620096940000000000e+10,-9.564000000000000057e+01
1.620096960000000000e+10,-9.626999999999999602e+01
1.620096980000000000e+10,-9.595000000000000284e+01
1.620097000000000000e+10,-9.556000000000000227e+01
1.620097020000000000e+10,-9.528000000000000114e+01
1.620097040000000000e+10,-9.589000000000000057e+01
1.620097060000000000e+10,-9.540999999999999659e+01
1.620097080000000000e+10,-9.614000000000000057e+01
1.620097100000000000e+10,-9.623000000000000398e+01
1.620097120000000000e+10,-9.640999999999999659e+01
1.620097140000000000e+10,-9.485999999999999943e+01
1.620097160000000000e+10,-9.534000000000000341e+01
1.620097180000000000e+10,-9.548999999999999488e+01
1.620097200000000000e+10,-9.545000000000000284e+01
1.620097220000000000e+10,-9.640999999999999659e+01
1.620097240000000000e+10,-9.596999999999999886e+01
1.620097260000000000e+10,-9.606000000000000227e+01
1.620097280000000000e+10,-9.529999999999999716e+01
1.620097300000000000e+10,-9.451999999999999602e+01
1.620097320000000000e+10,-9.468000000000000682e+01
1.620097340000000000e+10,-9.571000000000000796e+01
1.620097360000000000e+10,-9.596999999999999886e+01
1.620097380000000000e+10,-9.737000000000000455e+01
1.620097400000000000e+10,-9.710999999999999943e+01
1.620097420000000000e+10,-9.587000000000000455e+01
1.620097440000000000e+10,-9.585000000000000853e+01
1.620097460000000000e+10,-9.500000000000000000e+01
1.620097480000000000e+10,-9.504000000000000625e+01
1.620097500000000000e+10,-9.481000000000000227e+01
1.620097520000000000e+10,-9.501999999999999602e+01
1.620097540000000000e+10,-9.462000000000000455e+01
1.620097560000000000e+10,-9.571999999999999886e+01
1.620097580000000000e+10,-9.604999999999999716e+01
1.620097600000000000e+10,-9.596999999999999886e+01
1.620097620000000000e+10,-9.668999999999999773e+01
1.620097640000000000e+10,-9.715000000000000568e+01
1.620097660000000000e+10,-9.615000000000000568e+01
1.620097680000000000e+10,-9.585999999999999943e+01
1.620097700000000000e+10,-9.654999999999999716e+01
1.620097720000000000e+10,-9.740999999999999659e+01
1.620097740000000000e+10,-9.701999999999999602e+01
1.620097760000000000e+10,-9.743999999999999773e+01
1.620097780000000000e+10,-9.724000000000000909e+01
1.620097800000000000e+10,-9.523000000000000398e+01
1.620097820000000000e+10,-9.517000000000000171e+01
1.620097840000000000e+10,-9.650000000000000000e+01
1.620097860000000000e+10,-9.570000000000000284e+01
1.620097880000000000e+10,-9.582000000000000739e+01
1.620097900000000000e+10,-9.643000000000000682e+01
1.620097920000000000e+10,-9.604000000000000625e+01
1.620097940000000000e+10,-9.632000000000000739e+01
1.620097960000000000e+10,-9.645000000000000284e+01
1.620097980000000000e+10,-9.687000000000000455e+01
1.620098000000000000e+10,-9.710999999999999943e+01
1.620098020000000000e+10,-9.682000000000000739e+01
1.620098040000000000e+10,-9.592000000000000171e+01
1.620098060000000000e+10,-9.621999999999999886e+01
1.620098080000000000e+10,-9.604999999999999716e+01
1.620098100000000000e+10,-9.437999999999999545e+01
1.620098120000000000e+10,-9.475000000000000000e+01
1.620098140000000000e+10,-9.618000000000000682e+01
1.620098160000000000e+10,-9.700000000000000000e+01
1.620098180000000000e+10,-9.717000000000000171e+01
1.620098200000000000e+10,-9.628000000000000114e+01
1.620098220000000000e+10,-9.632000000000000739e+01
1.620098240000000000e+10,-9.681000000000000227e+01
1.620098260000000000e+10,-9.668999999999999773e+01
1.620098280000000000e+10,-9.654000000000000625e+01
1.620098300000000000e+10,-9.628000000000000114e+01
1.620098320000000000e+10,-9.581000000000000227e+01
1.620098340000000000e+10,-9.578000000000000114e+01
1.620098360000000000e+10,-9.596000000000000796e+01
1.620098380000000000e+10,-9.604999999999999716e+01
1.620098400000000000e+10,-9.687000000000000455e+01
1.620098420000000000e+10,-9.648000000000000398e+01
1.620098440000000000e+10,-9.629999999999999716e+01
1.620098460000000000e+10,-9.729999999999999716e+01
1.620098480000000000e+10,-9.767000000000000171e+01
1.620098500000000000e+10,-9.814000000000000057e+01
1.620098520000000000e+10,-9.701000000000000512e+01
1.620098540000000000e+10,-9.665999999999999659e+01
1.620098560000000000e+10,-9.714000000000000057e+01
1.620098580000000000e+10,-9.660999999999999943e+01
1.620098600000000000e+10,-9.590999999999999659e+01
1.620098620000000000e+10,-9.534000000000000341e+01
1.620098640000000000e+10,-9.637999999999999545e+01
1.620098660000000000e+10,-9.660999999999999943e+01
1.620098680000000000e+10,-9.457000000000000739e+01
1.620098700000000000e+10,-9.417000000000000171e+01
1.620098720000000000e+10,-9.595000000000000284e+01
1.620098740000000000e+10,-9.639000000000000057e+01
1.620098760000000000e+10,-9.621999999999999886e+01
1.620098780000000000e+10,-9.720000000000000284e+01
1.620098800000000000e+10,-9.595000000000000284e+01
1.620098820000000000e+10,-9.529999999999999716e+01
1.620098840000000000e+10,-9.554000000000000625e+01
1.620098860000000000e+10,-9.582000000000000739e+01
1.620098880000000000e+10,-9.637999999999999545e+01
1.620098900000000000e+10,-9.601999999999999602e+01
1.620098920000000000e+10,-9.714000000000000057e+01
1.620098940000000000e+10,-9.676999999999999602e+01
1.620098960000000000e+10,-9.626999999999999602e+01
1.620098980000000000e+10,-9.573000000000000398e+01
1.620099000000000000e+10,-9.560000000000000853e+01
1.620099020000000000e+10,-9.565999999999999659e+01
1.620099040000000000e+10,-9.554000000000000625e+01
1.620099060000000000e+10,-9.529999999999999716e+01
1.620099080000000000e+10,-9.595000000000000284e+01
1.620099100000000000e+10,-9.687000000000000455e+01
1.620099120000000000e+10,-9.665999999999999659e+01
1.620099140000000000e+10,-9.521999999999999886e+01
1.620099160000000000e+10,-9.460999999999999943e+01
1.620099180000000000e+10,-9.601000000000000512e+01
1.620099200000000000e+10,-9.556000000000000227e+01
1.620099220000000000e+10,-9.537999999999999545e+01
1.620099240000000000e+10,-9.617000000000000171e+01
1.620099260000000000e+10,-9.610000000000000853e+01
1.620099280000000000e+10,-9.593000000000000682e+01
1.620099300000000000e+10,-9.590000000000000568e+01
1.620099320000000000e+10,-9.570000000000000284e+01
1.620099340000000000e+10,-9.604999999999999716e+01
1.620099360000000000e+10,-9.535000000000000853e+01
1.620099380000000000e+10,-9.528000000000000114e+01
1.620099400000000000e+10,-9.681000000000000227e+01
1.620099420000000000e+10,-9.629000000000000625e+01
1.620099440000000000e+10,-9.573000000000000398e+01
1.620099460000000000e+10,-9.554999999999999716e+01
1.620099480000000000e+10,-9.626000000000000512e+01
1.620099500000000000e+10,-9.623000000000000398e+01
1.620099520000000000e+10,-9.665000000000000568e+01
1.620099540000000000e+10,-9.626000000000000512e+01
1.620099560000000000e+10,-9.650000000000000000e+01
1.620099580000000000e+10,-9.731000000000000227e+01
1.620099600000000000e+10,-9.640000000000000568e+01
1.620099620000000000e+10,-9.675000000000000000e+01
1.620099640000000000e+10,-9.687000000000000455e+01
1.620099660000000000e+10,-9.601999999999999602e+01
1.620099680000000000e+10,-9.568999999999999773e+01
1.620099700000000000e+10,-9.570000000000000284e+01
1.620099720000000000e+10,-9.654999999999999716e+01
1.620099740000000000e+10,-9.668000000000000682e+01
1.620099760000000000e+10,-9.704000000000000625e+01
1.620099780000000000e+10,-9.698000000000000398e+01
1.620099800000000000e+10,-9.615000000000000568e+01
1.620099820000000000e+10,-9.550000000000000000e+01
1.620099840000000000e+10,-9.604000000000000625e+01
1.620099860000000000e+10,-9.564000000000000057e+01
1.620099880000000000e+10,-9.654999999999999716e+01
1.620099900000000000e+10,-9.575000000000000000e+01
1.620099920000000000e+10,-9.443999999999999773e+01
1.620099940000000000e+10,-9.425000000000000000e+01
1.620099960000000000e+10,-9.590000000000000568e+01
1.620099980000000000e+10,-9.599000000000000909e+01
1.620100000000000000e+10,-9.707000000000000739e+01
1.620100020000000000e+10,-9.668999999999999773e+01
1.620100040000000000e+10,-9.659000000000000341e+01
1.620100060000000000e+10,-9.628000000000000114e+01
1.620100080000000000e+10,-9.551999999999999602e+01
1.620100100000000000e+10,-9.540999999999999659e+01
1.620100120000000000e+10,-9.457999999999999829e+01
1.620100140000000000e+10,-9.525000000000000000e+01
1.620100160000000000e+10,-9.628000000000000114e+01
1.620100180000000000e+10,-9.681000000000000227e+01
1.620100200000000000e+10,-9.568000000000000682e+01
1.620100220000000000e+10,-9.564000000000000057e+01
1.620100240000000000e+10,-9.562999999999999545e+01
1.620100260000000000e+10,-9.674000000000000909e+01
1.620100280000000000e+10,-9.582000000000000739e+01
1.620100300000000000e+10,-9.537000000000000455e+01
1.620100320000000000e+10,-9.604999999999999716e+01
1.620100340000000000e+10,-9.725000000000000000e+01
1.620100360000000000e+10,-9.745000000000000284e+01
1.620100380000000000e+10,-9.551000000000000512e+01
1.620100400000000000e+10,-9.510999999999999943e+01
1.620100420000000000e+10,-9.523999999999999488e+01
1.620100440000000000e+10,-9.504999999999999716e+01
1.620100460000000000e+10,-9.560999999999999943e+01
1.620100480000000000e+10,-9.523000000000000398e+01
1.620100500000000000e+10,-9.615000000000000568e+01
1.620100520000000000e+10,-9.556000000000000227e+01
1.620100540000000000e+10,-9.578000000000000114e+01
1.620100560000000000e+10,-9.626000000000000512e+01
1.620100580000000000e+10,-9.587000000000000455e+01
1.620100600000000000e+10,-9.523000000000000398e+01
1.620100620000000000e+10,-9.487999999999999545e+01
1.620100640000000000e+10,-9.618000000000000682e+01
1.620100660000000000e+10,-9.610999999999999943e+01
1.620100680000000000e+10,-9.503000000000000114e+01
1.620100700000000000e+10,-9.514000000000000057e+01
1.620100720000000000e+10,-9.576999999999999602e+01
1.620100740000000000e+10,-9.657999999999999829e+01
1.620100760000000000e+10,-9.626000000000000512e+01
1.620100780000000000e+10,-9.593999999999999773e+01
1.620100800000000000e+10,-9.567000000000000171e+01
1.620100820000000000e+10,-9.587000000000000455e+01
1.620100840000000000e+10,-9.581000000000000227e+01
1.620100860000000000e+10,-9.628000000000000114e+01
1.620100880000000000e+10,-9.590999999999999659e+01
1.620100900000000000e+10,-9.543000000000000682e+01
1.620100920000000000e+10,-9.437000000000000455e+01
1.620100940000000000e+10,-9.448000000000000398e+01
1.620100960000000000e+10,-9.465999999999999659e+01
1.620100980000000000e+10,-9.440999999999999659e+01
1.620101000000000000e+10,-9.498000000000000398e+01
1.620101020000000000e+10,-9.537999999999999545e+01
1.620101040000000000e+10,-9.643000000000000682e+01
1.620101060000000000e+10,-9.601999999999999602e+01
1.620101080000000000e+10,-9.479999999999999716e+01
1.620101100000000000e+10,-9.464000000000000057e+01
1.620101120000000000e+10,-9.496999999999999886e+01
1.620101140000000000e+10,-9.556000000000000227e+01
1.620101160000000000e+10,-9.564000000000000057e+01
1.620101180000000000e+10,-9.534000000000000341e+01
1.620101200000000000e+10,-9.504000000000000625e+01
1.620101220000000000e+10,-9.432000000000000739e+01
1.620101240000000000e+10,-9.271999999999999886e+01
1.620101260000000000e+10,-9.046999999999999886e+01
1.620101280000000000e+10,-8.793000000000000682e+01
1.620101300000000000e+10,-8.482999999999999829e+01
1.620101320000000000e+10,-8.187999999999999545e+01
1.620101340000000000e+10,-7.882999999999999829e+01
1.620101360000000000e+10,-7.548000000000000398e+01
1.620101380000000000e+10,-7.251000000000000512e+01
1.620101400000000000e+10,-6.945000000000000284e+01
1.620101420000000000e+10,-6.632999999999999829e+01
1.620101440000000000e+10,-6.353999999999999915e+01
1.620101460000000000e+10,-6.110000000000000142e+01
1.620101480000000000e+10,-5.925999999999999801e+01
1.620101500000000000e+10,-5.825000000000000000e+01
1.620101520000000000e+10,-5.782000000000000028e+01
1.620101540000000000e+10,-5.755000000000000426e+01
1.620101560000000000e+10,-5.834000000000000341e+01
1.620101580000000000e+10,-6.000000000000000000e+01
1.620101600000000000e+10,-6.173000000000000398e+01
1.620101620000000000e+10,-6.389999999999999858e+01
1.620101640000000000e+10,-6.665999999999999659e+01
1.620101660000000000e+10,-6.957999999999999829e+01
1.620101680000000000e+10,-7.256000000000000227e+01
1.620101700000000000e+10,-7.593999999999999773e+01
1.620101720000000000e+10,-7.925000000000000000e+01
1.620101740000000000e+10,-8.223999999999999488e+01
1.620101760000000000e+10,-8.531000000000000227e+01
1.620101780000000000e+10,-8.837000000000000455e+01
1.620101800000000000e+10,-9.106000000000000227e+01
1.620101820000000000e+10,-9.323999999999999488e+01
1.620101840000000000e+10,-9.435999999999999943e+01
1.620101860000000000e+10,-9.523999999999999488e+01
1.620101880000000000e+10,-9.465999999999999659e+01
1.620101900000000000e+10,-9.385000000000000853e+01
1.620101920000000000e+10,-9.526000000000000512e+01
1.620101940000000000e+10,-9.632999999999999829e+01
1.620101960000000000e+10,-9.446000000000000796e+01
1.620101980000000000e+10,-9.548000000000000398e+01
1.620102000000000000e+10,-9.468000000000000682e+01
1.620102020000000000e+10,-9.490000000000000568e+01
1.620102040000000000e+10,-9.582000000000000739e+01
1.620102060000000000e+10,-9.520000000000000284e+01
1.620102080000000000e+10,-9.521999999999999886e+01
1.620102100000000000e+10,-9.609000000000000341e+01
1.620102120000000000e+10,-9.571000000000000796e+01
1.620102140000000000e+10,-9.578000000000000114e+01
1.620102160000000000e+10,-9.664000000000000057e+01
1.620102180000000000e+10,-9.692000000000000171e+01
1.620102200000000000e+10,-9.573000000000000398e+01
1.620102220000000000e+10,-9.435999999999999943e+01
1.620102240000000000e+10,-9.493000000000000682e+01
1.620102260000000000e+10,-9.578000000000000114e+01
1.620102280000000000e+10,-9.601000000000000512e+01
1.620102300000000000e+10,-9.562000000000000455e+01
1.620102320000000000e+10,-9.510000000000000853e+01
1.620102340000000000e+10,-9.589000000000000057e+01
1.620102360000000000e+10,-9.606000000000000227e+01
1.620102380000000000e+10,-9.664000000000000057e+01
1.620102400000000000e+10,-9.673000000000000398e+01
1.620102420000000000e+10,-9.612999999999999545e+01
1.620102440000000000e+10,-9.656000000000000227e+01
1.620102460000000000e+10,-9.621000000000000796e+01
1.620102480000000000e+10,-9.556000000000000227e+01
1.620102500000000000e+10,-9.534000000000000341e+01
1.620102520000000000e+10,-9.618999999999999773e+01
1.620102540000000000e+10,-9.649000000000000909e+01
1.620102560000000000e+10,-9.674000000000000909e+01
1.620102580000000000e+10,-9.432000000000000739e+01
1.620102600000000000e+10,-9.448000000000000398e+01
1.620102620000000000e+10,-9.578000000000000114e+01
1.620102640000000000e+10,-9.612000000000000455e+01
1.620102660000000000e+10,-9.604000000000000625e+01
1.620102680000000000e+10,-9.635000000000000853e+01
1.620102700000000000e+10,-9.596000000000000796e+01
1.620102720000000000e+10,-9.645000000000000284e+01
1.620102740000000000e+10,-9.660000000000000853e+01
1.620102760000000000e+10,-9.678000000000000114e+01
1.620102780000000000e+10,-9.454000000000000625e+01
1.620102800000000000e+10,-9.476000000000000512e+01
1.620102820000000000e+10,-9.534000000000000341e+01
1.620102840000000000e+10,-9.498000000000000398e+01
1.620102860000000000e+10,-9.510999999999999943e+01
1.620102880000000000e+10,-9.615000000000000568e+01
1.620102900000000000e+10,-9.579999999999999716e+01
1.620102920000000000e+10,-9.640999999999999659e+01
1.620102940000000000e+10,-9.614000000000000057e+01
1.620102960000000000e+10,-9.557000000000000739e+01
1.620102980000000000e+10,-9.585999999999999943e+01
1.620103000000000000e+10,-9.607000000000000739e+01
1.620103020000000000e+10,-9.671999999999999886e+01
1.620103040000000000e+10,-9.696000000000000796e+01
1.620103060000000000e+10,-9.721000000000000796e+01
1.620103080000000000e+10,-9.701999999999999602e+01
1.620103100000000000e+10,-9.600000000000000000e+01
1.620103120000000000e+10,-9.557000000000000739e+01
1.620103140000000000e+10,-9.628000000000000114e+01
1.620103160000000000e+10,-9.640000000000000568e+01
1.620103180000000000e+10,-9.596000000000000796e+01
1.620103200000000000e+10,-9.637000000000000455e+01
1.620103220000000000e+10,-9.626000000000000512e+01
1.620103240000000000e+10,-9.623000000000000398e+01
1.620103260000000000e+10,-9.521000000000000796e+01
1.620103280000000000e+10,-9.482999999999999829e+01
1.620103300000000000e+10,-9.620000000000000284e+01
1.620103320000000000e+10,-9.560000000000000853e+01
1.620103340000000000e+10,-9.626999999999999602e+01
1.620103360000000000e+10,-9.609000000000000341e+01
1.620103380000000000e+10,-9.412000000000000455e+01
1.620103400000000000e+10,-9.403000000000000114e+01
1.620103420000000000e+10,-9.437000000000000455e+01
1.620103440000000000e+10,-9.574000000000000909e+01
1.620103460000000000e+10,-9.560000000000000853e+01
1.620103480000000000e+10,-9.645000000000000284e+01
1.620103500000000000e+10,-9.587999999999999545e+01
1.620103520000000000e+10,-9.675000000000000000e+01
1.620103540000000000e+10,-9.621999999999999886e+01
1.620103560000000000e+10,-9.626999999999999602e+01
1.620103580000000000e+10,-9.590999999999999659e+01
1.620103600000000000e+10,-9.579999999999999716e+01
1.620103620000000000e+10,-9.573000000000000398e+01
1.620103640000000000e+10,-9.609000000000000341e+01
1.620103660000000000e+10,-9.598000000000000398e+01
1.620103680000000000e+10,-9.550000000000000000e+01
1.620103700000000000e+10,-9.528000000000000114e+01
1.620103720000000000e+10,-9.604000000000000625e+01
1.620103740000000000e+10,-9.696000000000000796e+01
1.620103760000000000e+10,-9.687000000000000455e+01
1.620103780000000000e+10,-9.581000000000000227e+01
1.620103800000000000e+10,-9.548000000000000398e+01
1.620103820000000000e+10,-9.634000000000000341e+01
1.620103840000000000e+10,-9.668000000000000682e+01
1.620103860000000000e+10,-9.637000000000000455e+01
1.620103880000000000e+10,-9.604000000000000625e+01
1.620103900000000000e+10,-9.587000000000000455e+01
1.620103920000000000e+10,-9.545000000000000284e+01
1.620103940000000000e+10,-9.582000000000000739e+01
1.620103960000000000e+10,-9.554000000000000625e+01
1.620103980000000000e+10,-9.498000000000000398e+01
1.620104000000000000e+10,-9.596000000000000796e+01
1.620104020000000000e+10,-9.582000000000000739e+01
1.620104040000000000e+10,-9.671999999999999886e+01
1.620104060000000000e+10,-9.548999999999999488e+01
1.620104080000000000e+10,-9.579000000000000625e+01
1.620104100000000000e+10,-9.542000000000000171e+01
1.620104120000000000e+10,-9.493000000000000682e+01
1.620104140000000000e+10,-9.537000000000000455e+01
1.620104160000000000e+10,-9.570000000000000284e+01
1.620104180000000000e+10,-9.484000000000000341e+01
1.620104200000000000e+10,-9.550000000000000000e+01
1.620104220000000000e+10,-9.665000000000000568e+01
1.620104240000000000e+10,-9.642000000000000171e+01
1.620104260000000000e+10,-9.646000000000000796e+01
1.620104280000000000e+10,-9.621999999999999886e+01
1.620104300000000000e+10,-9.687999999999999545e+01
1.620104320000000000e+10,-9.689000000000000057e+01
1.620104340000000000e+10,-9.621999999999999886e+01
1.620104360000000000e+10,-9.523000000000000398e+01
1.620104380000000000e+10,-9.528000000000000114e+01
1.620104400000000000e+10,-9.520000000000000284e+01
1.620104420000000000e+10,-9.496999999999999886e+01
1.620104440000000000e+10,-9.629000000000000625e+01
1.620104460000000000e+10,-9.682000000000000739e+01
1.620104480000000000e+10,-9.615000000000000568e+01
1.620104500000000000e+10,-9.678000000000000114e+01
1.620104520000000000e+10,-9.528000000000000114e+01
1.620104540000000000e+10,-9.525000000000000000e+01
1.620104560000000000e+10,-9.506000000000000227e+01
1.620104580000000000e+10,-9.478000000000000114e+01
1.620104600000000000e+10,-9.425000000000000000e+01
1.620104620000000000e+10,-9.585999999999999943e+01
1.620104640000000000e+10,-9.640000000000000568e+01
1.620104660000000000e+10,-9.671999999999999886e+01
1.620104680000000000e+10,-9.729000000000000625e+01
1.620104700000000000e+10,-9.617000000000000171e+01
1.620104720000000000e+10,-9.595000000000000284e+01
1.620104740000000000e+10,-9.671000000000000796e+01
1.620104760000000000e+10,-9.571999999999999886e+01
1.620104780000000000e+10,-9.626000000000000512e+01
1.620104800000000000e+10,-9.718000000000000682e+01
1.620104820000000000e+10,-9.670000000000000284e+01
1.620104840000000000e+10,-9.582000000000000739e+01
1.620104860000000000e+10,-9.609000000000000341e+01
1.620104880000000000e+10,-9.657000000000000739e+01
1.620104900000000000e+10,-9.651999999999999602e+01
1.620104920000000000e+10,-9.710000000000000853e+01
1.620104940000000000e+10,-9.615000000000000568e+01
1.620104960000000000e+10,-9.514000000000000057e+01
1.620104980000000000e+10,-9.564000000000000057e+01
1.620105000000000000e+10,-9.618000000000000682e+01
1.810695000000000000e+10,-9.279000000000000625e+01
1.810695020000000000e+10,-9.309000000000000341e+01
1.810695040000000000e+10,-9.421000000000000796e+01
1.810695060000000000e+10,-9.481000000000000227e+01
1.810695080000000000e+10,-9.489000000000000057e+01
1.810695100000000000e+10,-9.360999999999999943e+01
1.810695120000000000e+10,-9.346999999999999886e+01
1.810695140000000000e+10,-9.328000000000000114e+01
1.810695160000000000e+10,-9.384000000000000341e+01
1.810695180000000000e+10,-9.237999999999999545e+01
1.810695200000000000e+10,-9.195000000000000284e+01
1.810695220000000000e+10,-9.340000000000000568e+01
1.810695240000000000e+10,-9.318000000000000682e+01
1.810695260000000000e+10,-9.465999999999999659e+01
1.810695280000000000e+10,-9.465000000000000568e+01
1.810695300000000000e+10,-9.554000000000000625e+01
1.810695320000000000e+10,-9.387000000000000455e+01
1.810695340000000000e+10,-9.371000000000000796e+01
1.810695360000000000e+10,-9.309000000000000341e+01
1.810695380000000000e+10,-9.357000000000000739e+01
1.810695400000000000e+10,-9.395000000000000284e+01
1.810695420000000000e+10,-9.484000000000000341e+01
1.810695440000000000e+10,-9.387000000000000455e+01
1.810695460000000000e+10,-9.384000000000000341e+01
1.810695480000000000e+10,-9.318000000000000682e+01
1.810695500000000000e+10,-9.357000000000000739e+01
1.810695520000000000e+10,-9.225000000000000000e+01
1.810695540000000000e+10,-9.290999999999999659e+01
1.810695560000000000e+10,-9.243999999999999773e+01
1.810695580000000000e+10,-9.265999999999999659e+01
1.810695600000000000e+10,-9.248999999999999488e+01
1.810695620000000000e+10,-9.317000000000000171e+01
1.810695640000000000e+10,-9.403000000000000114e+01
1.810695660000000000e+10,-9.335999999999999943e+01
1.810695680000000000e+10,-9.365000000000000568e+01
1.810695700000000000e+10,-9.462000000000000455e+01
1.810695720000000000e+10,-9.362000000000000455e+01
1.810695740000000000e+10,-9.432000000000000739e+01
1.810695760000000000e+10,-9.462999999999999545e+01
1.810695780000000000e+10,-9.368000000000000682e+01
1.810695800000000000e+10,-9.451999999999999602e+01
1.810695820000000000e+10,-9.407000000000000739e+01
1.810695840000000000e+10,-9.420000000000000284e+01
1.810695860000000000e+10,-9.307999999999999829e+01
1.810695880000000000e+10,-9.332000000000000739e+01
1.810695900000000000e+10,-9.293999999999999773e+01
1.810695920000000000e+10,-9.412000000000000455e+01
1.810695940000000000e+10,-9.321999999999999886e+01
1.810695960000000000e+10,-9.281000000000000227e+01
1.810695980000000000e+10,-9.304000000000000625e+01
1.810696000000000000e+10,-9.265999999999999659e+01
1.810696020000000000e+10,-9.426000000000000512e+01
1.810696040000000000e+10,-9.462999999999999545e+01
1.810696060000000000e+10,-9.421999999999999886e+01
1.810696080000000000e+10,-9.354999999999999716e+01
1.810696100000000000e+10,-9.343999999999999773e+01
1.810696120000000000e+10,-9.306000000000000227e+01
1.810696140000000000e+10,-9.362000000000000455e+01
1.810696160000000000e+10,-9.407999999999999829e+01
1.810696180000000000e+10,-9.414000000000000057e+01
1.810696200000000000e+10,-9.325000000000000000e+01
1.810696220000000000e+10,-9.351000000000000512e+01
1.810696240000000000e+10,-9.465000000000000568e+01
1.810696260000000000e+10,-9.473999999999999488e+01
1.810696280000000000e+10,-9.379999999999999716e+01
1.810696300000000000e+10,-9.382999999999999829e+01
1.810696320000000000e+10,-9.425000000000000000e+01
1.810696340000000000e+10,-9.428000000000000114e+01
1.810696360000000000e+10,-9.390000000000000568e+01
1.810696380000000000e+10,-9.445000000000000284e+01
1.810696400000000000e+10,-9.448000000000000398e+01
1.810696420000000000e+10,-9.407999999999999829e+01
1.810696440000000000e+10,-9.489000000000000057e+01
1.810696460000000000e+10,-9.390000000000000568e+01
1.810696480000000000e+10,-9.320000000000000284e+01
1.810696500000000000e+10,-9.343999999999999773e+01
1.810696520000000000e+10,-9.335999999999999943e+01
1.810696540000000000e+10,-9.367000000000000171e+01
1.810696560000000000e+10,-9.357999999999999829e+01
1.810696580000000000e+10,-9.340000000000000568e+01
1.810696600000000000e+10,-9.304999999999999716e+01
1.810696620000000000e+10,-9.315000000000000568e+01
1.810696640000000000e+10,-9.457999999999999829e+01
1.810696660000000000e+10,-9.426000000000000512e+01
1.810696680000000000e+10,-9.317000000000000171e+01
1.810696700000000000e+10,-9.342000000000000171e+01
1.810696720000000000e+10,-9.384000000000000341e+01
1.810696740000000000e+10,-9.340000000000000568e+01
1.810696760000000000e+10,-9.307999999999999829e+01
1.810696780000000000e+10,-9.357999999999999829e+01
1.810696800000000000e+10,-9.340000000000000568e+01
1.810696820000000000e+10,-9.409000000000000341e+01
1.810696840000000000e+10,-9.375000000000000000e+01
1.810696860000000000e+10,-9.353000000000000114e+01
1.810696880000000000e+10,-9.312000000000000455e+01
1.810696900000000000e+10,-9.289000000000000057e+01
1.810696920000000000e+10,-9.298000000000000398e+01
1.810696940000000000e+10,-9.306000000000000227e+01
1.810696960000000000e+10,-9.321999999999999886e+01
1.810696980000000000e+10,-9.298000000000000398e+01
1.810697000000000000e+10,-9.376999999999999602e+01
1.810697020000000000e+10,-9.373999999999999488e+01
1.810697040000000000e+10,-9.332999999999999829e+01
1.810697060000000000e+10,-9.415999999999999659e+01
1.810697080000000000e+10,-9.340000000000000568e+01
1.810697100000000000e+10,-9.301000000000000512e+01
1.810697120000000000e+10,-9.256000000000000227e+01
1.810697140000000000e+10,-9.337999999999999545e+01
1.810697160000000000e+10,-9.321999999999999886e+01
1.810697180000000000e+10,-9.229000000000000625e+01
1.810697200000000000e+10,-9.345000000000000284e+01
1.810697220000000000e+10,-9.451000000000000512e+01
1.810697240000000000e+10,-9.390999999999999659e+01
1.810697260000000000e+10,-9.295000000000000284e+01
1.810697280000000000e+10,-9.321999999999999886e+01
1.810697300000000000e+10,-9.317000000000000171e+01
1.810697320000000000e+10,-9.276000000000000512e+01
1.810697340000000000e+10,-9.381000000000000227e+01
1.810697360000000000e+10,-9.317000000000000171e+01
1.810697380000000000e+10,-9.296000000000000796e+01
1.810697400000000000e+10,-9.410000000000000853e+01
1.810697420000000000e+10,-9.404999999999999716e+01
1.810697440000000000e+10,-9.367000000000000171e+01
1.810697460000000000e+10,-9.393999999999999773e+01
1.810697480000000000e+10,-9.339000000000000057e+01
1.810697500000000000e+10,-9.326999999999999602e+01
1.810697520000000000e+10,-9.451000000000000512e+01
1.810697540000000000e+10,-9.385000000000000853e+01
1.810697560000000000e+10,-9.235999999999999943e+01
1.810697580000000000e+10,-9.285999999999999943e+01
1.810697600000000000e+10,-9.440999999999999659e+01
1.810697620000000000e+10,-9.404999999999999716e+01
1.810697640000000000e+10,-9.393999999999999773e+01
1.810697660000000000e+10,-9.357999999999999829e+01
1.810697680000000000e+10,-9.368999999999999773e+01
1.810697700000000000e+10,-9.392000000000000171e+01
1.810697720000000000e+10,-9.390000000000000568e+01
1.810697740000000000e+10,-9.457999999999999829e+01
1.810697760000000000e+10,-9.496999999999999886e+01
1.810697780000000000e+10,-9.417000000000000171e+01
1.810697800000000000e+10,-9.417000000000000171e+01
1.810697820000000000e+10,-9.465000000000000568e+01
1.810697840000000000e+10,-9.431000000000000227e+01
1.810697860000000000e+10,-9.367000000000000171e+01
1.810697880000000000e+10,-9.390000000000000568e+01
1.810697900000000000e+10,-9.331000000000000227e+01
1.810697920000000000e+10,-9.323000000000000398e+01
1.810697940000000000e+10,-9.371999999999999886e+01
1.810697960000000000e+10,-9.315000000000000568e+01
1.810697980000000000e+10,-9.360999999999999943e+01
1.810698000000000000e+10,-9.346999999999999886e+01
1.810698020000000000e+10,-9.407000000000000739e+01
1.810698040000000000e+10,-9.387000000000000455e+01
1.810698060000000000e+10,-9.429999999999999716e+01
1.810698080000000000e+10,-9.276000000000000512e+01
1.810698100000000000e+10,-9.265999999999999659e+01
1.810698120000000000e+10,-9.337000000000000455e+01
1.810698140000000000e+10,-9.367000000000000171e+01
1.810698160000000000e+10,-9.409000000000000341e+01
1.810698180000000000e+10,-9.371000000000000796e+01
1.810698200000000000e+10,-9.398999999999999488e+01
1.810698220000000000e+10,-9.429999999999999716e+01
1.810698240000000000e+10,-9.326000000000000512e+01
1.810698260000000000e+10,-9.364000000000000057e+01
1.810698280000000000e+10,-9.326000000000000512e+01
1.810698300000000000e+10,-9.373999999999999488e+01
1.810698320000000000e+10,-9.368999999999999773e+01
1.810698340000000000e+10,-9.326999999999999602e+01
1.810698360000000000e+10,-9.443999999999999773e+01
1.810698380000000000e+10,-9.456000000000000227e+01
1.810698400000000000e+10,-9.418000000000000682e+01
1.810698420000000000e+10,-9.223000000000000398e+01
1.810698440000000000e+10,-9.246000000000000796e+01
1.810698460000000000e+10,-9.390000000000000568e+01
1.810698480000000000e+10,-9.365999999999999659e+01
1.810698500000000000e+10,-9.334000000000000341e+01
1.810698520000000000e+10,-9.453000000000000114e+01
1.810698540000000000e+10,-9.415999999999999659e+01
1.810698560000000000e+10,-9.385000000000000853e+01
1.810698580000000000e+10,-9.326999999999999602e+01
1.810698600000000000e+10,-9.226000000000000512e+01
1.810698620000000000e+10,-9.290000000000000568e+01
1.810698640000000000e+10,-9.381000000000000227e+01
1.810698660000000000e+10,-9.287000000000000455e+01
1.810698680000000000e+10,-9.301999999999999602e+01
1.810698700000000000e+10,-9.351000000000000512e+01
1.810698720000000000e+10,-9.384000000000000341e+01
1.810698740000000000e+10,-9.421999999999999886e+01
1.810698760000000000e+10,-9.404999999999999716e+01
1.810698780000000000e+10,-9.471999999999999886e+01
1.810698800000000000e+10,-9.371999999999999886e+01
1.810698820000000000e+10,-9.398000000000000398e+01
1.810698840000000000e+10,-9.359000000000000341e+01
1.810698860000000000e+10,-9.407000000000000739e+01
1.810698880000000000e+10,-9.482000000000000739e+01
1.810698900000000000e+10,-9.321999999999999886e+01
1.810698920000000000e+10,-9.331000000000000227e+01
1.810698940000000000e+10,-9.417000000000000171e+01
1.810698960000000000e+10,-9.507999999999999829e+01
1.810698980000000000e+10,-9.514000000000000057e+01
1.810699000000000000e+10,-9.390000000000000568e+01
1.810699020000000000e+10,-9.351999999999999602e+01
1.810699040000000000e+10,-9.473999999999999488e+01
1.810699060000000000e+10,-9.448000000000000398e+01
1.810699080000000000e+10,-9.445000000000000284e+01
1.810699100000000000e+10,-9.457999999999999829e+01
1.810699120000000000e+10,-9.462999999999999545e+01
1.810699140000000000e+10,-9.332000000000000739e+01
1.810699160000000000e+10,-9.295000000000000284e+01
1.810699180000000000e+10,-9.278000000000000114e+01
1.810699200000000000e+10,-9.332999999999999829e+01
1.810699220000000000e+10,-9.346999999999999886e+01
1.810699240000000000e+10,-9.235999999999999943e+01
1.810699260000000000e+10,-9.196999999999999886e+01
1.810699280000000000e+10,-9.365000000000000568e+01
1.810699300000000000e+10,-9.357999999999999829e+01
1.810699320000000000e+10,-9.360999999999999943e+01
1.810699340000000000e+10,-9.340000000000000568e+01
1.810699360000000000e+10,-9.437000000000000455e+01
1.810699380000000000e+10,-9.498000000000000398e+01
1.810699400000000000e+10,-9.381000000000000227e+01
1.810699420000000000e+10,-9.307000000000000739e+01
1.810699440000000000e+10,-9.254000000000000625e+01
1.810699460000000000e+10,-9.221999999999999886e+01
1.810699480000000000e+10,-9.287000000000000455e+01
1.810699500000000000e+10,-9.421999999999999886e+01
1.810699520000000000e+10,-9.242000000000000171e+01
1.810699540000000000e+10,-9.304000000000000625e+01
1.810699560000000000e+10,-9.367000000000000171e+01
1.810699580000000000e+10,-9.390000000000000568e+01
1.810699600000000000e+10,-9.479999999999999716e+01
1.810699620000000000e+10,-9.451999999999999602e+01
1.810699640000000000e+10,-9.323999999999999488e+01
1.810699660000000000e+10,-9.331000000000000227e+01
1.810699680000000000e+10,-9.292000000000000171e+01
1.810699700000000000e+10,-9.401000000000000512e+01
1.810699720000000000e+10,-9.462999999999999545e+01
1.810699740000000000e+10,-9.410000000000000853e+01
1.810699760000000000e+10,-9.395000000000000284e+01
1.810699780000000000e+10,-9.481000000000000227e+01
1.810699800000000000e+10,-9.396999999999999886e+01
1.810699820000000000e+10,-9.403000000000000114e+01
1.810699840000000000e+10,-9.432000000000000739e+01
1.810699860000000000e+10,-9.406000000000000227e+01
1.810699880000000000e+10,-9.401000000000000512e+01
1.810699900000000000e+10,-9.362000000000000455e+01
1.810699920000000000e+10,-9.445000000000000284e+01
1.810699940000000000e+10,-9.401000000000000512e+01
1.810699960000000000e+10,-9.371999999999999886e+01
1.810699980000000000e+10,-9.368999999999999773e+01
1.810700000000000000e+10,-9.401000000000000512e+01
1.810700020000000000e+10,-9.390000000000000568e+01
1.810700040000000000e+10,-9.457999999999999829e+01
1.810700060000000000e+10,-9.373000000000000398e+01
1.810700080000000000e+10,-9.332999999999999829e+01
1.810700100000000000e+10,-9.445000000000000284e+01
1.810700120000000000e+10,-9.456000000000000227e+01
1.810700140000000000e+10,-9.462000000000000455e+01
1.810700160000000000e+10,-9.510000000000000853e+01
1.810700180000000000e+10,-9.375000000000000000e+01
1.810700200000000000e+10,-9.364000000000000057e+01
1.810700220000000000e+10,-9.312000000000000455e+01
1.810700240000000000e+10,-9.443000000000000682e+01
1.810700260000000000e+10,-9.496999999999999886e+01
1.810700280000000000e+10,-9.326999999999999602e+01
1.810700300000000000e+10,-9.418000000000000682e+01
1.810700320000000000e+10,-9.367000000000000171e+01
1.810700340000000000e+10,-9.340999999999999659e+01
1.810700360000000000e+10,-9.304999999999999716e+01
1.810700380000000000e+10,-9.304000000000000625e+01
1.810700400000000000e+10,-9.325000000000000000e+01
1.810700420000000000e+10,-9.354999999999999716e+01
1.810700440000000000e+10,-9.331000000000000227e+01
1.810700460000000000e+10,-9.328000000000000114e+01
1.810700480000000000e+10,-9.362999999999999545e+01
1.810700500000000000e+10,-9.398000000000000398e+01
1.810700520000000000e+10,-9.457999999999999829e+01
1.810700540000000000e+10,-9.357999999999999829e+01
1.810700560000000000e+10,-9.426000000000000512e+01
1.810700580000000000e+10,-9.357999999999999829e+01
1.810700600000000000e+10,-9.359000000000000341e+01
1.810700620000000000e+10,-9.321000000000000796e+01
1.810700640000000000e+10,-9.335000000000000853e+01
1.810700660000000000e+10,-9.201000000000000512e+01
1.810700680000000000e+10,-9.248999999999999488e+01
1.810700700000000000e+10,-9.367000000000000171e+01
1.810700720000000000e+10,-9.371999999999999886e+01
1.810700740000000000e+10,-9.426000000000000512e+01
1.810700760000000000e+10,-9.404000000000000625e+01
1.810700780000000000e+10,-9.414000000000000057e+01
1.810700800000000000e+10,-9.331000000000000227e+01
1.810700820000000000e+10,-9.290999999999999659e+01
1.810700840000000000e+10,-9.248999999999999488e+01
1.810700860000000000e+10,-9.210999999999999943e+01
1.810700880000000000e+10,-9.385000000000000853e+01
1.810700900000000000e+10,-9.482999999999999829e+01
1.810700920000000000e+10,-9.440999999999999659e+01
1.810700940000000000e+10,-9.362000000000000455e+01
1.810700960000000000e+10,-9.420000000000000284e+01
1.810700980000000000e+10,-9.334000000000000341e+01
1.810701000000000000e+10,-9.321000000000000796e+01
1.810701020000000000e+10,-9.317000000000000171e+01
1.810701040000000000e+10,-9.418999999999999773e+01
1.810701060000000000e+10,-9.367000000000000171e+01
1.810701080000000000e+10,-9.285999999999999943e+01
1.810701100000000000e+10,-9.448999999999999488e+01
1.810701120000000000e+10,-9.346000000000000796e+01
1.810701140000000000e+10,-9.362000000000000455e+01
1.810701160000000000e+10,-9.379000000000000625e+01
1.810701180000000000e+10,-9.392000000000000171e+01
1.810701200000000000e+10,-9.412999999999999545e+01
1.810701220000000000e+10,-9.346999999999999886e+01
1.810701240000000000e+10,-9.310999999999999943e+01
1.810701260000000000e+10,-9.382999999999999829e+01
1.810701280000000000e+10,-9.376000000000000512e+01
1.810701300000000000e+10,-9.442000000000000171e+01
1.810701320000000000e+10,-9.409000000000000341e+01
1.810701340000000000e+10,-9.368000000000000682e+01
1.810701360000000000e+10,-9.407999999999999829e+01
1.810701380000000000e+10,-9.365999999999999659e+01
1.810701400000000000e+10,-9.385999999999999943e+01
1.810701420000000000e+10,-9.345000000000000284e+01
1.810701440000000000e+10,-9.326000000000000512e+01
1.810701460000000000e+10,-9.321999999999999886e+01
1.810701480000000000e+10,-9.251999999999999602e+01
1.810701500000000000e+10,-9.356000000000000227e+01
1.810701520000000000e+10,-9.360000000000000853e+01
1.810701540000000000e+10,-9.360999999999999943e+01
1.810701560000000000e+10,-9.485000000000000853e+01
1.810701580000000000e+10,-9.390999999999999659e+01
1.810701600000000000e+10,-9.312999999999999545e+01
1.810701620000000000e+10,-9.326999999999999602e+01
1.810701640000000000e+10,-9.329999999999999716e+01
1.810701660000000000e+10,-9.156000000000000227e+01
1.810701680000000000e+10,-8.978000000000000114e+01
1.810701700000000000e+10,-8.695000000000000284e+01
1.810701720000000000e+10,-8.493999999999999773e+01
1.810701740000000000e+10,-8.229999999999999716e+01
1.810701760000000000e+10,-8.031000000000000227e+01
1.810701780000000000e+10,-7.965000000000000568e+01
1.810701800000000000e+10,-7.923000000000000398e+01
1.810701820000000000e+10,-7.946999999999999886e+01
1.810701840000000000e+10,-7.970000000000000284e+01
1.810701860000000000e+10,-8.137000000000000455e+01
1.810701880000000000e+10,-8.340999999999999659e+01
1.810701900000000000e+10,-8.582999999999999829e+01
1.810701920000000000e+10,-8.859000000000000341e+01
1.810701940000000000e+10,-9.176000000000000512e+01
1.810701960000000000e+10,-9.223999999999999488e+01
1.810701980000000000e+10,-9.259000000000000341e+01
1.810702000000000000e+10,-9.360000000000000853e+01
1.810702020000000000e+10,-9.340999999999999659e+01
1.810702040000000000e+10,-9.275000000000000000e+01
1.810702060000000000e+10,-9.312999999999999545e+01
1.810702080000000000e+10,-9.290999999999999659e+01
1.810702100000000000e+10,-9.345000000000000284e+01
1.810702120000000000e+10,-9.385999999999999943e+01
1.810702140000000000e+10,-9.470000000000000284e+01
1.810702160000000000e+10,-9.406000000000000227e+01
1.810702180000000000e+10,-9.373000000000000398e+01
1.810702200000000000e+10,-9.382999999999999829e+01
1.810702220000000000e+10,-9.435000000000000853e+01
1.810702240000000000e+10,-9.395000000000000284e+01
1.810702260000000000e+10,-9.453000000000000114e+01
1.810702280000000000e+10,-9.440000000000000568e+01
1.810702300000000000e+10,-9.398999999999999488e+01
1.810702320000000000e+10,-9.410000000000000853e+01
1.810702340000000000e+10,-9.360999999999999943e+01
1.810702360000000000e+10,-9.321999999999999886e+01
1.810702380000000000e+10,-9.373000000000000398e+01
1.810702400000000000e+10,-9.337000000000000455e+01
1.810702420000000000e+10,-9.318999999999999773e+01
1.810702440000000000e+10,-9.390000000000000568e+01
1.810702460000000000e+10,-9.331000000000000227e+01
1.810702480000000000e+10,-9.292000000000000171e+01
1.810702500000000000e+10,-9.451000000000000512e+01
1.810702520000000000e+10,-9.381000000000000227e+01
1.810702540000000000e+10,-9.340999999999999659e+01
1.810702560000000000e+10,-9.362999999999999545e+01
1.810702580000000000e+10,-9.484000000000000341e+01
1.810702600000000000e+10,-9.490999999999999659e+01
1.810702620000000000e+10,-9.459000000000000341e+01
1.810702640000000000e+10,-9.479000000000000625e+01
1.810702660000000000e+10,-9.217000000000000171e+01
1.810702680000000000e+10,-9.239000000000000057e+01
1.810702700000000000e+10,-9.368000000000000682e+01
1.810702720000000000e+10,-9.373000000000000398e+01
1.810702740000000000e+10,-9.407000000000000739e+01
1.810702760000000000e+10,-9.248999999999999488e+01
1.810702780000000000e+10,-9.331000000000000227e+01
1.810702800000000000e+10,-9.432000000000000739e+01
1.810702820000000000e+10,-9.484000000000000341e+01
1.810702840000000000e+10,-9.442000000000000171e+01
1.810702860000000000e+10,-9.350000000000000000e+01
1.810702880000000000e+10,-9.368000000000000682e+01
1.810702900000000000e+10,-9.342000000000000171e+01
1.810702920000000000e+10,-9.392000000000000171e+01
1.810702940000000000e+10,-9.326999999999999602e+01
1.810702960000000000e+10,-9.373999999999999488e+01
1.810702980000000000e+10,-9.412999999999999545e+01
1.810703000000000000e+10,-9.290000000000000568e+01
1.810703020000000000e+10,-9.265000000000000568e+01
1.810703040000000000e+10,-9.293000000000000682e+01
1.810703060000000000e+10,-9.367000000000000171e+01
1.810703080000000000e+10,-9.507999999999999829e+01
1.810703100000000000e+10,-9.440000000000000568e+01
1.810703120000000000e+10,-9.325000000000000000e+01
1.810703140000000000e+10,-9.359000000000000341e+01
1.810703160000000000e+10,-9.368999999999999773e+01
1.810703180000000000e+10,-9.392000000000000171e+01
1.810703200000000000e+10,-9.353000000000000114e+01
1.810703220000000000e+10,-9.465999999999999659e+01
1.810703240000000000e+10,-9.504999999999999716e+01
1.810703260000000000e+10,-9.410999999999999943e+01
1.810703280000000000e+10,-9.432000000000000739e+01
1.810703300000000000e+10,-9.432999999999999829e+01
1.810703320000000000e+10,-9.404000000000000625e+01
1.810703340000000000e+10,-9.364000000000000057e+01
1.810703360000000000e+10,-9.429999999999999716e+01
1.810703380000000000e+10,-9.248000000000000398e+01
1.810703400000000000e+10,-9.207999999999999829e+01
1.810703420000000000e+10,-9.282999999999999829e+01
1.810703440000000000e+10,-9.376000000000000512e+01
1.810703460000000000e+10,-9.326999999999999602e+01
1.810703480000000000e+10,-9.468999999999999773e+01
1.810703500000000000e+10,-9.456000000000000227e+01
1.810703520000000000e+10,-9.415999999999999659e+01
1.810703540000000000e+10,-9.404000000000000625e+01
1.810703560000000000e+10,-9.371000000000000796e+01
1.810703580000000000e+10,-9.367000000000000171e+01
1.810703600000000000e+10,-9.414000000000000057e+01
1.810703620000000000e+10,-9.468000000000000682e+01
1.810703640000000000e+10,-9.481000000000000227e+01
1.810703660000000000e+10,-9.462999999999999545e+01
1.810703680000000000e+10,-9.426999999999999602e+01
1.810703700000000000e+10,-9.451000000000000512e+01
1.810703720000000000e+10,-9.435999999999999943e+01
1.810703740000000000e+10,-9.378000000000000114e+01
1.810703760000000000e+10,-9.376000000000000512e+01
1.810703780000000000e+10,-9.357999999999999829e+01
1.810703800000000000e+10,-9.414000000000000057e+01
1.810703820000000000e+10,-9.453000000000000114e+01
1.810703840000000000e+10,-9.406000000000000227e+01
1.810703860000000000e+10,-9.159000000000000341e+01
1.810703880000000000e+10,-9.168000000000000682e+01
1.810703900000000000e+10,-9.215999999999999659e+01
1.810703920000000000e+10,-9.323999999999999488e+01
1.810703940000000000e+10,-9.400000000000000000e+01
1.810703960000000000e+10,-9.401999999999999602e+01
1.810703980000000000e+10,-9.448999999999999488e+01
1.810704000000000000e+10,-9.410999999999999943e+01
1.810704020000000000e+10,-9.326999999999999602e+01
1.810704040000000000e+10,-9.446000000000000796e+01
1.810704060000000000e+10,-9.421999999999999886e+01
1.810704080000000000e+10,-9.435000000000000853e+01
1.810704100000000000e+10,-9.393999999999999773e+01
1.810704120000000000e+10,-9.371000000000000796e+01
1.810704140000000000e+10,-9.223000000000000398e+01
1.810704160000000000e+10,-9.254000000000000625e+01
1.810704180000000000e+10,-9.410999999999999943e+01
1.810704200000000000e+10,-9.275000000000000000e+01
1.810704220000000000e+10,-9.323000000000000398e+01
1.810704240000000000e+10,-9.404000000000000625e+01
1.810704260000000000e+10,-9.465000000000000568e+01
1.810704280000000000e+10,-9.401000000000000512e+01
1.810704300000000000e+10,-9.301000000000000512e+01
1.810704320000000000e+10,-9.271999999999999886e+01
1.810704340000000000e+10,-9.264000000000000057e+01
1.810704360000000000e+10,-9.234000000000000341e+01
1.810704380000000000e+10,-9.212999999999999545e+01
1.810704400000000000e+10,-9.337000000000000455e+01
1.810704420000000000e+10,-9.357999999999999829e+01
1.810704440000000000e+10,-9.418999999999999773e+01
1.810704460000000000e+10,-9.328000000000000114e+01
1.810704480000000000e+10,-9.362000000000000455e+01
1.810704500000000000e+10,-9.354000000000000625e+01
1.810704520000000000e+10,-9.351999999999999602e+01
1.810704540000000000e+10,-9.398999999999999488e+01
1.810704560000000000e+10,-9.373999999999999488e+01
1.810704580000000000e+10,-9.406000000000000227e+01
1.810704600000000000e+10,-9.404000000000000625e+01
1.810704620000000000e+10,-9.489000000000000057e+01
1.810704640000000000e+10,-9.435999999999999943e+01
1.810704660000000000e+10,-9.432999999999999829e+01
1.810704680000000000e+10,-9.365999999999999659e+01
1.810704700000000000e+10,-9.340000000000000568e+01
1.810704720000000000e+10,-9.354000000000000625e+01
1.810704740000000000e+10,-9.367000000000000171e+01
1.810704760000000000e+10,-9.318000000000000682e+01
1.810704780000000000e+10,-9.321000000000000796e+01
1.810704800000000000e+10,-9.373999999999999488e+01
1.810704820000000000e+10,-9.362999999999999545e+01
1.810704840000000000e+10,-9.328000000000000114e+01
1.810704860000000000e+10,-9.271000000000000796e+01
1.810704880000000000e+10,-9.315000000000000568e+01
1.810704900000000000e+10,-9.376999999999999602e+01
1.810704920000000000e+10,-9.359000000000000341e+01
1.810704940000000000e+10,-9.398000000000000398e+01
1.810704960000000000e+10,-9.404000000000000625e+01
1.810704980000000000e+10,-9.306000000000000227e+01
1.810705000000000000e+10,-9.298000000000000398e+01
