1.697950000000000000e+09,-9.429000000000000625e+01
1.697950200000000000e+09,-9.423999999999999488e+01
1.697950400000000000e+09,-9.429999999999999716e+01
1.697950600000000000e+09,-9.429000000000000625e+01
1.697950800000000000e+09,-9.415999999999999659e+01
1.697951000000000000e+09,-9.420000000000000284e+01
1.697951200000000000e+09,-9.423000000000000398e+01
1.697951400000000000e+09,-9.412999999999999545e+01
1.697951600000000000e+09,-9.429000000000000625e+01
1.697951800000000000e+09,-9.434000000000000341e+01
1.697952000000000000e+09,-9.429999999999999716e+01
1.697952200000000000e+09,-9.429000000000000625e+01
1.697952400000000000e+09,-9.429999999999999716e+01
1.697952600000000000e+09,-9.425000000000000000e+01
1.697952800000000000e+09,-9.426000000000000512e+01
1.697953000000000000e+09,-9.423000000000000398e+01
1.697953200000000000e+09,-9.429000000000000625e+01
1.697953400000000000e+09,-9.434000000000000341e+01
1.697953600000000000e+09,-9.421999999999999886e+01
1.697953800000000000e+09,-9.420000000000000284e+01
1.697954000000000000e+09,-9.426999999999999602e+01
1.697954200000000000e+09,-9.429999999999999716e+01
1.697954400000000000e+09,-9.429000000000000625e+01
1.697954600000000000e+09,-9.429000000000000625e+01
1.697954800000000000e+09,-9.426999999999999602e+01
1.697955000000000000e+09,-9.434000000000000341e+01
1.697955200000000000e+09,-9.429000000000000625e+01
1.697955400000000000e+09,-9.429999999999999716e+01
1.697955600000000000e+09,-9.420000000000000284e+01
1.697955800000000000e+09,-9.429000000000000625e+01
1.697956000000000000e+09,-9.421999999999999886e+01
1.697956200000000000e+09,-9.432000000000000739e+01
1.697956400000000000e+09,-9.423000000000000398e+01
1.697956600000000000e+09,-9.412999999999999545e+01
1.697956800000000000e+09,-9.429999999999999716e+01
1.697957000000000000e+09,-9.423999999999999488e+01
1.697957200000000000e+09,-9.426000000000000512e+01
1.697957400000000000e+09,-9.390000000000000568e+01
1.697957600000000000e+09,-9.421999999999999886e+01
1.697957800000000000e+09,-9.431000000000000227e+01
1.697958000000000000e+09,-9.417000000000000171e+01
1.697958200000000000e+09,-9.437000000000000455e+01
1.697958400000000000e+09,-9.429000000000000625e+01
1.697958600000000000e+09,-9.426999999999999602e+01
1.697958800000000000e+09,-9.425000000000000000e+01
1.697959000000000000e+09,-9.418999999999999773e+01
1.697959200000000000e+09,-9.423000000000000398e+01
1.697959400000000000e+09,-9.429000000000000625e+01
1.697959600000000000e+09,-9.431000000000000227e+01
1.697959800000000000e+09,-9.429000000000000625e+01
1.697960000000000000e+09,-9.421999999999999886e+01
1.697960200000000000e+09,-9.423999999999999488e+01
1.697960400000000000e+09,-9.429000000000000625e+01
1.697960600000000000e+09,-9.426999999999999602e+01
1.697960800000000000e+09,-9.426000000000000512e+01
1.697961000000000000e+09,-9.396999999999999886e+01
1.697961200000000000e+09,-9.417000000000000171e+01
1.697961400000000000e+09,-9.426000000000000512e+01
1.697961600000000000e+09,-9.418000000000000682e+01
1.697961800000000000e+09,-9.423000000000000398e+01
1.697962000000000000e+09,-9.421999999999999886e+01
1.697962200000000000e+09,-9.423999999999999488e+01
1.697962400000000000e+09,-9.423000000000000398e+01
1.697962600000000000e+09,-9.426999999999999602e+01
1.697962800000000000e+09,-9.415000000000000568e+01
1.697963000000000000e+09,-9.420000000000000284e+01
1.697963200000000000e+09,-9.396000000000000796e+01
1.697963400000000000e+09,-9.412999999999999545e+01
1.697963600000000000e+09,-9.421000000000000796e+01
1.697963800000000000e+09,-9.410999999999999943e+01
1.697964000000000000e+09,-9.418999999999999773e+01
1.697964200000000000e+09,-9.429000000000000625e+01
1.697964400000000000e+09,-9.423000000000000398e+01
1.697964600000000000e+09,-9.412999999999999545e+01
1.697964800000000000e+09,-9.421000000000000796e+01
1.697965000000000000e+09,-9.418000000000000682e+01
1.697965200000000000e+09,-9.417000000000000171e+01
1.697965400000000000e+09,-9.418000000000000682e+01
1.697965600000000000e+09,-9.429999999999999716e+01
1.697965800000000000e+09,-9.420000000000000284e+01
1.697966000000000000e+09,-9.410000000000000853e+01
1.697966200000000000e+09,-9.401000000000000512e+01
1.697966400000000000e+09,-9.423999999999999488e+01
1.697966600000000000e+09,-9.415000000000000568e+01
1.697966800000000000e+09,-9.407999999999999829e+01
1.697967000000000000e+09,-9.403000000000000114e+01
1.697967200000000000e+09,-9.418000000000000682e+01
1.697967400000000000e+09,-9.420000000000000284e+01
1.697967600000000000e+09,-9.426999999999999602e+01
1.697967800000000000e+09,-9.428000000000000114e+01
1.697968000000000000e+09,-9.398000000000000398e+01
1.697968200000000000e+09,-9.412999999999999545e+01
1.697968400000000000e+09,-9.404000000000000625e+01
1.697968600000000000e+09,-9.418999999999999773e+01
1.697968800000000000e+09,-9.404999999999999716e+01
1.697969000000000000e+09,-9.415000000000000568e+01
1.697969200000000000e+09,-9.400000000000000000e+01
1.697969400000000000e+09,-9.425000000000000000e+01
1.697969600000000000e+09,-9.410000000000000853e+01
1.697969800000000000e+09,-9.407999999999999829e+01
1.697970000000000000e+09,-9.401000000000000512e+01
1.697970200000000000e+09,-9.410999999999999943e+01
1.697970400000000000e+09,-9.387999999999999545e+01
1.697970600000000000e+09,-9.412999999999999545e+01
1.697970800000000000e+09,-9.415000000000000568e+01
1.697971000000000000e+09,-9.401999999999999602e+01
1.697971200000000000e+09,-9.406000000000000227e+01
1.697971400000000000e+09,-9.426000000000000512e+01
1.697971600000000000e+09,-9.426000000000000512e+01
1.697971800000000000e+09,-9.429000000000000625e+01
1.697972000000000000e+09,-9.404999999999999716e+01
1.697972200000000000e+09,-9.426999999999999602e+01
1.697972400000000000e+09,-9.429000000000000625e+01
1.697972600000000000e+09,-9.421999999999999886e+01
1.697972800000000000e+09,-9.421000000000000796e+01
1.697973000000000000e+09,-9.410999999999999943e+01
1.697973200000000000e+09,-9.410000000000000853e+01
1.697973400000000000e+09,-9.421000000000000796e+01
1.697973600000000000e+09,-9.415999999999999659e+01
1.697973800000000000e+09,-9.414000000000000057e+01
1.697974000000000000e+09,-9.404000000000000625e+01
1.697974200000000000e+09,-9.415000000000000568e+01
1.697974400000000000e+09,-9.410999999999999943e+01
1.697974600000000000e+09,-9.407999999999999829e+01
1.697974800000000000e+09,-9.398000000000000398e+01
1.697975000000000000e+09,-9.410999999999999943e+01
1.697975200000000000e+09,-9.426999999999999602e+01
1.697975400000000000e+09,-9.410999999999999943e+01
1.697975600000000000e+09,-9.385999999999999943e+01
1.697975800000000000e+09,-9.404000000000000625e+01
1.697976000000000000e+09,-9.415999999999999659e+01
1.697976200000000000e+09,-9.415999999999999659e+01
1.697976400000000000e+09,-9.423000000000000398e+01
1.697976600000000000e+09,-9.415000000000000568e+01
1.697976800000000000e+09,-9.389000000000000057e+01
1.697977000000000000e+09,-9.406000000000000227e+01
1.697977200000000000e+09,-9.373999999999999488e+01
1.697977400000000000e+09,-9.387999999999999545e+01
1.697977600000000000e+09,-9.404000000000000625e+01
1.697977800000000000e+09,-9.390999999999999659e+01
1.697978000000000000e+09,-9.401999999999999602e+01
1.697978200000000000e+09,-9.395000000000000284e+01
1.697978400000000000e+09,-9.398000000000000398e+01
1.697978600000000000e+09,-9.407000000000000739e+01
1.697978800000000000e+09,-9.412000000000000455e+01
1.697979000000000000e+09,-9.414000000000000057e+01
1.697979200000000000e+09,-9.398000000000000398e+01
1.697979400000000000e+09,-9.373999999999999488e+01
1.697979600000000000e+09,-9.396999999999999886e+01
1.697979800000000000e+09,-9.395000000000000284e+01
1.697980000000000000e+09,-9.390000000000000568e+01
1.697980200000000000e+09,-9.396000000000000796e+01
1.697980400000000000e+09,-9.409000000000000341e+01
1.697980600000000000e+09,-9.387999999999999545e+01
1.697980800000000000e+09,-9.387000000000000455e+01
1.697981000000000000e+09,-9.370000000000000284e+01
1.697981200000000000e+09,-9.396000000000000796e+01
1.697981400000000000e+09,-9.373999999999999488e+01
1.697981600000000000e+09,-9.365000000000000568e+01
1.697981800000000000e+09,-9.315999999999999659e+01
1.697982000000000000e+09,-9.282999999999999829e+01
1.697982200000000000e+09,-9.273999999999999488e+01
1.697982400000000000e+09,-9.259000000000000341e+01
1.697982600000000000e+09,-9.225000000000000000e+01
1.697982800000000000e+09,-9.301999999999999602e+01
1.697983000000000000e+09,-9.342000000000000171e+01
1.697983200000000000e+09,-9.359000000000000341e+01
1.697983400000000000e+09,-9.370000000000000284e+01
1.697983600000000000e+09,-9.376000000000000512e+01
1.697983800000000000e+09,-9.348999999999999488e+01
1.697984000000000000e+09,-9.362999999999999545e+01
1.697984200000000000e+09,-9.385000000000000853e+01
1.697984400000000000e+09,-9.360999999999999943e+01
1.697984600000000000e+09,-9.356000000000000227e+01
1.697984800000000000e+09,-9.340000000000000568e+01
1.697985000000000000e+09,-9.346999999999999886e+01
1.697985200000000000e+09,-9.335000000000000853e+01
1.697985400000000000e+09,-9.370000000000000284e+01
1.697985600000000000e+09,-9.343999999999999773e+01
1.697985800000000000e+09,-9.304000000000000625e+01
1.697986000000000000e+09,-9.281000000000000227e+01
1.697986200000000000e+09,-9.315000000000000568e+01
1.697986400000000000e+09,-9.353000000000000114e+01
1.697986600000000000e+09,-9.337999999999999545e+01
1.697986800000000000e+09,-9.285999999999999943e+01
1.697987000000000000e+09,-9.300000000000000000e+01
1.697987200000000000e+09,-9.312999999999999545e+01
1.697987400000000000e+09,-9.334000000000000341e+01
1.697987600000000000e+09,-9.314000000000000057e+01
1.697987800000000000e+09,-9.357000000000000739e+01
1.697988000000000000e+09,-9.334000000000000341e+01
1.697988200000000000e+09,-9.293999999999999773e+01
1.697988400000000000e+09,-9.259000000000000341e+01
1.697988600000000000e+09,-9.296999999999999886e+01
1.697988800000000000e+09,-9.278000000000000114e+01
1.697989000000000000e+09,-9.271000000000000796e+01
1.697989200000000000e+09,-9.293999999999999773e+01
1.697989400000000000e+09,-9.251000000000000512e+01
1.697989600000000000e+09,-9.270000000000000284e+01
1.697989800000000000e+09,-9.220000000000000284e+01
1.697990000000000000e+09,-9.182999999999999829e+01
1.697990200000000000e+09,-9.164000000000000057e+01
1.697990400000000000e+09,-9.137999999999999545e+01
1.697990600000000000e+09,-9.118000000000000682e+01
1.697990800000000000e+09,-9.145000000000000284e+01
1.697991000000000000e+09,-9.142000000000000171e+01
1.697991200000000000e+09,-9.110000000000000853e+01
1.697991400000000000e+09,-9.114000000000000057e+01
1.697991600000000000e+09,-9.137999999999999545e+01
1.697991800000000000e+09,-9.035000000000000853e+01
1.697992000000000000e+09,-9.046999999999999886e+01
1.697992200000000000e+09,-9.079999999999999716e+01
1.697992400000000000e+09,-9.064000000000000057e+01
1.697992600000000000e+09,-9.046000000000000796e+01
1.697992800000000000e+09,-8.926000000000000512e+01
1.697993000000000000e+09,-8.887000000000000455e+01
1.697993200000000000e+09,-8.856000000000000227e+01
1.697993400000000000e+09,-8.873999999999999488e+01
1.697993600000000000e+09,-8.865000000000000568e+01
1.697993800000000000e+09,-8.670000000000000284e+01
1.697994000000000000e+09,-8.632999999999999829e+01
1.697994200000000000e+09,-8.710999999999999943e+01
1.697994400000000000e+09,-8.667000000000000171e+01
1.697994600000000000e+09,-8.676999999999999602e+01
1.697994800000000000e+09,-8.554000000000000625e+01
1.697995000000000000e+09,-8.467000000000000171e+01
1.697995200000000000e+09,-8.295000000000000284e+01
1.697995400000000000e+09,-8.129000000000000625e+01
1.697995600000000000e+09,-8.068000000000000682e+01
1.697995800000000000e+09,-7.995000000000000284e+01
1.697996000000000000e+09,-7.895000000000000284e+01
1.697996200000000000e+09,-7.762000000000000455e+01
1.697996400000000000e+09,-7.596999999999999886e+01
1.697996600000000000e+09,-7.446000000000000796e+01
1.697996800000000000e+09,-7.309000000000000341e+01
1.697997000000000000e+09,-7.145000000000000284e+01
1.697997200000000000e+09,-6.970000000000000284e+01
1.697997400000000000e+09,-6.790999999999999659e+01
1.697997600000000000e+09,-6.576000000000000512e+01
1.697997800000000000e+09,-6.381000000000000227e+01
1.697998000000000000e+09,-6.185999999999999943e+01
1.697998200000000000e+09,-5.967000000000000171e+01
1.697998400000000000e+09,-5.732000000000000028e+01
1.697998600000000000e+09,-5.496000000000000085e+01
1.697998800000000000e+09,-5.237000000000000455e+01
1.697999000000000000e+09,-4.978000000000000114e+01
1.697999200000000000e+09,-4.693999999999999773e+01
1.697999400000000000e+09,-4.411999999999999744e+01
1.697999600000000000e+09,-4.123000000000000398e+01
1.697999800000000000e+09,-3.817999999999999972e+01
1.698000000000000000e+09,-3.500000000000000000e+01
1.698000200000000000e+09,-3.192999999999999972e+01
1.698000400000000000e+09,-2.878000000000000114e+01
1.698000600000000000e+09,-2.589000000000000057e+01
1.698000800000000000e+09,-2.310000000000000142e+01
1.698001000000000000e+09,-2.089000000000000057e+01
1.698001200000000000e+09,-1.914000000000000057e+01
1.698001400000000000e+09,-1.821000000000000085e+01
1.698001600000000000e+09,-1.789000000000000057e+01
1.698001800000000000e+09,-1.780000000000000071e+01
1.698002000000000000e+09,-1.862999999999999901e+01
1.698002200000000000e+09,-1.998000000000000043e+01
1.698002400000000000e+09,-2.167000000000000171e+01
1.698002600000000000e+09,-2.391000000000000014e+01
1.698002800000000000e+09,-2.676000000000000156e+01
1.698003000000000000e+09,-2.983000000000000185e+01
1.698003200000000000e+09,-3.307999999999999829e+01
1.698003400000000000e+09,-3.625000000000000000e+01
1.698003600000000000e+09,-3.955000000000000426e+01
1.698003800000000000e+09,-4.264999999999999858e+01
1.698004000000000000e+09,-4.573000000000000398e+01
1.698004200000000000e+09,-4.871999999999999886e+01
1.698004400000000000e+09,-5.146000000000000085e+01
1.698004600000000000e+09,-5.410000000000000142e+01
1.698004800000000000e+09,-5.664999999999999858e+01
1.698005000000000000e+09,-5.910999999999999943e+01
1.698005200000000000e+09,-6.143999999999999773e+01
1.698005400000000000e+09,-6.364999999999999858e+01
1.698005600000000000e+09,-6.575000000000000000e+01
1.698005800000000000e+09,-6.792000000000000171e+01
1.698006000000000000e+09,-6.984000000000000341e+01
1.698006200000000000e+09,-7.187000000000000455e+01
1.698006400000000000e+09,-7.332999999999999829e+01
1.698006600000000000e+09,-7.515999999999999659e+01
1.698006800000000000e+09,-7.657000000000000739e+01
1.698007000000000000e+09,-7.787999999999999545e+01
1.698007200000000000e+09,-7.900000000000000000e+01
1.698007400000000000e+09,-7.964000000000000057e+01
1.698007600000000000e+09,-8.062000000000000455e+01
1.698007800000000000e+09,-8.237000000000000455e+01
1.698008000000000000e+09,-8.242000000000000171e+01
1.698008200000000000e+09,-8.396999999999999886e+01
1.698008400000000000e+09,-8.546000000000000796e+01
1.698008600000000000e+09,-8.598999999999999488e+01
1.698008800000000000e+09,-8.543999999999999773e+01
1.698009000000000000e+09,-8.604000000000000625e+01
1.698009200000000000e+09,-8.743000000000000682e+01
1.698009400000000000e+09,-8.768999999999999773e+01
1.698009600000000000e+09,-8.798000000000000398e+01
1.698009800000000000e+09,-8.781000000000000227e+01
1.698010000000000000e+09,-8.664000000000000057e+01
1.698010200000000000e+09,-8.782999999999999829e+01
1.698010400000000000e+09,-8.989000000000000057e+01
1.698010600000000000e+09,-9.007999999999999829e+01
1.698010800000000000e+09,-8.982000000000000739e+01
1.698011000000000000e+09,-9.067000000000000171e+01
1.698011200000000000e+09,-8.996999999999999886e+01
1.698011400000000000e+09,-9.046999999999999886e+01
1.698011600000000000e+09,-9.070000000000000284e+01
1.698011800000000000e+09,-9.157000000000000739e+01
1.698012000000000000e+09,-9.215000000000000568e+01
1.698012200000000000e+09,-9.173000000000000398e+01
1.698012400000000000e+09,-9.132999999999999829e+01
1.698012600000000000e+09,-9.160999999999999943e+01
1.698012800000000000e+09,-9.162999999999999545e+01
1.698013000000000000e+09,-9.135999999999999943e+01
1.698013200000000000e+09,-9.132000000000000739e+01
1.698013400000000000e+09,-9.246999999999999886e+01
1.698013600000000000e+09,-9.256000000000000227e+01
1.698013800000000000e+09,-9.168000000000000682e+01
1.698014000000000000e+09,-9.207000000000000739e+01
1.698014200000000000e+09,-9.206000000000000227e+01
1.698014400000000000e+09,-9.237000000000000455e+01
1.698014600000000000e+09,-9.242000000000000171e+01
1.698014800000000000e+09,-9.237999999999999545e+01
1.698015000000000000e+09,-9.237000000000000455e+01
1.698015200000000000e+09,-9.243000000000000682e+01
1.698015400000000000e+09,-9.326999999999999602e+01
1.698015600000000000e+09,-9.306000000000000227e+01
1.698015800000000000e+09,-9.285000000000000853e+01
1.698016000000000000e+09,-9.287999999999999545e+01
1.698016200000000000e+09,-9.306000000000000227e+01
1.698016400000000000e+09,-9.337999999999999545e+01
1.698016600000000000e+09,-9.317000000000000171e+01
1.698016800000000000e+09,-9.342000000000000171e+01
1.698017000000000000e+09,-9.318000000000000682e+01
1.698017200000000000e+09,-9.292000000000000171e+01
1.698017400000000000e+09,-9.262000000000000455e+01
1.698017600000000000e+09,-9.301000000000000512e+01
1.698017800000000000e+09,-9.337000000000000455e+01
1.698018000000000000e+09,-9.323999999999999488e+01
1.698018200000000000e+09,-9.334000000000000341e+01
1.698018400000000000e+09,-9.365000000000000568e+01
1.698018600000000000e+09,-9.328000000000000114e+01
1.698018800000000000e+09,-9.287999999999999545e+01
1.698019000000000000e+09,-9.343000000000000682e+01
1.698019200000000000e+09,-9.362999999999999545e+01
1.698019400000000000e+09,-9.354999999999999716e+01
1.698019600000000000e+09,-9.362999999999999545e+01
1.698019800000000000e+09,-9.337999999999999545e+01
1.698020000000000000e+09,-9.345000000000000284e+01
1.698020200000000000e+09,-9.334000000000000341e+01
1.698020400000000000e+09,-9.317000000000000171e+01
1.698020600000000000e+09,-9.345000000000000284e+01
1.698020800000000000e+09,-9.314000000000000057e+01
1.698021000000000000e+09,-9.346999999999999886e+01
1.698021200000000000e+09,-9.323999999999999488e+01
1.698021400000000000e+09,-9.301999999999999602e+01
1.698021600000000000e+09,-9.360000000000000853e+01
1.698021800000000000e+09,-9.379000000000000625e+01
1.698022000000000000e+09,-9.357999999999999829e+01
1.698022200000000000e+09,-9.354000000000000625e+01
1.698022400000000000e+09,-9.375000000000000000e+01
1.698022600000000000e+09,-9.379999999999999716e+01
1.698022800000000000e+09,-9.370000000000000284e+01
1.698023000000000000e+09,-9.357000000000000739e+01
1.698023200000000000e+09,-9.365999999999999659e+01
1.698023400000000000e+09,-9.346999999999999886e+01
1.698023600000000000e+09,-9.356000000000000227e+01
1.698023800000000000e+09,-9.376999999999999602e+01
1.698024000000000000e+09,-9.376999999999999602e+01
1.698024200000000000e+09,-9.378000000000000114e+01
1.698024400000000000e+09,-9.379000000000000625e+01
1.698024600000000000e+09,-9.407999999999999829e+01
1.698024800000000000e+09,-9.415000000000000568e+01
1.698025000000000000e+09,-9.385999999999999943e+01
1.698025200000000000e+09,-9.398999999999999488e+01
1.698025400000000000e+09,-9.387999999999999545e+01
1.698025600000000000e+09,-9.387000000000000455e+01
1.698025800000000000e+09,-9.379000000000000625e+01
1.698026000000000000e+09,-9.371999999999999886e+01
1.698026200000000000e+09,-9.400000000000000000e+01
1.698026400000000000e+09,-9.393000000000000682e+01
1.698026600000000000e+09,-9.379000000000000625e+01
1.698026800000000000e+09,-9.406000000000000227e+01
1.698027000000000000e+09,-9.404999999999999716e+01
1.698027200000000000e+09,-9.392000000000000171e+01
1.698027400000000000e+09,-9.389000000000000057e+01
1.698027600000000000e+09,-9.404000000000000625e+01
1.698027800000000000e+09,-9.406000000000000227e+01
1.698028000000000000e+09,-9.406000000000000227e+01
1.698028200000000000e+09,-9.401999999999999602e+01
1.698028400000000000e+09,-9.404000000000000625e+01
1.698028600000000000e+09,-9.381000000000000227e+01
1.698028800000000000e+09,-9.415000000000000568e+01
1.698029000000000000e+09,-9.400000000000000000e+01
1.698029200000000000e+09,-9.365999999999999659e+01
1.698029400000000000e+09,-9.401000000000000512e+01
1.698029600000000000e+09,-9.407000000000000739e+01
1.698029800000000000e+09,-9.410999999999999943e+01
1.698030000000000000e+09,-9.406000000000000227e+01
1.698030200000000000e+09,-9.420000000000000284e+01
1.698030400000000000e+09,-9.406000000000000227e+01
1.698030600000000000e+09,-9.421000000000000796e+01
1.698030800000000000e+09,-9.420000000000000284e+01
1.698031000000000000e+09,-9.400000000000000000e+01
1.698031200000000000e+09,-9.417000000000000171e+01
1.698031400000000000e+09,-9.392000000000000171e+01
1.698031600000000000e+09,-9.398000000000000398e+01
1.698031800000000000e+09,-9.396999999999999886e+01
1.698032000000000000e+09,-9.393999999999999773e+01
1.698032200000000000e+09,-9.409000000000000341e+01
1.698032400000000000e+09,-9.420000000000000284e+01
1.698032600000000000e+09,-9.423999999999999488e+01
1.698032800000000000e+09,-9.410999999999999943e+01
1.698033000000000000e+09,-9.417000000000000171e+01
1.698033200000000000e+09,-9.407999999999999829e+01
1.698033400000000000e+09,-9.418999999999999773e+01
1.698033600000000000e+09,-9.423000000000000398e+01
1.698033800000000000e+09,-9.421000000000000796e+01
1.698034000000000000e+09,-9.415999999999999659e+01
1.698034200000000000e+09,-9.406000000000000227e+01
1.698034400000000000e+09,-9.400000000000000000e+01
1.698034600000000000e+09,-9.421000000000000796e+01
1.698034800000000000e+09,-9.421999999999999886e+01
1.698035000000000000e+09,-9.418999999999999773e+01
1.698035200000000000e+09,-9.410000000000000853e+01
1.698035400000000000e+09,-9.404999999999999716e+01
1.698035600000000000e+09,-9.414000000000000057e+01
1.698035800000000000e+09,-9.426999999999999602e+01
1.698036000000000000e+09,-9.426000000000000512e+01
1.698036200000000000e+09,-9.432999999999999829e+01
1.698036400000000000e+09,-9.429999999999999716e+01
1.698036600000000000e+09,-9.426000000000000512e+01
1.698036800000000000e+09,-9.426000000000000512e+01
1.698037000000000000e+09,-9.421999999999999886e+01
1.698037200000000000e+09,-9.421000000000000796e+01
1.698037400000000000e+09,-9.418999999999999773e+01
1.698037600000000000e+09,-9.425000000000000000e+01
1.698037800000000000e+09,-9.435000000000000853e+01
1.698038000000000000e+09,-9.440999999999999659e+01
1.698038200000000000e+09,-9.434000000000000341e+01
1.698038400000000000e+09,-9.423000000000000398e+01
1.698038600000000000e+09,-9.415999999999999659e+01
1.698038800000000000e+09,-9.418999999999999773e+01
1.698039000000000000e+09,-9.404999999999999716e+01
1.698039200000000000e+09,-9.420000000000000284e+01
1.698039400000000000e+09,-9.420000000000000284e+01
1.698039600000000000e+09,-9.410000000000000853e+01
1.698039800000000000e+09,-9.418000000000000682e+01
1.698040000000000000e+09,-9.423999999999999488e+01
1.698040200000000000e+09,-9.415000000000000568e+01
1.698040400000000000e+09,-9.406000000000000227e+01
1.698040600000000000e+09,-9.410999999999999943e+01
1.698040800000000000e+09,-9.406000000000000227e+01
1.698041000000000000e+09,-9.432000000000000739e+01
1.698041200000000000e+09,-9.421000000000000796e+01
1.698041400000000000e+09,-9.418000000000000682e+01
1.698041600000000000e+09,-9.415000000000000568e+01
1.698041800000000000e+09,-9.412999999999999545e+01
1.698042000000000000e+09,-9.434000000000000341e+01
1.698042200000000000e+09,-9.425000000000000000e+01
1.698042400000000000e+09,-9.423999999999999488e+01
1.698042600000000000e+09,-9.425000000000000000e+01
1.698042800000000000e+09,-9.432999999999999829e+01
1.698043000000000000e+09,-9.428000000000000114e+01
1.698043200000000000e+09,-9.415000000000000568e+01
1.698043400000000000e+09,-9.429999999999999716e+01
1.698043600000000000e+09,-9.429000000000000625e+01
1.698043800000000000e+09,-9.426000000000000512e+01
1.698044000000000000e+09,-9.432000000000000739e+01
1.698044200000000000e+09,-9.425000000000000000e+01
1.698044400000000000e+09,-9.429999999999999716e+01
1.698044600000000000e+09,-9.432999999999999829e+01
1.698044800000000000e+09,-9.429000000000000625e+01
1.698045000000000000e+09,-9.434000000000000341e+01
1.698045200000000000e+09,-9.426000000000000512e+01
1.698045400000000000e+09,-9.434000000000000341e+01
1.698045600000000000e+09,-9.421000000000000796e+01
1.698045800000000000e+09,-9.415000000000000568e+01
1.698046000000000000e+09,-9.423999999999999488e+01
1.698046200000000000e+09,-9.418999999999999773e+01
1.698046400000000000e+09,-9.428000000000000114e+01
1.698046600000000000e+09,-9.426999999999999602e+01
1.698046800000000000e+09,-9.435999999999999943e+01
1.698047000000000000e+09,-9.437999999999999545e+01
1.698047200000000000e+09,-9.415999999999999659e+01
1.698047400000000000e+09,-9.429000000000000625e+01
1.698047600000000000e+09,-9.429000000000000625e+01
1.698047800000000000e+09,-9.434000000000000341e+01
1.698048000000000000e+09,-9.429000000000000625e+01
1.698048200000000000e+09,-9.439000000000000057e+01
1.698048400000000000e+09,-9.439000000000000057e+01
1.698048600000000000e+09,-9.429000000000000625e+01
1.698048800000000000e+09,-9.423999999999999488e+01
1.698049000000000000e+09,-9.428000000000000114e+01
1.698049200000000000e+09,-9.426000000000000512e+01
1.698049400000000000e+09,-9.429000000000000625e+01
1.698049600000000000e+09,-9.429999999999999716e+01
1.698049800000000000e+09,-9.423000000000000398e+01
1.698050000000000000e+09,-9.432000000000000739e+01
2.829950000000000000e+09,-9.354999999999999716e+01
2.829950200000000000e+09,-9.357999999999999829e+01
2.829950400000000000e+09,-9.357000000000000739e+01
2.829950600000000000e+09,-9.360000000000000853e+01
2.829950800000000000e+09,-9.354000000000000625e+01
2.829951000000000000e+09,-9.353000000000000114e+01
2.829951200000000000e+09,-9.348999999999999488e+01
2.829951400000000000e+09,-9.351000000000000512e+01
2.829951600000000000e+09,-9.354999999999999716e+01
2.829951800000000000e+09,-9.340999999999999659e+01
2.829952000000000000e+09,-9.346999999999999886e+01
2.829952200000000000e+09,-9.351999999999999602e+01
2.829952400000000000e+09,-9.354999999999999716e+01
2.829952600000000000e+09,-9.357000000000000739e+01
2.829952800000000000e+09,-9.357999999999999829e+01
2.829953000000000000e+09,-9.357000000000000739e+01
2.829953200000000000e+09,-9.356000000000000227e+01
2.829953400000000000e+09,-9.351999999999999602e+01
2.829953600000000000e+09,-9.357000000000000739e+01
2.829953800000000000e+09,-9.348999999999999488e+01
2.829954000000000000e+09,-9.351999999999999602e+01
2.829954200000000000e+09,-9.354999999999999716e+01
2.829954400000000000e+09,-9.353000000000000114e+01
2.829954600000000000e+09,-9.354999999999999716e+01
2.829954800000000000e+09,-9.354999999999999716e+01
2.829955000000000000e+09,-9.354000000000000625e+01
2.829955200000000000e+09,-9.348000000000000398e+01
2.829955400000000000e+09,-9.343999999999999773e+01
2.829955600000000000e+09,-9.353000000000000114e+01
2.829955800000000000e+09,-9.357000000000000739e+01
2.829956000000000000e+09,-9.357999999999999829e+01
2.829956200000000000e+09,-9.360999999999999943e+01
2.829956400000000000e+09,-9.350000000000000000e+01
2.829956600000000000e+09,-9.351999999999999602e+01
2.829956800000000000e+09,-9.353000000000000114e+01
2.829957000000000000e+09,-9.354999999999999716e+01
2.829957200000000000e+09,-9.357000000000000739e+01
2.829957400000000000e+09,-9.354000000000000625e+01
2.829957600000000000e+09,-9.357999999999999829e+01
2.829957800000000000e+09,-9.348999999999999488e+01
2.829958000000000000e+09,-9.351999999999999602e+01
2.829958200000000000e+09,-9.353000000000000114e+01
2.829958400000000000e+09,-9.353000000000000114e+01
2.829958600000000000e+09,-9.350000000000000000e+01
2.829958800000000000e+09,-9.353000000000000114e+01
2.829959000000000000e+09,-9.356000000000000227e+01
2.829959200000000000e+09,-9.348999999999999488e+01
2.829959400000000000e+09,-9.360000000000000853e+01
2.829959600000000000e+09,-9.342000000000000171e+01
2.829959800000000000e+09,-9.348000000000000398e+01
2.829960000000000000e+09,-9.354000000000000625e+01
2.829960200000000000e+09,-9.357000000000000739e+01
2.829960400000000000e+09,-9.351000000000000512e+01
2.829960600000000000e+09,-9.353000000000000114e+01
2.829960800000000000e+09,-9.357999999999999829e+01
2.829961000000000000e+09,-9.360000000000000853e+01
2.829961200000000000e+09,-9.360000000000000853e+01
2.829961400000000000e+09,-9.357999999999999829e+01
2.829961600000000000e+09,-9.351000000000000512e+01
2.829961800000000000e+09,-9.350000000000000000e+01
2.829962000000000000e+09,-9.343999999999999773e+01
2.829962200000000000e+09,-9.350000000000000000e+01
2.829962400000000000e+09,-9.353000000000000114e+01
2.829962600000000000e+09,-9.356000000000000227e+01
2.829962800000000000e+09,-9.353000000000000114e+01
2.829963000000000000e+09,-9.356000000000000227e+01
2.829963200000000000e+09,-9.351999999999999602e+01
2.829963400000000000e+09,-9.348000000000000398e+01
2.829963600000000000e+09,-9.351000000000000512e+01
2.829963800000000000e+09,-9.354000000000000625e+01
2.829964000000000000e+09,-9.348999999999999488e+01
2.829964200000000000e+09,-9.353000000000000114e+01
2.829964400000000000e+09,-9.346999999999999886e+01
2.829964600000000000e+09,-9.353000000000000114e+01
2.829964800000000000e+09,-9.357000000000000739e+01
2.829965000000000000e+09,-9.351999999999999602e+01
2.829965200000000000e+09,-9.348000000000000398e+01
2.829965400000000000e+09,-9.353000000000000114e+01
2.829965600000000000e+09,-9.357000000000000739e+01
2.829965800000000000e+09,-9.360000000000000853e+01
2.829966000000000000e+09,-9.357999999999999829e+01
2.829966200000000000e+09,-9.350000000000000000e+01
2.829966400000000000e+09,-9.351999999999999602e+01
2.829966600000000000e+09,-9.357000000000000739e+01
2.829966800000000000e+09,-9.360000000000000853e+01
2.829967000000000000e+09,-9.354000000000000625e+01
2.829967200000000000e+09,-9.354999999999999716e+01
2.829967400000000000e+09,-9.348999999999999488e+01
2.829967600000000000e+09,-9.348999999999999488e+01
2.829967800000000000e+09,-9.348000000000000398e+01
2.829968000000000000e+09,-9.357000000000000739e+01
2.829968200000000000e+09,-9.354999999999999716e+01
2.829968400000000000e+09,-9.348999999999999488e+01
2.829968600000000000e+09,-9.360999999999999943e+01
2.829968800000000000e+09,-9.354999999999999716e+01
2.829969000000000000e+09,-9.351999999999999602e+01
2.829969200000000000e+09,-9.356000000000000227e+01
2.829969400000000000e+09,-9.356000000000000227e+01
2.829969600000000000e+09,-9.359000000000000341e+01
2.829969800000000000e+09,-9.357000000000000739e+01
2.829970000000000000e+09,-9.353000000000000114e+01
2.829970200000000000e+09,-9.345000000000000284e+01
2.829970400000000000e+09,-9.354999999999999716e+01
2.829970600000000000e+09,-9.351000000000000512e+01
2.829970800000000000e+09,-9.360999999999999943e+01
2.829971000000000000e+09,-9.351000000000000512e+01
2.829971200000000000e+09,-9.348999999999999488e+01
2.829971400000000000e+09,-9.351000000000000512e+01
2.829971600000000000e+09,-9.357000000000000739e+01
2.829971800000000000e+09,-9.354000000000000625e+01
2.829972000000000000e+09,-9.356000000000000227e+01
2.829972200000000000e+09,-9.357999999999999829e+01
2.829972400000000000e+09,-9.348999999999999488e+01
2.829972600000000000e+09,-9.354999999999999716e+01
2.829972800000000000e+09,-9.348000000000000398e+01
2.829973000000000000e+09,-9.343999999999999773e+01
2.829973200000000000e+09,-9.348999999999999488e+01
2.829973400000000000e+09,-9.351000000000000512e+01
2.829973600000000000e+09,-9.354000000000000625e+01
2.829973800000000000e+09,-9.354000000000000625e+01
2.829974000000000000e+09,-9.351000000000000512e+01
2.829974200000000000e+09,-9.350000000000000000e+01
2.829974400000000000e+09,-9.354000000000000625e+01
2.829974600000000000e+09,-9.354999999999999716e+01
2.829974800000000000e+09,-9.354999999999999716e+01
2.829975000000000000e+09,-9.351000000000000512e+01
2.829975200000000000e+09,-9.348000000000000398e+01
2.829975400000000000e+09,-9.357999999999999829e+01
2.829975600000000000e+09,-9.357999999999999829e+01
2.829975800000000000e+09,-9.351000000000000512e+01
2.829976000000000000e+09,-9.356000000000000227e+01
2.829976200000000000e+09,-9.348000000000000398e+01
2.829976400000000000e+09,-9.343999999999999773e+01
2.829976600000000000e+09,-9.351999999999999602e+01
2.829976800000000000e+09,-9.348999999999999488e+01
2.829977000000000000e+09,-9.345000000000000284e+01
2.829977200000000000e+09,-9.348999999999999488e+01
2.829977400000000000e+09,-9.343999999999999773e+01
2.829977600000000000e+09,-9.356000000000000227e+01
2.829977800000000000e+09,-9.357000000000000739e+01
2.829978000000000000e+09,-9.345000000000000284e+01
2.829978200000000000e+09,-9.351000000000000512e+01
2.829978400000000000e+09,-9.345000000000000284e+01
2.829978600000000000e+09,-9.351999999999999602e+01
2.829978800000000000e+09,-9.350000000000000000e+01
2.829979000000000000e+09,-9.357000000000000739e+01
2.829979200000000000e+09,-9.353000000000000114e+01
2.829979400000000000e+09,-9.350000000000000000e+01
2.829979600000000000e+09,-9.356000000000000227e+01
2.829979800000000000e+09,-9.353000000000000114e+01
2.829980000000000000e+09,-9.348000000000000398e+01
2.829980200000000000e+09,-9.353000000000000114e+01
2.829980400000000000e+09,-9.345000000000000284e+01
2.829980600000000000e+09,-9.351999999999999602e+01
2.829980800000000000e+09,-9.348999999999999488e+01
2.829981000000000000e+09,-9.348999999999999488e+01
2.829981200000000000e+09,-9.351999999999999602e+01
2.829981400000000000e+09,-9.351999999999999602e+01
2.829981600000000000e+09,-9.343999999999999773e+01
2.829981800000000000e+09,-9.348000000000000398e+01
2.829982000000000000e+09,-9.342000000000000171e+01
2.829982200000000000e+09,-9.350000000000000000e+01
2.829982400000000000e+09,-9.348999999999999488e+01
2.829982600000000000e+09,-9.346000000000000796e+01
2.829982800000000000e+09,-9.350000000000000000e+01
2.829983000000000000e+09,-9.348000000000000398e+01
2.829983200000000000e+09,-9.351000000000000512e+01
2.829983400000000000e+09,-9.356000000000000227e+01
2.829983600000000000e+09,-9.357000000000000739e+01
2.829983800000000000e+09,-9.360000000000000853e+01
2.829984000000000000e+09,-9.362999999999999545e+01
2.829984200000000000e+09,-9.348000000000000398e+01
2.829984400000000000e+09,-9.354999999999999716e+01
2.829984600000000000e+09,-9.350000000000000000e+01
2.829984800000000000e+09,-9.350000000000000000e+01
2.829985000000000000e+09,-9.357999999999999829e+01
2.829985200000000000e+09,-9.353000000000000114e+01
2.829985400000000000e+09,-9.351000000000000512e+01
2.829985600000000000e+09,-9.350000000000000000e+01
2.829985800000000000e+09,-9.354000000000000625e+01
2.829986000000000000e+09,-9.354000000000000625e+01
2.829986200000000000e+09,-9.348000000000000398e+01
2.829986400000000000e+09,-9.346999999999999886e+01
2.829986600000000000e+09,-9.346000000000000796e+01
2.829986800000000000e+09,-9.354999999999999716e+01
2.829987000000000000e+09,-9.348999999999999488e+01
2.829987200000000000e+09,-9.357999999999999829e+01
2.829987400000000000e+09,-9.354000000000000625e+01
2.829987600000000000e+09,-9.353000000000000114e+01
2.829987800000000000e+09,-9.346999999999999886e+01
2.829988000000000000e+09,-9.346999999999999886e+01
2.829988200000000000e+09,-9.351000000000000512e+01
2.829988400000000000e+09,-9.348999999999999488e+01
2.829988600000000000e+09,-9.339000000000000057e+01
2.829988800000000000e+09,-9.351000000000000512e+01
2.829989000000000000e+09,-9.357999999999999829e+01
2.829989200000000000e+09,-9.357999999999999829e+01
2.829989400000000000e+09,-9.357000000000000739e+01
2.829989600000000000e+09,-9.350000000000000000e+01
2.829989800000000000e+09,-9.351999999999999602e+01
2.829990000000000000e+09,-9.345000000000000284e+01
2.829990200000000000e+09,-9.353000000000000114e+01
2.829990400000000000e+09,-9.340000000000000568e+01
2.829990600000000000e+09,-9.339000000000000057e+01
2.829990800000000000e+09,-9.339000000000000057e+01
2.829991000000000000e+09,-9.337000000000000455e+01
2.829991200000000000e+09,-9.337999999999999545e+01
2.829991400000000000e+09,-9.348999999999999488e+01
2.829991600000000000e+09,-9.345000000000000284e+01
2.829991800000000000e+09,-9.345000000000000284e+01
2.829992000000000000e+09,-9.343999999999999773e+01
2.829992200000000000e+09,-9.348000000000000398e+01
2.829992400000000000e+09,-9.346999999999999886e+01
2.829992600000000000e+09,-9.342000000000000171e+01
2.829992800000000000e+09,-9.342000000000000171e+01
2.829993000000000000e+09,-9.346000000000000796e+01
2.829993200000000000e+09,-9.350000000000000000e+01
2.829993400000000000e+09,-9.346000000000000796e+01
2.829993600000000000e+09,-9.343999999999999773e+01
2.829993800000000000e+09,-9.345000000000000284e+01
2.829994000000000000e+09,-9.332999999999999829e+01
2.829994200000000000e+09,-9.325000000000000000e+01
2.829994400000000000e+09,-9.335000000000000853e+01
2.829994600000000000e+09,-9.329999999999999716e+01
2.829994800000000000e+09,-9.321000000000000796e+01
2.829995000000000000e+09,-9.298999999999999488e+01
2.829995200000000000e+09,-9.301999999999999602e+01
2.829995400000000000e+09,-9.298999999999999488e+01
2.829995600000000000e+09,-9.307999999999999829e+01
2.829995800000000000e+09,-9.295000000000000284e+01
2.829996000000000000e+09,-9.267000000000000171e+01
2.829996200000000000e+09,-9.273999999999999488e+01
2.829996400000000000e+09,-9.265999999999999659e+01
2.829996600000000000e+09,-9.235000000000000853e+01
2.829996800000000000e+09,-9.226000000000000512e+01
2.829997000000000000e+09,-9.210000000000000853e+01
2.829997200000000000e+09,-9.173999999999999488e+01
2.829997400000000000e+09,-9.107999999999999829e+01
2.829997600000000000e+09,-9.035999999999999943e+01
2.829997800000000000e+09,-8.971999999999999886e+01
2.829998000000000000e+09,-8.843999999999999773e+01
2.829998200000000000e+09,-8.731000000000000227e+01
2.829998400000000000e+09,-8.573000000000000398e+01
2.829998600000000000e+09,-8.387000000000000455e+01
2.829998800000000000e+09,-8.203000000000000114e+01
2.829999000000000000e+09,-8.001000000000000512e+01
2.829999200000000000e+09,-7.785000000000000853e+01
2.829999400000000000e+09,-7.576000000000000512e+01
2.829999600000000000e+09,-7.343999999999999773e+01
2.829999800000000000e+09,-7.126000000000000512e+01
2.830000000000000000e+09,-6.879000000000000625e+01
2.830000200000000000e+09,-6.626999999999999602e+01
2.830000400000000000e+09,-6.371000000000000085e+01
2.830000600000000000e+09,-6.106000000000000227e+01
2.830000800000000000e+09,-5.816000000000000369e+01
2.830001000000000000e+09,-5.531000000000000227e+01
2.830001200000000000e+09,-5.231000000000000227e+01
2.830001400000000000e+09,-4.931000000000000227e+01
2.830001600000000000e+09,-4.616000000000000369e+01
2.830001800000000000e+09,-4.306000000000000227e+01
2.830002000000000000e+09,-4.006000000000000227e+01
2.830002200000000000e+09,-3.755000000000000426e+01
2.830002400000000000e+09,-3.527000000000000313e+01
2.830002600000000000e+09,-3.363000000000000256e+01
2.830002800000000000e+09,-3.279999999999999716e+01
2.830003000000000000e+09,-3.242999999999999972e+01
2.830003200000000000e+09,-3.245000000000000284e+01
2.830003400000000000e+09,-3.335999999999999943e+01
2.830003600000000000e+09,-3.496000000000000085e+01
2.830003800000000000e+09,-3.667000000000000171e+01
2.830004000000000000e+09,-3.900000000000000000e+01
2.830004200000000000e+09,-4.167999999999999972e+01
2.830004400000000000e+09,-4.482999999999999829e+01
2.830004600000000000e+09,-4.792000000000000171e+01
2.830004800000000000e+09,-5.114999999999999858e+01
2.830005000000000000e+09,-5.439000000000000057e+01
2.830005200000000000e+09,-5.735999999999999943e+01
2.830005400000000000e+09,-6.041000000000000369e+01
2.830005600000000000e+09,-6.319000000000000483e+01
2.830005800000000000e+09,-6.579000000000000625e+01
2.830006000000000000e+09,-6.862000000000000455e+01
2.830006200000000000e+09,-7.126000000000000512e+01
2.830006400000000000e+09,-7.351000000000000512e+01
2.830006600000000000e+09,-7.585000000000000853e+01
2.830006800000000000e+09,-7.821999999999999886e+01
2.830007000000000000e+09,-8.029000000000000625e+01
2.830007200000000000e+09,-8.240000000000000568e+01
2.830007400000000000e+09,-8.429000000000000625e+01
2.830007600000000000e+09,-8.609000000000000341e+01
2.830007800000000000e+09,-8.732000000000000739e+01
2.830008000000000000e+09,-8.862999999999999545e+01
2.830008200000000000e+09,-8.990999999999999659e+01
2.830008400000000000e+09,-9.048000000000000398e+01
2.830008600000000000e+09,-9.059000000000000341e+01
2.830008800000000000e+09,-9.160999999999999943e+01
2.830009000000000000e+09,-9.210999999999999943e+01
2.830009200000000000e+09,-9.179999999999999716e+01
2.830009400000000000e+09,-9.246999999999999886e+01
2.830009600000000000e+09,-9.257000000000000739e+01
2.830009800000000000e+09,-9.287999999999999545e+01
2.830010000000000000e+09,-9.289000000000000057e+01
2.830010200000000000e+09,-9.293000000000000682e+01
2.830010400000000000e+09,-9.282000000000000739e+01
2.830010600000000000e+09,-9.312999999999999545e+01
2.830010800000000000e+09,-9.314000000000000057e+01
2.830011000000000000e+09,-9.320000000000000284e+01
2.830011200000000000e+09,-9.321000000000000796e+01
2.830011400000000000e+09,-9.326999999999999602e+01
2.830011600000000000e+09,-9.325000000000000000e+01
2.830011800000000000e+09,-9.339000000000000057e+01
2.830012000000000000e+09,-9.320000000000000284e+01
2.830012200000000000e+09,-9.318999999999999773e+01
2.830012400000000000e+09,-9.326000000000000512e+01
2.830012600000000000e+09,-9.326999999999999602e+01
2.830012800000000000e+09,-9.329999999999999716e+01
2.830013000000000000e+09,-9.339000000000000057e+01
2.830013200000000000e+09,-9.331000000000000227e+01
2.830013400000000000e+09,-9.340999999999999659e+01
2.830013600000000000e+09,-9.343000000000000682e+01
2.830013800000000000e+09,-9.343999999999999773e+01
2.830014000000000000e+09,-9.343999999999999773e+01
2.830014200000000000e+09,-9.350000000000000000e+01
2.830014400000000000e+09,-9.348000000000000398e+01
2.830014600000000000e+09,-9.354000000000000625e+01
2.830014800000000000e+09,-9.346000000000000796e+01
2.830015000000000000e+09,-9.337999999999999545e+01
2.830015200000000000e+09,-9.345000000000000284e+01
2.830015400000000000e+09,-9.354000000000000625e+01
2.830015600000000000e+09,-9.350000000000000000e+01
2.830015800000000000e+09,-9.339000000000000057e+01
2.830016000000000000e+09,-9.354999999999999716e+01
2.830016200000000000e+09,-9.357000000000000739e+01
2.830016400000000000e+09,-9.348000000000000398e+01
2.830016600000000000e+09,-9.348000000000000398e+01
2.830016800000000000e+09,-9.348000000000000398e+01
2.830017000000000000e+09,-9.351000000000000512e+01
2.830017200000000000e+09,-9.350000000000000000e+01
2.830017400000000000e+09,-9.348000000000000398e+01
2.830017600000000000e+09,-9.356000000000000227e+01
2.830017800000000000e+09,-9.354000000000000625e+01
2.830018000000000000e+09,-9.354999999999999716e+01
2.830018200000000000e+09,-9.343999999999999773e+01
2.830018400000000000e+09,-9.343999999999999773e+01
2.830018600000000000e+09,-9.353000000000000114e+01
2.830018800000000000e+09,-9.353000000000000114e+01
2.830019000000000000e+09,-9.357999999999999829e+01
2.830019200000000000e+09,-9.354999999999999716e+01
2.830019400000000000e+09,-9.351000000000000512e+01
2.830019600000000000e+09,-9.348000000000000398e+01
2.830019800000000000e+09,-9.354999999999999716e+01
2.830020000000000000e+09,-9.354999999999999716e+01
2.830020200000000000e+09,-9.360000000000000853e+01
2.830020400000000000e+09,-9.348000000000000398e+01
2.830020600000000000e+09,-9.353000000000000114e+01
2.830020800000000000e+09,-9.351000000000000512e+01
2.830021000000000000e+09,-9.348000000000000398e+01
2.830021200000000000e+09,-9.345000000000000284e+01
2.830021400000000000e+09,-9.350000000000000000e+01
2.830021600000000000e+09,-9.351999999999999602e+01
2.830021800000000000e+09,-9.350000000000000000e+01
2.830022000000000000e+09,-9.351999999999999602e+01
2.830022200000000000e+09,-9.348000000000000398e+01
2.830022400000000000e+09,-9.350000000000000000e+01
2.830022600000000000e+09,-9.354999999999999716e+01
2.830022800000000000e+09,-9.348000000000000398e+01
2.830023000000000000e+09,-9.353000000000000114e+01
2.830023200000000000e+09,-9.354000000000000625e+01
2.830023400000000000e+09,-9.353000000000000114e+01
2.830023600000000000e+09,-9.357999999999999829e+01
2.830023800000000000e+09,-9.357999999999999829e+01
2.830024000000000000e+09,-9.351999999999999602e+01
2.830024200000000000e+09,-9.354000000000000625e+01
2.830024400000000000e+09,-9.335999999999999943e+01
2.830024600000000000e+09,-9.348999999999999488e+01
2.830024800000000000e+09,-9.353000000000000114e+01
2.830025000000000000e+09,-9.353000000000000114e+01
2.830025200000000000e+09,-9.356000000000000227e+01
2.830025400000000000e+09,-9.353000000000000114e+01
2.830025600000000000e+09,-9.356000000000000227e+01
2.830025800000000000e+09,-9.357999999999999829e+01
2.830026000000000000e+09,-9.353000000000000114e+01
2.830026200000000000e+09,-9.360000000000000853e+01
2.830026400000000000e+09,-9.360999999999999943e+01
2.830026600000000000e+09,-9.357999999999999829e+01
2.830026800000000000e+09,-9.360000000000000853e+01
2.830027000000000000e+09,-9.350000000000000000e+01
2.830027200000000000e+09,-9.356000000000000227e+01
2.830027400000000000e+09,-9.354000000000000625e+01
2.830027600000000000e+09,-9.351000000000000512e+01
2.830027800000000000e+09,-9.348999999999999488e+01
2.830028000000000000e+09,-9.353000000000000114e+01
2.830028200000000000e+09,-9.359000000000000341e+01
2.830028400000000000e+09,-9.348999999999999488e+01
2.830028600000000000e+09,-9.348999999999999488e+01
2.830028800000000000e+09,-9.348999999999999488e+01
2.830029000000000000e+09,-9.351999999999999602e+01
2.830029200000000000e+09,-9.357000000000000739e+01
2.830029400000000000e+09,-9.354999999999999716e+01
2.830029600000000000e+09,-9.357999999999999829e+01
2.830029800000000000e+09,-9.354000000000000625e+01
2.830030000000000000e+09,-9.346000000000000796e+01
2.830030200000000000e+09,-9.351999999999999602e+01
2.830030400000000000e+09,-9.356000000000000227e+01
2.830030600000000000e+09,-9.353000000000000114e+01
2.830030800000000000e+09,-9.348999999999999488e+01
2.830031000000000000e+09,-9.350000000000000000e+01
2.830031200000000000e+09,-9.350000000000000000e+01
2.830031400000000000e+09,-9.340000000000000568e+01
2.830031600000000000e+09,-9.342000000000000171e+01
2.830031800000000000e+09,-9.335000000000000853e+01
2.830032000000000000e+09,-9.343999999999999773e+01
2.830032200000000000e+09,-9.353000000000000114e+01
2.830032400000000000e+09,-9.353000000000000114e+01
2.830032600000000000e+09,-9.353000000000000114e+01
2.830032800000000000e+09,-9.356000000000000227e+01
2.830033000000000000e+09,-9.354999999999999716e+01
2.830033200000000000e+09,-9.356000000000000227e+01
2.830033400000000000e+09,-9.357000000000000739e+01
2.830033600000000000e+09,-9.357999999999999829e+01
2.830033800000000000e+09,-9.357999999999999829e+01
2.830034000000000000e+09,-9.350000000000000000e+01
2.830034200000000000e+09,-9.353000000000000114e+01
2.830034400000000000e+09,-9.345000000000000284e+01
2.830034600000000000e+09,-9.346000000000000796e+01
2.830034800000000000e+09,-9.353000000000000114e+01
2.830035000000000000e+09,-9.360000000000000853e+01
2.830035200000000000e+09,-9.360999999999999943e+01
2.830035400000000000e+09,-9.346999999999999886e+01
2.830035600000000000e+09,-9.354999999999999716e+01
2.830035800000000000e+09,-9.357000000000000739e+01
2.830036000000000000e+09,-9.353000000000000114e+01
2.830036200000000000e+09,-9.359000000000000341e+01
2.830036400000000000e+09,-9.346999999999999886e+01
2.830036600000000000e+09,-9.343000000000000682e+01
2.830036800000000000e+09,-9.351000000000000512e+01
2.830037000000000000e+09,-9.357000000000000739e+01
2.830037200000000000e+09,-9.354000000000000625e+01
2.830037400000000000e+09,-9.354999999999999716e+01
2.830037600000000000e+09,-9.354000000000000625e+01
2.830037800000000000e+09,-9.353000000000000114e+01
2.830038000000000000e+09,-9.357999999999999829e+01
2.830038200000000000e+09,-9.360000000000000853e+01
2.830038400000000000e+09,-9.350000000000000000e+01
2.830038600000000000e+09,-9.354999999999999716e+01
2.830038800000000000e+09,-9.360999999999999943e+01
2.830039000000000000e+09,-9.357000000000000739e+01
2.830039200000000000e+09,-9.348000000000000398e+01
2.830039400000000000e+09,-9.351000000000000512e+01
2.830039600000000000e+09,-9.346000000000000796e+01
2.830039800000000000e+09,-9.343999999999999773e+01
2.830040000000000000e+09,-9.348999999999999488e+01
2.830040200000000000e+09,-9.354999999999999716e+01
2.830040400000000000e+09,-9.351000000000000512e+01
2.830040600000000000e+09,-9.343999999999999773e+01
2.830040800000000000e+09,-9.348000000000000398e+01
2.830041000000000000e+09,-9.356000000000000227e+01
2.830041200000000000e+09,-9.353000000000000114e+01
2.830041400000000000e+09,-9.354999999999999716e+01
2.830041600000000000e+09,-9.350000000000000000e+01
2.830041800000000000e+09,-9.357999999999999829e+01
2.830042000000000000e+09,-9.354999999999999716e+01
2.830042200000000000e+09,-9.354000000000000625e+01
2.830042400000000000e+09,-9.353000000000000114e+01
2.830042600000000000e+09,-9.348999999999999488e+01
2.830042800000000000e+09,-9.348999999999999488e+01
2.830043000000000000e+09,-9.346999999999999886e+01
2.830043200000000000e+09,-9.348999999999999488e+01
2.830043400000000000e+09,-9.348999999999999488e+01
2.830043600000000000e+09,-9.360000000000000853e+01
2.830043800000000000e+09,-9.357999999999999829e+01
2.830044000000000000e+09,-9.357999999999999829e+01
2.830044200000000000e+09,-9.354000000000000625e+01
2.830044400000000000e+09,-9.354000000000000625e+01
2.830044600000000000e+09,-9.350000000000000000e+01
2.830044800000000000e+09,-9.346000000000000796e+01
2.830045000000000000e+09,-9.353000000000000114e+01
2.830045200000000000e+09,-9.357000000000000739e+01
2.830045400000000000e+09,-9.356000000000000227e+01
2.830045600000000000e+09,-9.353000000000000114e+01
2.830045800000000000e+09,-9.354999999999999716e+01
2.830046000000000000e+09,-9.353000000000000114e+01
2.830046200000000000e+09,-9.354000000000000625e+01
2.830046400000000000e+09,-9.346999999999999886e+01
2.830046600000000000e+09,-9.354999999999999716e+01
2.830046800000000000e+09,-9.356000000000000227e+01
2.830047000000000000e+09,-9.350000000000000000e+01
2.830047200000000000e+09,-9.335000000000000853e+01
2.830047400000000000e+09,-9.350000000000000000e+01
2.830047600000000000e+09,-9.351000000000000512e+01
2.830047800000000000e+09,-9.348000000000000398e+01
2.830048000000000000e+09,-9.357999999999999829e+01
2.830048200000000000e+09,-9.351999999999999602e+01
2.830048400000000000e+09,-9.357999999999999829e+01
2.830048600000000000e+09,-9.357999999999999829e+01
2.830048800000000000e+09,-9.360999999999999943e+01
2.830049000000000000e+09,-9.364000000000000057e+01
2.830049200000000000e+09,-9.348999999999999488e+01
2.830049400000000000e+09,-9.348999999999999488e+01
2.830049600000000000e+09,-9.356000000000000227e+01
2.830049800000000000e+09,-9.354999999999999716e+01
2.830050000000000000e+09,-9.353000000000000114e+01
3.961950000000000000e+09,-9.876000000000000512e+01
3.961950200000000000e+09,-9.885000000000000853e+01
3.961950400000000000e+09,-9.881000000000000227e+01
3.961950600000000000e+09,-9.890000000000000568e+01
3.961950800000000000e+09,-9.876000000000000512e+01
3.961951000000000000e+09,-9.875000000000000000e+01
3.961951200000000000e+09,-9.882000000000000739e+01
3.961951400000000000e+09,-9.871000000000000796e+01
3.961951600000000000e+09,-9.876000000000000512e+01
3.961951800000000000e+09,-9.885000000000000853e+01
3.961952000000000000e+09,-9.862000000000000455e+01
3.961952200000000000e+09,-9.878000000000000114e+01
3.961952400000000000e+09,-9.885000000000000853e+01
3.961952600000000000e+09,-9.889000000000000057e+01
3.961952800000000000e+09,-9.885000000000000853e+01
3.961953000000000000e+09,-9.878000000000000114e+01
3.961953200000000000e+09,-9.878000000000000114e+01
3.961953400000000000e+09,-9.868999999999999773e+01
3.961953600000000000e+09,-9.879999999999999716e+01
3.961953800000000000e+09,-9.881000000000000227e+01
3.961954000000000000e+09,-9.885999999999999943e+01
3.961954200000000000e+09,-9.879999999999999716e+01
3.961954400000000000e+09,-9.870000000000000284e+01
3.961954600000000000e+09,-9.890000000000000568e+01
3.961954800000000000e+09,-9.860000000000000853e+01
3.961955000000000000e+09,-9.875000000000000000e+01
3.961955200000000000e+09,-9.885999999999999943e+01
3.961955400000000000e+09,-9.878000000000000114e+01
3.961955600000000000e+09,-9.885000000000000853e+01
3.961955800000000000e+09,-9.887999999999999545e+01
3.961956000000000000e+09,-9.871999999999999886e+01
3.961956200000000000e+09,-9.865000000000000568e+01
3.961956400000000000e+09,-9.870000000000000284e+01
3.961956600000000000e+09,-9.878000000000000114e+01
3.961956800000000000e+09,-9.881000000000000227e+01
3.961957000000000000e+09,-9.885999999999999943e+01
3.961957200000000000e+09,-9.876000000000000512e+01
3.961957400000000000e+09,-9.879000000000000625e+01
3.961957600000000000e+09,-9.887999999999999545e+01
3.961957800000000000e+09,-9.876999999999999602e+01
3.961958000000000000e+09,-9.884000000000000341e+01
3.961958200000000000e+09,-9.885999999999999943e+01
3.961958400000000000e+09,-9.884000000000000341e+01
3.961958600000000000e+09,-9.882999999999999829e+01
3.961958800000000000e+09,-9.871000000000000796e+01
3.961959000000000000e+09,-9.890000000000000568e+01
3.961959200000000000e+09,-9.887999999999999545e+01
3.961959400000000000e+09,-9.885000000000000853e+01
3.961959600000000000e+09,-9.882000000000000739e+01
3.961959800000000000e+09,-9.885000000000000853e+01
3.961960000000000000e+09,-9.892000000000000171e+01
3.961960200000000000e+09,-9.876000000000000512e+01
3.961960400000000000e+09,-9.882999999999999829e+01
3.961960600000000000e+09,-9.879999999999999716e+01
3.961960800000000000e+09,-9.885000000000000853e+01
3.961961000000000000e+09,-9.879999999999999716e+01
3.961961200000000000e+09,-9.882999999999999829e+01
3.961961400000000000e+09,-9.882999999999999829e+01
3.961961600000000000e+09,-9.878000000000000114e+01
3.961961800000000000e+09,-9.874000000000000909e+01
3.961962000000000000e+09,-9.871000000000000796e+01
3.961962200000000000e+09,-9.885000000000000853e+01
3.961962400000000000e+09,-9.890999999999999659e+01
3.961962600000000000e+09,-9.889000000000000057e+01
3.961962800000000000e+09,-9.892000000000000171e+01
3.961963000000000000e+09,-9.887999999999999545e+01
3.961963200000000000e+09,-9.879999999999999716e+01
3.961963400000000000e+09,-9.882999999999999829e+01
3.961963600000000000e+09,-9.876999999999999602e+01
3.961963800000000000e+09,-9.887999999999999545e+01
3.961964000000000000e+09,-9.876999999999999602e+01
3.961964200000000000e+09,-9.873000000000000398e+01
3.961964400000000000e+09,-9.887000000000000455e+01
3.961964600000000000e+09,-9.882999999999999829e+01
3.961964800000000000e+09,-9.881000000000000227e+01
3.961965000000000000e+09,-9.878000000000000114e+01
3.961965200000000000e+09,-9.887999999999999545e+01
3.961965400000000000e+09,-9.878000000000000114e+01
3.961965600000000000e+09,-9.865000000000000568e+01
3.961965800000000000e+09,-9.868999999999999773e+01
3.961966000000000000e+09,-9.867000000000000171e+01
3.961966200000000000e+09,-9.870000000000000284e+01
3.961966400000000000e+09,-9.871000000000000796e+01
3.961966600000000000e+09,-9.887999999999999545e+01
3.961966800000000000e+09,-9.878000000000000114e+01
3.961967000000000000e+09,-9.882000000000000739e+01
3.961967200000000000e+09,-9.876999999999999602e+01
3.961967400000000000e+09,-9.882999999999999829e+01
3.961967600000000000e+09,-9.871000000000000796e+01
3.961967800000000000e+09,-9.885000000000000853e+01
3.961968000000000000e+09,-9.867000000000000171e+01
3.961968200000000000e+09,-9.864000000000000057e+01
3.961968400000000000e+09,-9.885000000000000853e+01
3.961968600000000000e+09,-9.871000000000000796e+01
3.961968800000000000e+09,-9.881000000000000227e+01
3.961969000000000000e+09,-9.887999999999999545e+01
3.961969200000000000e+09,-9.879000000000000625e+01
3.961969400000000000e+09,-9.890999999999999659e+01
3.961969600000000000e+09,-9.881000000000000227e+01
3.961969800000000000e+09,-9.887000000000000455e+01
3.961970000000000000e+09,-9.882999999999999829e+01
3.961970200000000000e+09,-9.882999999999999829e+01
3.961970400000000000e+09,-9.879999999999999716e+01
3.961970600000000000e+09,-9.879000000000000625e+01
3.961970800000000000e+09,-9.885999999999999943e+01
3.961971000000000000e+09,-9.879999999999999716e+01
3.961971200000000000e+09,-9.885000000000000853e+01
3.961971400000000000e+09,-9.890999999999999659e+01
3.961971600000000000e+09,-9.885999999999999943e+01
3.961971800000000000e+09,-9.876000000000000512e+01
3.961972000000000000e+09,-9.885000000000000853e+01
3.961972200000000000e+09,-9.879000000000000625e+01
3.961972400000000000e+09,-9.857999999999999829e+01
3.961972600000000000e+09,-9.871999999999999886e+01
3.961972800000000000e+09,-9.882000000000000739e+01
3.961973000000000000e+09,-9.879000000000000625e+01
3.961973200000000000e+09,-9.882000000000000739e+01
3.961973400000000000e+09,-9.878000000000000114e+01
3.961973600000000000e+09,-9.887999999999999545e+01
3.961973800000000000e+09,-9.879999999999999716e+01
3.961974000000000000e+09,-9.889000000000000057e+01
3.961974200000000000e+09,-9.882000000000000739e+01
3.961974400000000000e+09,-9.878000000000000114e+01
3.961974600000000000e+09,-9.887999999999999545e+01
3.961974800000000000e+09,-9.879999999999999716e+01
3.961975000000000000e+09,-9.879000000000000625e+01
3.961975200000000000e+09,-9.879999999999999716e+01
3.961975400000000000e+09,-9.882000000000000739e+01
3.961975600000000000e+09,-9.885999999999999943e+01
3.961975800000000000e+09,-9.890000000000000568e+01
3.961976000000000000e+09,-9.881000000000000227e+01
3.961976200000000000e+09,-9.879999999999999716e+01
3.961976400000000000e+09,-9.884000000000000341e+01
3.961976600000000000e+09,-9.885000000000000853e+01
3.961976800000000000e+09,-9.879000000000000625e+01
3.961977000000000000e+09,-9.878000000000000114e+01
3.961977200000000000e+09,-9.878000000000000114e+01
3.961977400000000000e+09,-9.876000000000000512e+01
3.961977600000000000e+09,-9.889000000000000057e+01
3.961977800000000000e+09,-9.878000000000000114e+01
3.961978000000000000e+09,-9.865999999999999659e+01
3.961978200000000000e+09,-9.885000000000000853e+01
3.961978400000000000e+09,-9.882000000000000739e+01
3.961978600000000000e+09,-9.867000000000000171e+01
3.961978800000000000e+09,-9.854999999999999716e+01
3.961979000000000000e+09,-9.875000000000000000e+01
3.961979200000000000e+09,-9.878000000000000114e+01
3.961979400000000000e+09,-9.885000000000000853e+01
3.961979600000000000e+09,-9.885000000000000853e+01
3.961979800000000000e+09,-9.893000000000000682e+01
3.961980000000000000e+09,-9.885000000000000853e+01
3.961980200000000000e+09,-9.885000000000000853e+01
3.961980400000000000e+09,-9.887000000000000455e+01
3.961980600000000000e+09,-9.885999999999999943e+01
3.961980800000000000e+09,-9.887999999999999545e+01
3.961981000000000000e+09,-9.885000000000000853e+01
3.961981200000000000e+09,-9.890999999999999659e+01
3.961981400000000000e+09,-9.885999999999999943e+01
3.961981600000000000e+09,-9.884000000000000341e+01
3.961981800000000000e+09,-9.887999999999999545e+01
3.961982000000000000e+09,-9.875000000000000000e+01
3.961982200000000000e+09,-9.890000000000000568e+01
3.961982400000000000e+09,-9.879999999999999716e+01
3.961982600000000000e+09,-9.874000000000000909e+01
3.961982800000000000e+09,-9.876000000000000512e+01
3.961983000000000000e+09,-9.867000000000000171e+01
3.961983200000000000e+09,-9.876000000000000512e+01
3.961983400000000000e+09,-9.879999999999999716e+01
3.961983600000000000e+09,-9.876000000000000512e+01
3.961983800000000000e+09,-9.876000000000000512e+01
3.961984000000000000e+09,-9.871000000000000796e+01
3.961984200000000000e+09,-9.885999999999999943e+01
3.961984400000000000e+09,-9.882000000000000739e+01
3.961984600000000000e+09,-9.887999999999999545e+01
3.961984800000000000e+09,-9.885999999999999943e+01
3.961985000000000000e+09,-9.887999999999999545e+01
3.961985200000000000e+09,-9.885000000000000853e+01
3.961985400000000000e+09,-9.878000000000000114e+01
3.961985600000000000e+09,-9.876000000000000512e+01
3.961985800000000000e+09,-9.890000000000000568e+01
3.961986000000000000e+09,-9.879999999999999716e+01
3.961986200000000000e+09,-9.879999999999999716e+01
3.961986400000000000e+09,-9.876999999999999602e+01
3.961986600000000000e+09,-9.871999999999999886e+01
3.961986800000000000e+09,-9.871000000000000796e+01
3.961987000000000000e+09,-9.874000000000000909e+01
3.961987200000000000e+09,-9.881000000000000227e+01
3.961987400000000000e+09,-9.876000000000000512e+01
3.961987600000000000e+09,-9.874000000000000909e+01
3.961987800000000000e+09,-9.871000000000000796e+01
3.961988000000000000e+09,-9.885000000000000853e+01
3.961988200000000000e+09,-9.862000000000000455e+01
3.961988400000000000e+09,-9.885000000000000853e+01
3.961988600000000000e+09,-9.882999999999999829e+01
3.961988800000000000e+09,-9.876000000000000512e+01
3.961989000000000000e+09,-9.868000000000000682e+01
3.961989200000000000e+09,-9.876999999999999602e+01
3.961989400000000000e+09,-9.885000000000000853e+01
3.961989600000000000e+09,-9.882000000000000739e+01
3.961989800000000000e+09,-9.885000000000000853e+01
3.961990000000000000e+09,-9.859000000000000341e+01
3.961990200000000000e+09,-9.882000000000000739e+01
3.961990400000000000e+09,-9.876000000000000512e+01
3.961990600000000000e+09,-9.885999999999999943e+01
3.961990800000000000e+09,-9.871999999999999886e+01
3.961991000000000000e+09,-9.887999999999999545e+01
3.961991200000000000e+09,-9.890999999999999659e+01
3.961991400000000000e+09,-9.882000000000000739e+01
3.961991600000000000e+09,-9.864000000000000057e+01
3.961991800000000000e+09,-9.879999999999999716e+01
3.961992000000000000e+09,-9.871000000000000796e+01
3.961992200000000000e+09,-9.870000000000000284e+01
3.961992400000000000e+09,-9.879000000000000625e+01
3.961992600000000000e+09,-9.885000000000000853e+01
3.961992800000000000e+09,-9.887999999999999545e+01
3.961993000000000000e+09,-9.885000000000000853e+01
3.961993200000000000e+09,-9.879999999999999716e+01
3.961993400000000000e+09,-9.875000000000000000e+01
3.961993600000000000e+09,-9.871999999999999886e+01
3.961993800000000000e+09,-9.878000000000000114e+01
3.961994000000000000e+09,-9.881000000000000227e+01
3.961994200000000000e+09,-9.868999999999999773e+01
3.961994400000000000e+09,-9.876999999999999602e+01
3.961994600000000000e+09,-9.874000000000000909e+01
3.961994800000000000e+09,-9.879000000000000625e+01
3.961995000000000000e+09,-9.871999999999999886e+01
3.961995200000000000e+09,-9.873000000000000398e+01
3.961995400000000000e+09,-9.871000000000000796e+01
3.961995600000000000e+09,-9.876000000000000512e+01
3.961995800000000000e+09,-9.878000000000000114e+01
3.961996000000000000e+09,-9.879999999999999716e+01
3.961996200000000000e+09,-9.876000000000000512e+01
3.961996400000000000e+09,-9.871999999999999886e+01
3.961996600000000000e+09,-9.868000000000000682e+01
3.961996800000000000e+09,-9.853000000000000114e+01
3.961997000000000000e+09,-9.860000000000000853e+01
3.961997200000000000e+09,-9.846999999999999886e+01
3.961997400000000000e+09,-9.856000000000000227e+01
3.961997600000000000e+09,-9.862000000000000455e+01
3.961997800000000000e+09,-9.843999999999999773e+01
3.961998000000000000e+09,-9.820000000000000284e+01
3.961998200000000000e+09,-9.821000000000000796e+01
3.961998400000000000e+09,-9.799000000000000909e+01
3.961998600000000000e+09,-9.759000000000000341e+01
3.961998800000000000e+09,-9.735000000000000853e+01
3.961999000000000000e+09,-9.701000000000000512e+01
3.961999200000000000e+09,-9.646000000000000796e+01
3.961999400000000000e+09,-9.529999999999999716e+01
3.961999600000000000e+09,-9.420000000000000284e+01
3.961999800000000000e+09,-9.253000000000000114e+01
3.962000000000000000e+09,-9.062999999999999545e+01
3.962000200000000000e+09,-8.850000000000000000e+01
3.962000400000000000e+09,-8.635999999999999943e+01
3.962000600000000000e+09,-8.406000000000000227e+01
3.962000800000000000e+09,-8.137999999999999545e+01
3.962001000000000000e+09,-7.909000000000000341e+01
3.962001200000000000e+09,-7.657000000000000739e+01
3.962001400000000000e+09,-7.376000000000000512e+01
3.962001600000000000e+09,-7.082999999999999829e+01
3.962001800000000000e+09,-6.803000000000000114e+01
3.962002000000000000e+09,-6.507999999999999829e+01
3.962002200000000000e+09,-6.196999999999999886e+01
3.962002400000000000e+09,-5.874000000000000199e+01
3.962002600000000000e+09,-5.568999999999999773e+01
3.962002800000000000e+09,-5.263000000000000256e+01
3.962003000000000000e+09,-4.978000000000000114e+01
3.962003200000000000e+09,-4.732999999999999829e+01
3.962003400000000000e+09,-4.539999999999999858e+01
3.962003600000000000e+09,-4.417999999999999972e+01
3.962003800000000000e+09,-4.374000000000000199e+01
3.962004000000000000e+09,-4.334000000000000341e+01
3.962004200000000000e+09,-4.384000000000000341e+01
3.962004400000000000e+09,-4.511999999999999744e+01
3.962004600000000000e+09,-4.675999999999999801e+01
3.962004800000000000e+09,-4.875000000000000000e+01
3.962005000000000000e+09,-5.139999999999999858e+01
3.962005200000000000e+09,-5.427000000000000313e+01
3.962005400000000000e+09,-5.725999999999999801e+01
3.962005600000000000e+09,-6.035999999999999943e+01
3.962005800000000000e+09,-6.367000000000000171e+01
3.962006000000000000e+09,-6.685999999999999943e+01
3.962006200000000000e+09,-6.981000000000000227e+01
3.962006400000000000e+09,-7.284000000000000341e+01
3.962006600000000000e+09,-7.551999999999999602e+01
3.962006800000000000e+09,-7.807999999999999829e+01
3.962007000000000000e+09,-8.057000000000000739e+01
3.962007200000000000e+09,-8.301999999999999602e+01
3.962007400000000000e+09,-8.551999999999999602e+01
3.962007600000000000e+09,-8.793999999999999773e+01
3.962007800000000000e+09,-9.001999999999999602e+01
3.962008000000000000e+09,-9.201000000000000512e+01
3.962008200000000000e+09,-9.373000000000000398e+01
3.962008400000000000e+09,-9.493999999999999773e+01
3.962008600000000000e+09,-9.564000000000000057e+01
3.962008800000000000e+09,-9.673000000000000398e+01
3.962009000000000000e+09,-9.734000000000000341e+01
3.962009200000000000e+09,-9.771000000000000796e+01
3.962009400000000000e+09,-9.776999999999999602e+01
3.962009600000000000e+09,-9.804999999999999716e+01
3.962009800000000000e+09,-9.832000000000000739e+01
3.962010000000000000e+09,-9.843000000000000682e+01
3.962010200000000000e+09,-9.856000000000000227e+01
3.962010400000000000e+09,-9.865000000000000568e+01
3.962010600000000000e+09,-9.828000000000000114e+01
3.962010800000000000e+09,-9.849000000000000909e+01
3.962011000000000000e+09,-9.849000000000000909e+01
3.962011200000000000e+09,-9.835000000000000853e+01
3.962011400000000000e+09,-9.862999999999999545e+01
3.962011600000000000e+09,-9.865000000000000568e+01
3.962011800000000000e+09,-9.851999999999999602e+01
3.962012000000000000e+09,-9.862999999999999545e+01
3.962012200000000000e+09,-9.871000000000000796e+01
3.962012400000000000e+09,-9.876000000000000512e+01
3.962012600000000000e+09,-9.854999999999999716e+01
3.962012800000000000e+09,-9.874000000000000909e+01
3.962013000000000000e+09,-9.876000000000000512e+01
3.962013200000000000e+09,-9.887999999999999545e+01
3.962013400000000000e+09,-9.862000000000000455e+01
3.962013600000000000e+09,-9.871000000000000796e+01
3.962013800000000000e+09,-9.875000000000000000e+01
3.962014000000000000e+09,-9.879999999999999716e+01
3.962014200000000000e+09,-9.885000000000000853e+01
3.962014400000000000e+09,-9.882000000000000739e+01
3.962014600000000000e+09,-9.878000000000000114e+01
3.962014800000000000e+09,-9.876000000000000512e+01
3.962015000000000000e+09,-9.885000000000000853e+01
3.962015200000000000e+09,-9.871000000000000796e+01
3.962015400000000000e+09,-9.876999999999999602e+01
3.962015600000000000e+09,-9.875000000000000000e+01
3.962015800000000000e+09,-9.871999999999999886e+01
3.962016000000000000e+09,-9.882000000000000739e+01
3.962016200000000000e+09,-9.884000000000000341e+01
3.962016400000000000e+09,-9.876000000000000512e+01
3.962016600000000000e+09,-9.876000000000000512e+01
3.962016800000000000e+09,-9.876999999999999602e+01
3.962017000000000000e+09,-9.875000000000000000e+01
3.962017200000000000e+09,-9.885000000000000853e+01
3.962017400000000000e+09,-9.875000000000000000e+01
3.962017600000000000e+09,-9.875000000000000000e+01
3.962017800000000000e+09,-9.882000000000000739e+01
3.962018000000000000e+09,-9.881000000000000227e+01
3.962018200000000000e+09,-9.876000000000000512e+01
3.962018400000000000e+09,-9.885000000000000853e+01
3.962018600000000000e+09,-9.885000000000000853e+01
3.962018800000000000e+09,-9.885000000000000853e+01
3.962019000000000000e+09,-9.873000000000000398e+01
3.962019200000000000e+09,-9.875000000000000000e+01
3.962019400000000000e+09,-9.871000000000000796e+01
3.962019600000000000e+09,-9.882000000000000739e+01
3.962019800000000000e+09,-9.884000000000000341e+01
3.962020000000000000e+09,-9.876000000000000512e+01
3.962020200000000000e+09,-9.876000000000000512e+01
3.962020400000000000e+09,-9.865999999999999659e+01
3.962020600000000000e+09,-9.868000000000000682e+01
3.962020800000000000e+09,-9.878000000000000114e+01
3.962021000000000000e+09,-9.857000000000000739e+01
3.962021200000000000e+09,-9.862000000000000455e+01
3.962021400000000000e+09,-9.878000000000000114e+01
3.962021600000000000e+09,-9.871999999999999886e+01
3.962021800000000000e+09,-9.889000000000000057e+01
3.962022000000000000e+09,-9.875000000000000000e+01
3.962022200000000000e+09,-9.871000000000000796e+01
3.962022400000000000e+09,-9.878000000000000114e+01
3.962022600000000000e+09,-9.876999999999999602e+01
3.962022800000000000e+09,-9.889000000000000057e+01
3.962023000000000000e+09,-9.876000000000000512e+01
3.962023200000000000e+09,-9.854999999999999716e+01
3.962023400000000000e+09,-9.890000000000000568e+01
3.962023600000000000e+09,-9.885000000000000853e+01
3.962023800000000000e+09,-9.876999999999999602e+01
3.962024000000000000e+09,-9.887999999999999545e+01
3.962024200000000000e+09,-9.887000000000000455e+01
3.962024400000000000e+09,-9.876000000000000512e+01
3.962024600000000000e+09,-9.885000000000000853e+01
3.962024800000000000e+09,-9.876000000000000512e+01
3.962025000000000000e+09,-9.859000000000000341e+01
3.962025200000000000e+09,-9.871000000000000796e+01
3.962025400000000000e+09,-9.868000000000000682e+01
3.962025600000000000e+09,-9.885999999999999943e+01
3.962025800000000000e+09,-9.874000000000000909e+01
3.962026000000000000e+09,-9.887999999999999545e+01
3.962026200000000000e+09,-9.887999999999999545e+01
3.962026400000000000e+09,-9.887999999999999545e+01
3.962026600000000000e+09,-9.887999999999999545e+01
3.962026800000000000e+09,-9.874000000000000909e+01
3.962027000000000000e+09,-9.867000000000000171e+01
3.962027200000000000e+09,-9.884000000000000341e+01
3.962027400000000000e+09,-9.874000000000000909e+01
3.962027600000000000e+09,-9.887999999999999545e+01
3.962027800000000000e+09,-9.881000000000000227e+01
3.962028000000000000e+09,-9.890999999999999659e+01
3.962028200000000000e+09,-9.887999999999999545e+01
3.962028400000000000e+09,-9.879000000000000625e+01
3.962028600000000000e+09,-9.849000000000000909e+01
3.962028800000000000e+09,-9.876999999999999602e+01
3.962029000000000000e+09,-9.885000000000000853e+01
3.962029200000000000e+09,-9.890999999999999659e+01
3.962029400000000000e+09,-9.881000000000000227e+01
3.962029600000000000e+09,-9.868999999999999773e+01
3.962029800000000000e+09,-9.868000000000000682e+01
3.962030000000000000e+09,-9.871999999999999886e+01
3.962030200000000000e+09,-9.868000000000000682e+01
3.962030400000000000e+09,-9.873000000000000398e+01
3.962030600000000000e+09,-9.879000000000000625e+01
3.962030800000000000e+09,-9.890999999999999659e+01
3.962031000000000000e+09,-9.887999999999999545e+01
3.962031200000000000e+09,-9.876000000000000512e+01
3.962031400000000000e+09,-9.887000000000000455e+01
3.962031600000000000e+09,-9.890999999999999659e+01
3.962031800000000000e+09,-9.890000000000000568e+01
3.962032000000000000e+09,-9.871000000000000796e+01
3.962032200000000000e+09,-9.884000000000000341e+01
3.962032400000000000e+09,-9.882999999999999829e+01
3.962032600000000000e+09,-9.892000000000000171e+01
3.962032800000000000e+09,-9.885000000000000853e+01
3.962033000000000000e+09,-9.870000000000000284e+01
3.962033200000000000e+09,-9.876999999999999602e+01
3.962033400000000000e+09,-9.882999999999999829e+01
3.962033600000000000e+09,-9.881000000000000227e+01
3.962033800000000000e+09,-9.876999999999999602e+01
3.962034000000000000e+09,-9.868000000000000682e+01
3.962034200000000000e+09,-9.871000000000000796e+01
3.962034400000000000e+09,-9.887000000000000455e+01
3.962034600000000000e+09,-9.879000000000000625e+01
3.962034800000000000e+09,-9.882000000000000739e+01
3.962035000000000000e+09,-9.885000000000000853e+01
3.962035200000000000e+09,-9.881000000000000227e+01
3.962035400000000000e+09,-9.885999999999999943e+01
3.962035600000000000e+09,-9.882000000000000739e+01
3.962035800000000000e+09,-9.885000000000000853e+01
3.962036000000000000e+09,-9.885000000000000853e+01
3.962036200000000000e+09,-9.876000000000000512e+01
3.962036400000000000e+09,-9.885000000000000853e+01
3.962036600000000000e+09,-9.881000000000000227e+01
3.962036800000000000e+09,-9.871999999999999886e+01
3.962037000000000000e+09,-9.859000000000000341e+01
3.962037200000000000e+09,-9.878000000000000114e+01
3.962037400000000000e+09,-9.874000000000000909e+01
3.962037600000000000e+09,-9.879000000000000625e+01
3.962037800000000000e+09,-9.893999999999999773e+01
3.962038000000000000e+09,-9.890999999999999659e+01
3.962038200000000000e+09,-9.885999999999999943e+01
3.962038400000000000e+09,-9.879000000000000625e+01
3.962038600000000000e+09,-9.862000000000000455e+01
3.962038800000000000e+09,-9.845000000000000284e+01
3.962039000000000000e+09,-9.871999999999999886e+01
3.962039200000000000e+09,-9.885000000000000853e+01
3.962039400000000000e+09,-9.882999999999999829e+01
3.962039600000000000e+09,-9.878000000000000114e+01
3.962039800000000000e+09,-9.868999999999999773e+01
3.962040000000000000e+09,-9.864000000000000057e+01
3.962040200000000000e+09,-9.889000000000000057e+01
3.962040400000000000e+09,-9.885000000000000853e+01
3.962040600000000000e+09,-9.881000000000000227e+01
3.962040800000000000e+09,-9.878000000000000114e+01
3.962041000000000000e+09,-9.878000000000000114e+01
3.962041200000000000e+09,-9.849000000000000909e+01
3.962041400000000000e+09,-9.875000000000000000e+01
3.962041600000000000e+09,-9.865999999999999659e+01
3.962041800000000000e+09,-9.879999999999999716e+01
3.962042000000000000e+09,-9.890000000000000568e+01
3.962042200000000000e+09,-9.890000000000000568e+01
3.962042400000000000e+09,-9.876000000000000512e+01
3.962042600000000000e+09,-9.879999999999999716e+01
3.962042800000000000e+09,-9.871000000000000796e+01
3.962043000000000000e+09,-9.885000000000000853e+01
3.962043200000000000e+09,-9.867000000000000171e+01
3.962043400000000000e+09,-9.890000000000000568e+01
3.962043600000000000e+09,-9.865000000000000568e+01
3.962043800000000000e+09,-9.882999999999999829e+01
3.962044000000000000e+09,-9.887999999999999545e+01
3.962044200000000000e+09,-9.885000000000000853e+01
3.962044400000000000e+09,-9.889000000000000057e+01
3.962044600000000000e+09,-9.887999999999999545e+01
3.962044800000000000e+09,-9.887000000000000455e+01
3.962045000000000000e+09,-9.885000000000000853e+01
3.962045200000000000e+09,-9.868999999999999773e+01
3.962045400000000000e+09,-9.893999999999999773e+01
3.962045600000000000e+09,-9.878000000000000114e+01
3.962045800000000000e+09,-9.882000000000000739e+01
3.962046000000000000e+09,-9.876999999999999602e+01
3.962046200000000000e+09,-9.885999999999999943e+01
3.962046400000000000e+09,-9.882000000000000739e+01
3.962046600000000000e+09,-9.876000000000000512e+01
3.962046800000000000e+09,-9.885000000000000853e+01
3.962047000000000000e+09,-9.868000000000000682e+01
3.962047200000000000e+09,-9.867000000000000171e+01
3.962047400000000000e+09,-9.868999999999999773e+01
3.962047600000000000e+09,-9.862000000000000455e+01
3.962047800000000000e+09,-9.865999999999999659e+01
3.962048000000000000e+09,-9.868999999999999773e+01
3.962048200000000000e+09,-9.882000000000000739e+01
3.962048400000000000e+09,-9.876000000000000512e+01
3.962048600000000000e+09,-9.884000000000000341e+01
3.962048800000000000e+09,-9.890000000000000568e+01
3.962049000000000000e+09,-9.893999999999999773e+01
3.962049200000000000e+09,-9.893000000000000682e+01
3.962049400000000000e+09,-9.893999999999999773e+01
3.962049600000000000e+09,-9.885000000000000853e+01
3.962049800000000000e+09,-9.882000000000000739e+01
3.962050000000000000e+09,-9.876000000000000512e+01
5.093950000000000000e+09,-9.876999999999999602e+01
5.093950200000000000e+09,-9.876999999999999602e+01
5.093950400000000000e+09,-9.885000000000000853e+01
5.093950600000000000e+09,-9.870000000000000284e+01
5.093950800000000000e+09,-9.873000000000000398e+01
5.093951000000000000e+09,-9.879999999999999716e+01
5.093951200000000000e+09,-9.870000000000000284e+01
5.093951400000000000e+09,-9.873000000000000398e+01
5.093951600000000000e+09,-9.851999999999999602e+01
5.093951800000000000e+09,-9.871000000000000796e+01
5.093952000000000000e+09,-9.865999999999999659e+01
5.093952200000000000e+09,-9.871000000000000796e+01
5.093952400000000000e+09,-9.875000000000000000e+01
5.093952600000000000e+09,-9.868000000000000682e+01
5.093952800000000000e+09,-9.859000000000000341e+01
5.093953000000000000e+09,-9.862999999999999545e+01
5.093953200000000000e+09,-9.856000000000000227e+01
5.093953400000000000e+09,-9.864000000000000057e+01
5.093953600000000000e+09,-9.878000000000000114e+01
5.093953800000000000e+09,-9.876999999999999602e+01
5.093954000000000000e+09,-9.870000000000000284e+01
5.093954200000000000e+09,-9.871999999999999886e+01
5.093954400000000000e+09,-9.864000000000000057e+01
5.093954600000000000e+09,-9.859000000000000341e+01
5.093954800000000000e+09,-9.859000000000000341e+01
5.093955000000000000e+09,-9.868000000000000682e+01
5.093955200000000000e+09,-9.871000000000000796e+01
5.093955400000000000e+09,-9.876000000000000512e+01
5.093955600000000000e+09,-9.876999999999999602e+01
5.093955800000000000e+09,-9.881000000000000227e+01
5.093956000000000000e+09,-9.874000000000000909e+01
5.093956200000000000e+09,-9.876999999999999602e+01
5.093956400000000000e+09,-9.881000000000000227e+01
5.093956600000000000e+09,-9.871999999999999886e+01
5.093956800000000000e+09,-9.881000000000000227e+01
5.093957000000000000e+09,-9.879000000000000625e+01
5.093957200000000000e+09,-9.879999999999999716e+01
5.093957400000000000e+09,-9.871999999999999886e+01
5.093957600000000000e+09,-9.870000000000000284e+01
5.093957800000000000e+09,-9.870000000000000284e+01
5.093958000000000000e+09,-9.881000000000000227e+01
5.093958200000000000e+09,-9.870000000000000284e+01
5.093958400000000000e+09,-9.876999999999999602e+01
5.093958600000000000e+09,-9.871999999999999886e+01
5.093958800000000000e+09,-9.860000000000000853e+01
5.093959000000000000e+09,-9.868000000000000682e+01
5.093959200000000000e+09,-9.870000000000000284e+01
5.093959400000000000e+09,-9.885000000000000853e+01
5.093959600000000000e+09,-9.879000000000000625e+01
5.093959800000000000e+09,-9.879999999999999716e+01
5.093960000000000000e+09,-9.854000000000000625e+01
5.093960200000000000e+09,-9.867000000000000171e+01
5.093960400000000000e+09,-9.862000000000000455e+01
5.093960600000000000e+09,-9.871000000000000796e+01
5.093960800000000000e+09,-9.870000000000000284e+01
5.093961000000000000e+09,-9.881000000000000227e+01
5.093961200000000000e+09,-9.882000000000000739e+01
5.093961400000000000e+09,-9.884000000000000341e+01
5.093961600000000000e+09,-9.876999999999999602e+01
5.093961800000000000e+09,-9.876999999999999602e+01
5.093962000000000000e+09,-9.871000000000000796e+01
5.093962200000000000e+09,-9.881000000000000227e+01
5.093962400000000000e+09,-9.878000000000000114e+01
5.093962600000000000e+09,-9.868000000000000682e+01
5.093962800000000000e+09,-9.857000000000000739e+01
5.093963000000000000e+09,-9.875000000000000000e+01
5.093963200000000000e+09,-9.862000000000000455e+01
5.093963400000000000e+09,-9.874000000000000909e+01
5.093963600000000000e+09,-9.878000000000000114e+01
5.093963800000000000e+09,-9.857000000000000739e+01
5.093964000000000000e+09,-9.865999999999999659e+01
5.093964200000000000e+09,-9.862000000000000455e+01
5.093964400000000000e+09,-9.879999999999999716e+01
5.093964600000000000e+09,-9.881000000000000227e+01
5.093964800000000000e+09,-9.881000000000000227e+01
5.093965000000000000e+09,-9.881000000000000227e+01
5.093965200000000000e+09,-9.884000000000000341e+01
5.093965400000000000e+09,-9.879999999999999716e+01
5.093965600000000000e+09,-9.876999999999999602e+01
5.093965800000000000e+09,-9.879000000000000625e+01
5.093966000000000000e+09,-9.865999999999999659e+01
5.093966200000000000e+09,-9.870000000000000284e+01
5.093966400000000000e+09,-9.870000000000000284e+01
5.093966600000000000e+09,-9.868999999999999773e+01
5.093966800000000000e+09,-9.875000000000000000e+01
5.093967000000000000e+09,-9.878000000000000114e+01
5.093967200000000000e+09,-9.871999999999999886e+01
5.093967400000000000e+09,-9.879999999999999716e+01
5.093967600000000000e+09,-9.882000000000000739e+01
5.093967800000000000e+09,-9.874000000000000909e+01
5.093968000000000000e+09,-9.868000000000000682e+01
5.093968200000000000e+09,-9.876999999999999602e+01
5.093968400000000000e+09,-9.881000000000000227e+01
5.093968600000000000e+09,-9.865000000000000568e+01
5.093968800000000000e+09,-9.879999999999999716e+01
5.093969000000000000e+09,-9.882000000000000739e+01
5.093969200000000000e+09,-9.879999999999999716e+01
5.093969400000000000e+09,-9.875000000000000000e+01
5.093969600000000000e+09,-9.882999999999999829e+01
5.093969800000000000e+09,-9.878000000000000114e+01
5.093970000000000000e+09,-9.867000000000000171e+01
5.093970200000000000e+09,-9.873000000000000398e+01
5.093970400000000000e+09,-9.875000000000000000e+01
5.093970600000000000e+09,-9.870000000000000284e+01
5.093970800000000000e+09,-9.879999999999999716e+01
5.093971000000000000e+09,-9.864000000000000057e+01
5.093971200000000000e+09,-9.874000000000000909e+01
5.093971400000000000e+09,-9.868000000000000682e+01
5.093971600000000000e+09,-9.860000000000000853e+01
5.093971800000000000e+09,-9.876000000000000512e+01
5.093972000000000000e+09,-9.876999999999999602e+01
5.093972200000000000e+09,-9.882000000000000739e+01
5.093972400000000000e+09,-9.870000000000000284e+01
5.093972600000000000e+09,-9.864000000000000057e+01
5.093972800000000000e+09,-9.868000000000000682e+01
5.093973000000000000e+09,-9.871999999999999886e+01
5.093973200000000000e+09,-9.878000000000000114e+01
5.093973400000000000e+09,-9.862000000000000455e+01
5.093973600000000000e+09,-9.860000000000000853e+01
5.093973800000000000e+09,-9.876000000000000512e+01
5.093974000000000000e+09,-9.857999999999999829e+01
5.093974200000000000e+09,-9.871999999999999886e+01
5.093974400000000000e+09,-9.871000000000000796e+01
5.093974600000000000e+09,-9.851999999999999602e+01
5.093974800000000000e+09,-9.868999999999999773e+01
5.093975000000000000e+09,-9.876999999999999602e+01
5.093975200000000000e+09,-9.876999999999999602e+01
5.093975400000000000e+09,-9.870000000000000284e+01
5.093975600000000000e+09,-9.873000000000000398e+01
5.093975800000000000e+09,-9.876999999999999602e+01
5.093976000000000000e+09,-9.871999999999999886e+01
5.093976200000000000e+09,-9.876999999999999602e+01
5.093976400000000000e+09,-9.874000000000000909e+01
5.093976600000000000e+09,-9.875000000000000000e+01
5.093976800000000000e+09,-9.874000000000000909e+01
5.093977000000000000e+09,-9.862999999999999545e+01
5.093977200000000000e+09,-9.876000000000000512e+01
5.093977400000000000e+09,-9.878000000000000114e+01
5.093977600000000000e+09,-9.876000000000000512e+01
5.093977800000000000e+09,-9.868000000000000682e+01
5.093978000000000000e+09,-9.871999999999999886e+01
5.093978200000000000e+09,-9.885999999999999943e+01
5.093978400000000000e+09,-9.890000000000000568e+01
5.093978600000000000e+09,-9.871999999999999886e+01
5.093978800000000000e+09,-9.871000000000000796e+01
5.093979000000000000e+09,-9.881000000000000227e+01
5.093979200000000000e+09,-9.882999999999999829e+01
5.093979400000000000e+09,-9.871999999999999886e+01
5.093979600000000000e+09,-9.882000000000000739e+01
5.093979800000000000e+09,-9.879999999999999716e+01
5.093980000000000000e+09,-9.876999999999999602e+01
5.093980200000000000e+09,-9.887000000000000455e+01
5.093980400000000000e+09,-9.874000000000000909e+01
5.093980600000000000e+09,-9.862999999999999545e+01
5.093980800000000000e+09,-9.874000000000000909e+01
5.093981000000000000e+09,-9.879000000000000625e+01
5.093981200000000000e+09,-9.874000000000000909e+01
5.093981400000000000e+09,-9.857000000000000739e+01
5.093981600000000000e+09,-9.871999999999999886e+01
5.093981800000000000e+09,-9.870000000000000284e+01
5.093982000000000000e+09,-9.876999999999999602e+01
5.093982200000000000e+09,-9.868000000000000682e+01
5.093982400000000000e+09,-9.876999999999999602e+01
5.093982600000000000e+09,-9.885000000000000853e+01
5.093982800000000000e+09,-9.878000000000000114e+01
5.093983000000000000e+09,-9.873000000000000398e+01
5.093983200000000000e+09,-9.876000000000000512e+01
5.093983400000000000e+09,-9.871000000000000796e+01
5.093983600000000000e+09,-9.876999999999999602e+01
5.093983800000000000e+09,-9.862999999999999545e+01
5.093984000000000000e+09,-9.851000000000000512e+01
5.093984200000000000e+09,-9.870000000000000284e+01
5.093984400000000000e+09,-9.874000000000000909e+01
5.093984600000000000e+09,-9.871999999999999886e+01
5.093984800000000000e+09,-9.868000000000000682e+01
5.093985000000000000e+09,-9.874000000000000909e+01
5.093985200000000000e+09,-9.879999999999999716e+01
5.093985400000000000e+09,-9.876999999999999602e+01
5.093985600000000000e+09,-9.885000000000000853e+01
5.093985800000000000e+09,-9.878000000000000114e+01
5.093986000000000000e+09,-9.870000000000000284e+01
5.093986200000000000e+09,-9.873000000000000398e+01
5.093986400000000000e+09,-9.875000000000000000e+01
5.093986600000000000e+09,-9.875000000000000000e+01
5.093986800000000000e+09,-9.878000000000000114e+01
5.093987000000000000e+09,-9.865999999999999659e+01
5.093987200000000000e+09,-9.868000000000000682e+01
5.093987400000000000e+09,-9.875000000000000000e+01
5.093987600000000000e+09,-9.878000000000000114e+01
5.093987800000000000e+09,-9.881000000000000227e+01
5.093988000000000000e+09,-9.871999999999999886e+01
5.093988200000000000e+09,-9.871000000000000796e+01
5.093988400000000000e+09,-9.879999999999999716e+01
5.093988600000000000e+09,-9.881000000000000227e+01
5.093988800000000000e+09,-9.849000000000000909e+01
5.093989000000000000e+09,-9.868000000000000682e+01
5.093989200000000000e+09,-9.868999999999999773e+01
5.093989400000000000e+09,-9.876999999999999602e+01
5.093989600000000000e+09,-9.868000000000000682e+01
5.093989800000000000e+09,-9.868999999999999773e+01
5.093990000000000000e+09,-9.875000000000000000e+01
5.093990200000000000e+09,-9.871999999999999886e+01
5.093990400000000000e+09,-9.878000000000000114e+01
5.093990600000000000e+09,-9.868000000000000682e+01
5.093990800000000000e+09,-9.876999999999999602e+01
5.093991000000000000e+09,-9.878000000000000114e+01
5.093991200000000000e+09,-9.874000000000000909e+01
5.093991400000000000e+09,-9.875000000000000000e+01
5.093991600000000000e+09,-9.860999999999999943e+01
5.093991800000000000e+09,-9.868000000000000682e+01
5.093992000000000000e+09,-9.871000000000000796e+01
5.093992200000000000e+09,-9.876999999999999602e+01
5.093992400000000000e+09,-9.879999999999999716e+01
5.093992600000000000e+09,-9.881000000000000227e+01
5.093992800000000000e+09,-9.881000000000000227e+01
5.093993000000000000e+09,-9.882000000000000739e+01
5.093993200000000000e+09,-9.882000000000000739e+01
5.093993400000000000e+09,-9.878000000000000114e+01
5.093993600000000000e+09,-9.882999999999999829e+01
5.093993800000000000e+09,-9.882000000000000739e+01
5.093994000000000000e+09,-9.868000000000000682e+01
5.093994200000000000e+09,-9.876999999999999602e+01
5.093994400000000000e+09,-9.874000000000000909e+01
5.093994600000000000e+09,-9.876999999999999602e+01
5.093994800000000000e+09,-9.876999999999999602e+01
5.093995000000000000e+09,-9.876000000000000512e+01
5.093995200000000000e+09,-9.857999999999999829e+01
5.093995400000000000e+09,-9.870000000000000284e+01
5.093995600000000000e+09,-9.870000000000000284e+01
5.093995800000000000e+09,-9.879999999999999716e+01
5.093996000000000000e+09,-9.871000000000000796e+01
5.093996200000000000e+09,-9.868000000000000682e+01
5.093996400000000000e+09,-9.878000000000000114e+01
5.093996600000000000e+09,-9.879000000000000625e+01
5.093996800000000000e+09,-9.873000000000000398e+01
5.093997000000000000e+09,-9.879999999999999716e+01
5.093997200000000000e+09,-9.881000000000000227e+01
5.093997400000000000e+09,-9.876999999999999602e+01
5.093997600000000000e+09,-9.879999999999999716e+01
5.093997800000000000e+09,-9.874000000000000909e+01
5.093998000000000000e+09,-9.874000000000000909e+01
5.093998200000000000e+09,-9.871000000000000796e+01
5.093998400000000000e+09,-9.882000000000000739e+01
5.093998600000000000e+09,-9.881000000000000227e+01
5.093998800000000000e+09,-9.879000000000000625e+01
5.093999000000000000e+09,-9.860000000000000853e+01
5.093999200000000000e+09,-9.864000000000000057e+01
5.093999400000000000e+09,-9.874000000000000909e+01
5.093999600000000000e+09,-9.876000000000000512e+01
5.093999800000000000e+09,-9.859000000000000341e+01
5.094000000000000000e+09,-9.859000000000000341e+01
5.094000200000000000e+09,-9.870000000000000284e+01
5.094000400000000000e+09,-9.859000000000000341e+01
5.094000600000000000e+09,-9.848000000000000398e+01
5.094000800000000000e+09,-9.842000000000000171e+01
5.094001000000000000e+09,-9.814000000000000057e+01
5.094001200000000000e+09,-9.768000000000000682e+01
5.094001400000000000e+09,-9.668000000000000682e+01
5.094001600000000000e+09,-9.526999999999999602e+01
5.094001800000000000e+09,-9.350000000000000000e+01
5.094002000000000000e+09,-9.100000000000000000e+01
5.094002200000000000e+09,-8.817000000000000171e+01
5.094002400000000000e+09,-8.534000000000000341e+01
5.094002600000000000e+09,-8.221999999999999886e+01
5.094002800000000000e+09,-7.910000000000000853e+01
5.094003000000000000e+09,-7.593000000000000682e+01
5.094003200000000000e+09,-7.278000000000000114e+01
5.094003400000000000e+09,-6.965000000000000568e+01
5.094003600000000000e+09,-6.656000000000000227e+01
5.094003800000000000e+09,-6.371999999999999886e+01
5.094004000000000000e+09,-6.121999999999999886e+01
5.094004200000000000e+09,-5.928000000000000114e+01
5.094004400000000000e+09,-5.803000000000000114e+01
5.094004600000000000e+09,-5.763000000000000256e+01
5.094004800000000000e+09,-5.728000000000000114e+01
5.094005000000000000e+09,-5.780000000000000426e+01
5.094005200000000000e+09,-5.928999999999999915e+01
5.094005400000000000e+09,-6.103999999999999915e+01
5.094005600000000000e+09,-6.321000000000000085e+01
5.094005800000000000e+09,-6.582000000000000739e+01
5.094006000000000000e+09,-6.884000000000000341e+01
5.094006200000000000e+09,-7.204999999999999716e+01
5.094006400000000000e+09,-7.514000000000000057e+01
5.094006600000000000e+09,-7.818000000000000682e+01
5.094006800000000000e+09,-8.143999999999999773e+01
5.094007000000000000e+09,-8.451000000000000512e+01
5.094007200000000000e+09,-8.750000000000000000e+01
5.094007400000000000e+09,-9.042000000000000171e+01
5.094007600000000000e+09,-9.318999999999999773e+01
5.094007800000000000e+09,-9.535999999999999943e+01
5.094008000000000000e+09,-9.648000000000000398e+01
5.094008200000000000e+09,-9.732999999999999829e+01
5.094008400000000000e+09,-9.779999999999999716e+01
5.094008600000000000e+09,-9.810999999999999943e+01
5.094008800000000000e+09,-9.829000000000000625e+01
5.094009000000000000e+09,-9.850000000000000000e+01
5.094009200000000000e+09,-9.865000000000000568e+01
5.094009400000000000e+09,-9.860000000000000853e+01
5.094009600000000000e+09,-9.874000000000000909e+01
5.094009800000000000e+09,-9.876000000000000512e+01
5.094010000000000000e+09,-9.871999999999999886e+01
5.094010200000000000e+09,-9.870000000000000284e+01
5.094010400000000000e+09,-9.876999999999999602e+01
5.094010600000000000e+09,-9.875000000000000000e+01
5.094010800000000000e+09,-9.870000000000000284e+01
5.094011000000000000e+09,-9.871999999999999886e+01
5.094011200000000000e+09,-9.879999999999999716e+01
5.094011400000000000e+09,-9.868999999999999773e+01
5.094011600000000000e+09,-9.868000000000000682e+01
5.094011800000000000e+09,-9.860999999999999943e+01
5.094012000000000000e+09,-9.875000000000000000e+01
5.094012200000000000e+09,-9.868000000000000682e+01
5.094012400000000000e+09,-9.864000000000000057e+01
5.094012600000000000e+09,-9.878000000000000114e+01
5.094012800000000000e+09,-9.885000000000000853e+01
5.094013000000000000e+09,-9.882000000000000739e+01
5.094013200000000000e+09,-9.879999999999999716e+01
5.094013400000000000e+09,-9.874000000000000909e+01
5.094013600000000000e+09,-9.868000000000000682e+01
5.094013800000000000e+09,-9.860999999999999943e+01
5.094014000000000000e+09,-9.881000000000000227e+01
5.094014200000000000e+09,-9.871000000000000796e+01
5.094014400000000000e+09,-9.885999999999999943e+01
5.094014600000000000e+09,-9.867000000000000171e+01
5.094014800000000000e+09,-9.871999999999999886e+01
5.094015000000000000e+09,-9.871999999999999886e+01
5.094015200000000000e+09,-9.878000000000000114e+01
5.094015400000000000e+09,-9.865999999999999659e+01
5.094015600000000000e+09,-9.879000000000000625e+01
5.094015800000000000e+09,-9.875000000000000000e+01
5.094016000000000000e+09,-9.868999999999999773e+01
5.094016200000000000e+09,-9.871999999999999886e+01
5.094016400000000000e+09,-9.876999999999999602e+01
5.094016600000000000e+09,-9.879999999999999716e+01
5.094016800000000000e+09,-9.878000000000000114e+01
5.094017000000000000e+09,-9.870000000000000284e+01
5.094017200000000000e+09,-9.871999999999999886e+01
5.094017400000000000e+09,-9.882000000000000739e+01
5.094017600000000000e+09,-9.875000000000000000e+01
5.094017800000000000e+09,-9.876999999999999602e+01
5.094018000000000000e+09,-9.871999999999999886e+01
5.094018200000000000e+09,-9.881000000000000227e+01
5.094018400000000000e+09,-9.879999999999999716e+01
5.094018600000000000e+09,-9.871000000000000796e+01
5.094018800000000000e+09,-9.879999999999999716e+01
5.094019000000000000e+09,-9.867000000000000171e+01
5.094019200000000000e+09,-9.876999999999999602e+01
5.094019400000000000e+09,-9.874000000000000909e+01
5.094019600000000000e+09,-9.879999999999999716e+01
5.094019800000000000e+09,-9.857999999999999829e+01
5.094020000000000000e+09,-9.879999999999999716e+01
5.094020200000000000e+09,-9.875000000000000000e+01
5.094020400000000000e+09,-9.870000000000000284e+01
5.094020600000000000e+09,-9.885999999999999943e+01
5.094020800000000000e+09,-9.868999999999999773e+01
5.094021000000000000e+09,-9.878000000000000114e+01
5.094021200000000000e+09,-9.879999999999999716e+01
5.094021400000000000e+09,-9.881000000000000227e+01
5.094021600000000000e+09,-9.876999999999999602e+01
5.094021800000000000e+09,-9.865000000000000568e+01
5.094022000000000000e+09,-9.854000000000000625e+01
5.094022200000000000e+09,-9.862000000000000455e+01
5.094022400000000000e+09,-9.878000000000000114e+01
5.094022600000000000e+09,-9.870000000000000284e+01
5.094022800000000000e+09,-9.870000000000000284e+01
5.094023000000000000e+09,-9.881000000000000227e+01
5.094023200000000000e+09,-9.868999999999999773e+01
5.094023400000000000e+09,-9.871999999999999886e+01
5.094023600000000000e+09,-9.878000000000000114e+01
5.094023800000000000e+09,-9.878000000000000114e+01
5.094024000000000000e+09,-9.871999999999999886e+01
5.094024200000000000e+09,-9.871999999999999886e+01
5.094024400000000000e+09,-9.865999999999999659e+01
5.094024600000000000e+09,-9.865000000000000568e+01
5.094024800000000000e+09,-9.875000000000000000e+01
5.094025000000000000e+09,-9.882000000000000739e+01
5.094025200000000000e+09,-9.871999999999999886e+01
5.094025400000000000e+09,-9.878000000000000114e+01
5.094025600000000000e+09,-9.881000000000000227e+01
5.094025800000000000e+09,-9.876999999999999602e+01
5.094026000000000000e+09,-9.857000000000000739e+01
5.094026200000000000e+09,-9.873000000000000398e+01
5.094026400000000000e+09,-9.887000000000000455e+01
5.094026600000000000e+09,-9.875000000000000000e+01
5.094026800000000000e+09,-9.881000000000000227e+01
5.094027000000000000e+09,-9.876999999999999602e+01
5.094027200000000000e+09,-9.859000000000000341e+01
5.094027400000000000e+09,-9.875000000000000000e+01
5.094027600000000000e+09,-9.871999999999999886e+01
5.094027800000000000e+09,-9.862999999999999545e+01
5.094028000000000000e+09,-9.874000000000000909e+01
5.094028200000000000e+09,-9.871000000000000796e+01
5.094028400000000000e+09,-9.874000000000000909e+01
5.094028600000000000e+09,-9.882000000000000739e+01
5.094028800000000000e+09,-9.871000000000000796e+01
5.094029000000000000e+09,-9.871999999999999886e+01
5.094029200000000000e+09,-9.876999999999999602e+01
5.094029400000000000e+09,-9.882000000000000739e+01
5.094029600000000000e+09,-9.874000000000000909e+01
5.094029800000000000e+09,-9.876000000000000512e+01
5.094030000000000000e+09,-9.876999999999999602e+01
5.094030200000000000e+09,-9.882000000000000739e+01
5.094030400000000000e+09,-9.874000000000000909e+01
5.094030600000000000e+09,-9.840999999999999659e+01
5.094030800000000000e+09,-9.865000000000000568e+01
5.094031000000000000e+09,-9.868999999999999773e+01
5.094031200000000000e+09,-9.882999999999999829e+01
5.094031400000000000e+09,-9.876999999999999602e+01
5.094031600000000000e+09,-9.874000000000000909e+01
5.094031800000000000e+09,-9.874000000000000909e+01
5.094032000000000000e+09,-9.876000000000000512e+01
5.094032200000000000e+09,-9.871999999999999886e+01
5.094032400000000000e+09,-9.868000000000000682e+01
5.094032600000000000e+09,-9.871999999999999886e+01
5.094032800000000000e+09,-9.881000000000000227e+01
5.094033000000000000e+09,-9.876000000000000512e+01
5.094033200000000000e+09,-9.865999999999999659e+01
5.094033400000000000e+09,-9.875000000000000000e+01
5.094033600000000000e+09,-9.879000000000000625e+01
5.094033800000000000e+09,-9.874000000000000909e+01
5.094034000000000000e+09,-9.882000000000000739e+01
5.094034200000000000e+09,-9.885999999999999943e+01
5.094034400000000000e+09,-9.871999999999999886e+01
5.094034600000000000e+09,-9.879000000000000625e+01
5.094034800000000000e+09,-9.870000000000000284e+01
5.094035000000000000e+09,-9.854000000000000625e+01
5.094035200000000000e+09,-9.868999999999999773e+01
5.094035400000000000e+09,-9.865999999999999659e+01
5.094035600000000000e+09,-9.876999999999999602e+01
5.094035800000000000e+09,-9.878000000000000114e+01
5.094036000000000000e+09,-9.879999999999999716e+01
5.094036200000000000e+09,-9.873000000000000398e+01
5.094036400000000000e+09,-9.874000000000000909e+01
5.094036600000000000e+09,-9.879000000000000625e+01
5.094036800000000000e+09,-9.879000000000000625e+01
5.094037000000000000e+09,-9.878000000000000114e+01
5.094037200000000000e+09,-9.868999999999999773e+01
5.094037400000000000e+09,-9.876999999999999602e+01
5.094037600000000000e+09,-9.876000000000000512e+01
5.094037800000000000e+09,-9.868999999999999773e+01
5.094038000000000000e+09,-9.874000000000000909e+01
5.094038200000000000e+09,-9.879999999999999716e+01
5.094038400000000000e+09,-9.881000000000000227e+01
5.094038600000000000e+09,-9.876999999999999602e+01
5.094038800000000000e+09,-9.865999999999999659e+01
5.094039000000000000e+09,-9.862999999999999545e+01
5.094039200000000000e+09,-9.878000000000000114e+01
5.094039400000000000e+09,-9.873000000000000398e+01
5.094039600000000000e+09,-9.878000000000000114e+01
5.094039800000000000e+09,-9.885000000000000853e+01
5.094040000000000000e+09,-9.854000000000000625e+01
5.094040200000000000e+09,-9.876999999999999602e+01
5.094040400000000000e+09,-9.860999999999999943e+01
5.094040600000000000e+09,-9.879999999999999716e+01
5.094040800000000000e+09,-9.876999999999999602e+01
5.094041000000000000e+09,-9.865000000000000568e+01
5.094041200000000000e+09,-9.870000000000000284e+01
5.094041400000000000e+09,-9.876999999999999602e+01
5.094041600000000000e+09,-9.878000000000000114e+01
5.094041800000000000e+09,-9.870000000000000284e+01
5.094042000000000000e+09,-9.882000000000000739e+01
5.094042200000000000e+09,-9.876000000000000512e+01
5.094042400000000000e+09,-9.871999999999999886e+01
5.094042600000000000e+09,-9.881000000000000227e+01
5.094042800000000000e+09,-9.885999999999999943e+01
5.094043000000000000e+09,-9.873000000000000398e+01
5.094043200000000000e+09,-9.878000000000000114e+01
5.094043400000000000e+09,-9.882000000000000739e+01
5.094043600000000000e+09,-9.868000000000000682e+01
5.094043800000000000e+09,-9.876999999999999602e+01
5.094044000000000000e+09,-9.875000000000000000e+01
5.094044200000000000e+09,-9.876999999999999602e+01
5.094044400000000000e+09,-9.882000000000000739e+01
5.094044600000000000e+09,-9.876999999999999602e+01
5.094044800000000000e+09,-9.879000000000000625e+01
5.094045000000000000e+09,-9.870000000000000284e+01
5.094045200000000000e+09,-9.868999999999999773e+01
5.094045400000000000e+09,-9.881000000000000227e+01
5.094045600000000000e+09,-9.885000000000000853e+01
5.094045800000000000e+09,-9.879000000000000625e+01
5.094046000000000000e+09,-9.875000000000000000e+01
5.094046200000000000e+09,-9.876999999999999602e+01
5.094046400000000000e+09,-9.876999999999999602e+01
5.094046600000000000e+09,-9.878000000000000114e+01
5.094046800000000000e+09,-9.876999999999999602e+01
5.094047000000000000e+09,-9.868000000000000682e+01
5.094047200000000000e+09,-9.876999999999999602e+01
5.094047400000000000e+09,-9.873000000000000398e+01
5.094047600000000000e+09,-9.859000000000000341e+01
5.094047800000000000e+09,-9.870000000000000284e+01
5.094048000000000000e+09,-9.882999999999999829e+01
5.094048200000000000e+09,-9.881000000000000227e+01
5.094048400000000000e+09,-9.874000000000000909e+01
5.094048600000000000e+09,-9.868999999999999773e+01
5.094048800000000000e+09,-9.873000000000000398e+01
5.094049000000000000e+09,-9.882999999999999829e+01
5.094049200000000000e+09,-9.881000000000000227e+01
5.094049400000000000e+09,-9.870000000000000284e+01
5.094049600000000000e+09,-9.887000000000000455e+01
5.094049800000000000e+09,-9.878000000000000114e+01
5.094050000000000000e+09,-9.884000000000000341e+01
6.225950000000000000e+09,-9.873000000000000398e+01
6.225950200000000000e+09,-9.876999999999999602e+01
6.225950400000000000e+09,-9.876000000000000512e+01
6.225950600000000000e+09,-9.854000000000000625e+01
6.225950800000000000e+09,-9.862999999999999545e+01
6.225951000000000000e+09,-9.868999999999999773e+01
6.225951200000000000e+09,-9.871000000000000796e+01
6.225951400000000000e+09,-9.876999999999999602e+01
6.225951600000000000e+09,-9.878000000000000114e+01
6.225951800000000000e+09,-9.870000000000000284e+01
6.225952000000000000e+09,-9.867000000000000171e+01
6.225952200000000000e+09,-9.874000000000000909e+01
6.225952400000000000e+09,-9.876000000000000512e+01
6.225952600000000000e+09,-9.879000000000000625e+01
6.225952800000000000e+09,-9.874000000000000909e+01
6.225953000000000000e+09,-9.876999999999999602e+01
6.225953200000000000e+09,-9.875000000000000000e+01
6.225953400000000000e+09,-9.878000000000000114e+01
6.225953600000000000e+09,-9.873000000000000398e+01
6.225953800000000000e+09,-9.874000000000000909e+01
6.225954000000000000e+09,-9.873000000000000398e+01
6.225954200000000000e+09,-9.870000000000000284e+01
6.225954400000000000e+09,-9.871999999999999886e+01
6.225954600000000000e+09,-9.868000000000000682e+01
6.225954800000000000e+09,-9.860999999999999943e+01
6.225955000000000000e+09,-9.865999999999999659e+01
6.225955200000000000e+09,-9.874000000000000909e+01
6.225955400000000000e+09,-9.865000000000000568e+01
6.225955600000000000e+09,-9.871999999999999886e+01
6.225955800000000000e+09,-9.865999999999999659e+01
6.225956000000000000e+09,-9.875000000000000000e+01
6.225956200000000000e+09,-9.873000000000000398e+01
6.225956400000000000e+09,-9.860000000000000853e+01
6.225956600000000000e+09,-9.873000000000000398e+01
6.225956800000000000e+09,-9.868999999999999773e+01
6.225957000000000000e+09,-9.865999999999999659e+01
6.225957200000000000e+09,-9.867000000000000171e+01
6.225957400000000000e+09,-9.876000000000000512e+01
6.225957600000000000e+09,-9.874000000000000909e+01
6.225957800000000000e+09,-9.868000000000000682e+01
6.225958000000000000e+09,-9.875000000000000000e+01
6.225958200000000000e+09,-9.879000000000000625e+01
6.225958400000000000e+09,-9.878000000000000114e+01
6.225958600000000000e+09,-9.871000000000000796e+01
6.225958800000000000e+09,-9.876999999999999602e+01
6.225959000000000000e+09,-9.864000000000000057e+01
6.225959200000000000e+09,-9.868999999999999773e+01
6.225959400000000000e+09,-9.868000000000000682e+01
6.225959600000000000e+09,-9.876999999999999602e+01
6.225959800000000000e+09,-9.876000000000000512e+01
6.225960000000000000e+09,-9.876999999999999602e+01
6.225960200000000000e+09,-9.873000000000000398e+01
6.225960400000000000e+09,-9.871000000000000796e+01
6.225960600000000000e+09,-9.876999999999999602e+01
6.225960800000000000e+09,-9.874000000000000909e+01
6.225961000000000000e+09,-9.867000000000000171e+01
6.225961200000000000e+09,-9.876999999999999602e+01
6.225961400000000000e+09,-9.874000000000000909e+01
6.225961600000000000e+09,-9.870000000000000284e+01
6.225961800000000000e+09,-9.873000000000000398e+01
6.225962000000000000e+09,-9.873000000000000398e+01
6.225962200000000000e+09,-9.873000000000000398e+01
6.225962400000000000e+09,-9.864000000000000057e+01
6.225962600000000000e+09,-9.854999999999999716e+01
6.225962800000000000e+09,-9.862000000000000455e+01
6.225963000000000000e+09,-9.868999999999999773e+01
6.225963200000000000e+09,-9.864000000000000057e+01
6.225963400000000000e+09,-9.865000000000000568e+01
6.225963600000000000e+09,-9.874000000000000909e+01
6.225963800000000000e+09,-9.876999999999999602e+01
6.225964000000000000e+09,-9.854000000000000625e+01
6.225964200000000000e+09,-9.867000000000000171e+01
6.225964400000000000e+09,-9.875000000000000000e+01
6.225964600000000000e+09,-9.873000000000000398e+01
6.225964800000000000e+09,-9.876000000000000512e+01
6.225965000000000000e+09,-9.862000000000000455e+01
6.225965200000000000e+09,-9.851000000000000512e+01
6.225965400000000000e+09,-9.878000000000000114e+01
6.225965600000000000e+09,-9.862999999999999545e+01
6.225965800000000000e+09,-9.865999999999999659e+01
6.225966000000000000e+09,-9.865000000000000568e+01
6.225966200000000000e+09,-9.865999999999999659e+01
6.225966400000000000e+09,-9.867000000000000171e+01
6.225966600000000000e+09,-9.862000000000000455e+01
6.225966800000000000e+09,-9.871000000000000796e+01
6.225967000000000000e+09,-9.874000000000000909e+01
6.225967200000000000e+09,-9.873000000000000398e+01
6.225967400000000000e+09,-9.868000000000000682e+01
6.225967600000000000e+09,-9.868000000000000682e+01
6.225967800000000000e+09,-9.876000000000000512e+01
6.225968000000000000e+09,-9.871000000000000796e+01
6.225968200000000000e+09,-9.875000000000000000e+01
6.225968400000000000e+09,-9.878000000000000114e+01
6.225968600000000000e+09,-9.876000000000000512e+01
6.225968800000000000e+09,-9.870000000000000284e+01
6.225969000000000000e+09,-9.871000000000000796e+01
6.225969200000000000e+09,-9.865999999999999659e+01
6.225969400000000000e+09,-9.868000000000000682e+01
6.225969600000000000e+09,-9.865000000000000568e+01
6.225969800000000000e+09,-9.862999999999999545e+01
6.225970000000000000e+09,-9.854999999999999716e+01
6.225970200000000000e+09,-9.865000000000000568e+01
6.225970400000000000e+09,-9.873000000000000398e+01
6.225970600000000000e+09,-9.865999999999999659e+01
6.225970800000000000e+09,-9.857999999999999829e+01
6.225971000000000000e+09,-9.856000000000000227e+01
6.225971200000000000e+09,-9.875000000000000000e+01
6.225971400000000000e+09,-9.865999999999999659e+01
6.225971600000000000e+09,-9.873000000000000398e+01
6.225971800000000000e+09,-9.873000000000000398e+01
6.225972000000000000e+09,-9.879000000000000625e+01
6.225972200000000000e+09,-9.876999999999999602e+01
6.225972400000000000e+09,-9.868000000000000682e+01
6.225972600000000000e+09,-9.875000000000000000e+01
6.225972800000000000e+09,-9.868000000000000682e+01
6.225973000000000000e+09,-9.878000000000000114e+01
6.225973200000000000e+09,-9.878000000000000114e+01
6.225973400000000000e+09,-9.876999999999999602e+01
6.225973600000000000e+09,-9.879000000000000625e+01
6.225973800000000000e+09,-9.871000000000000796e+01
6.225974000000000000e+09,-9.864000000000000057e+01
6.225974200000000000e+09,-9.867000000000000171e+01
6.225974400000000000e+09,-9.876000000000000512e+01
6.225974600000000000e+09,-9.884000000000000341e+01
6.225974800000000000e+09,-9.875000000000000000e+01
6.225975000000000000e+09,-9.874000000000000909e+01
6.225975200000000000e+09,-9.879000000000000625e+01
6.225975400000000000e+09,-9.879999999999999716e+01
6.225975600000000000e+09,-9.876000000000000512e+01
6.225975800000000000e+09,-9.876999999999999602e+01
6.225976000000000000e+09,-9.873000000000000398e+01
6.225976200000000000e+09,-9.874000000000000909e+01
6.225976400000000000e+09,-9.874000000000000909e+01
6.225976600000000000e+09,-9.882999999999999829e+01
6.225976800000000000e+09,-9.868000000000000682e+01
6.225977000000000000e+09,-9.862999999999999545e+01
6.225977200000000000e+09,-9.871999999999999886e+01
6.225977400000000000e+09,-9.882999999999999829e+01
6.225977600000000000e+09,-9.879000000000000625e+01
6.225977800000000000e+09,-9.865000000000000568e+01
6.225978000000000000e+09,-9.868999999999999773e+01
6.225978200000000000e+09,-9.873000000000000398e+01
6.225978400000000000e+09,-9.865000000000000568e+01
6.225978600000000000e+09,-9.876999999999999602e+01
6.225978800000000000e+09,-9.876999999999999602e+01
6.225979000000000000e+09,-9.870000000000000284e+01
6.225979200000000000e+09,-9.862999999999999545e+01
6.225979400000000000e+09,-9.860999999999999943e+01
6.225979600000000000e+09,-9.865000000000000568e+01
6.225979800000000000e+09,-9.873000000000000398e+01
6.225980000000000000e+09,-9.873000000000000398e+01
6.225980200000000000e+09,-9.871000000000000796e+01
6.225980400000000000e+09,-9.878000000000000114e+01
6.225980600000000000e+09,-9.864000000000000057e+01
6.225980800000000000e+09,-9.864000000000000057e+01
6.225981000000000000e+09,-9.865999999999999659e+01
6.225981200000000000e+09,-9.873000000000000398e+01
6.225981400000000000e+09,-9.865999999999999659e+01
6.225981600000000000e+09,-9.864000000000000057e+01
6.225981800000000000e+09,-9.862000000000000455e+01
6.225982000000000000e+09,-9.865999999999999659e+01
6.225982200000000000e+09,-9.873000000000000398e+01
6.225982400000000000e+09,-9.873000000000000398e+01
6.225982600000000000e+09,-9.878000000000000114e+01
6.225982800000000000e+09,-9.873000000000000398e+01
6.225983000000000000e+09,-9.874000000000000909e+01
6.225983200000000000e+09,-9.865999999999999659e+01
6.225983400000000000e+09,-9.878000000000000114e+01
6.225983600000000000e+09,-9.873000000000000398e+01
6.225983800000000000e+09,-9.876999999999999602e+01
6.225984000000000000e+09,-9.878000000000000114e+01
6.225984200000000000e+09,-9.873000000000000398e+01
6.225984400000000000e+09,-9.873000000000000398e+01
6.225984600000000000e+09,-9.873000000000000398e+01
6.225984800000000000e+09,-9.865000000000000568e+01
6.225985000000000000e+09,-9.868000000000000682e+01
6.225985200000000000e+09,-9.860999999999999943e+01
6.225985400000000000e+09,-9.875000000000000000e+01
6.225985600000000000e+09,-9.878000000000000114e+01
6.225985800000000000e+09,-9.878000000000000114e+01
6.225986000000000000e+09,-9.871000000000000796e+01
6.225986200000000000e+09,-9.873000000000000398e+01
6.225986400000000000e+09,-9.873000000000000398e+01
6.225986600000000000e+09,-9.865999999999999659e+01
6.225986800000000000e+09,-9.876000000000000512e+01
6.225987000000000000e+09,-9.876999999999999602e+01
6.225987200000000000e+09,-9.868000000000000682e+01
6.225987400000000000e+09,-9.873000000000000398e+01
6.225987600000000000e+09,-9.879000000000000625e+01
6.225987800000000000e+09,-9.875000000000000000e+01
6.225988000000000000e+09,-9.879000000000000625e+01
6.225988200000000000e+09,-9.881000000000000227e+01
6.225988400000000000e+09,-9.873000000000000398e+01
6.225988600000000000e+09,-9.868999999999999773e+01
6.225988800000000000e+09,-9.862000000000000455e+01
6.225989000000000000e+09,-9.867000000000000171e+01
6.225989200000000000e+09,-9.879000000000000625e+01
6.225989400000000000e+09,-9.882999999999999829e+01
6.225989600000000000e+09,-9.879000000000000625e+01
6.225989800000000000e+09,-9.876999999999999602e+01
6.225990000000000000e+09,-9.874000000000000909e+01
6.225990200000000000e+09,-9.868000000000000682e+01
6.225990400000000000e+09,-9.868999999999999773e+01
6.225990600000000000e+09,-9.873000000000000398e+01
6.225990800000000000e+09,-9.873000000000000398e+01
6.225991000000000000e+09,-9.879000000000000625e+01
6.225991200000000000e+09,-9.881000000000000227e+01
6.225991400000000000e+09,-9.882999999999999829e+01
6.225991600000000000e+09,-9.876000000000000512e+01
6.225991800000000000e+09,-9.865000000000000568e+01
6.225992000000000000e+09,-9.871999999999999886e+01
6.225992200000000000e+09,-9.870000000000000284e+01
6.225992400000000000e+09,-9.868000000000000682e+01
6.225992600000000000e+09,-9.873000000000000398e+01
6.225992800000000000e+09,-9.879000000000000625e+01
6.225993000000000000e+09,-9.878000000000000114e+01
6.225993200000000000e+09,-9.876999999999999602e+01
6.225993400000000000e+09,-9.878000000000000114e+01
6.225993600000000000e+09,-9.873000000000000398e+01
6.225993800000000000e+09,-9.865999999999999659e+01
6.225994000000000000e+09,-9.873000000000000398e+01
6.225994200000000000e+09,-9.874000000000000909e+01
6.225994400000000000e+09,-9.871999999999999886e+01
6.225994600000000000e+09,-9.874000000000000909e+01
6.225994800000000000e+09,-9.876999999999999602e+01
6.225995000000000000e+09,-9.879999999999999716e+01
6.225995200000000000e+09,-9.879999999999999716e+01
6.225995400000000000e+09,-9.868999999999999773e+01
6.225995600000000000e+09,-9.868000000000000682e+01
6.225995800000000000e+09,-9.862999999999999545e+01
6.225996000000000000e+09,-9.871000000000000796e+01
6.225996200000000000e+09,-9.878000000000000114e+01
6.225996400000000000e+09,-9.879000000000000625e+01
6.225996600000000000e+09,-9.879999999999999716e+01
6.225996800000000000e+09,-9.878000000000000114e+01
6.225997000000000000e+09,-9.868999999999999773e+01
6.225997200000000000e+09,-9.878000000000000114e+01
6.225997400000000000e+09,-9.875000000000000000e+01
6.225997600000000000e+09,-9.876000000000000512e+01
6.225997800000000000e+09,-9.876000000000000512e+01
6.225998000000000000e+09,-9.868000000000000682e+01
6.225998200000000000e+09,-9.876999999999999602e+01
6.225998400000000000e+09,-9.878000000000000114e+01
6.225998600000000000e+09,-9.876000000000000512e+01
6.225998800000000000e+09,-9.884000000000000341e+01
6.225999000000000000e+09,-9.874000000000000909e+01
6.225999200000000000e+09,-9.874000000000000909e+01
6.225999400000000000e+09,-9.873000000000000398e+01
6.225999600000000000e+09,-9.876999999999999602e+01
6.225999800000000000e+09,-9.868000000000000682e+01
6.226000000000000000e+09,-9.865000000000000568e+01
6.226000200000000000e+09,-9.857000000000000739e+01
6.226000400000000000e+09,-9.867000000000000171e+01
6.226000600000000000e+09,-9.874000000000000909e+01
6.226000800000000000e+09,-9.885999999999999943e+01
6.226001000000000000e+09,-9.867000000000000171e+01
6.226001200000000000e+09,-9.871999999999999886e+01
6.226001400000000000e+09,-9.865999999999999659e+01
6.226001600000000000e+09,-9.860000000000000853e+01
6.226001800000000000e+09,-9.856000000000000227e+01
6.226002000000000000e+09,-9.849000000000000909e+01
6.226002200000000000e+09,-9.840000000000000568e+01
6.226002400000000000e+09,-9.796999999999999886e+01
6.226002600000000000e+09,-9.728000000000000114e+01
6.226002800000000000e+09,-9.648000000000000398e+01
6.226003000000000000e+09,-9.476999999999999602e+01
6.226003200000000000e+09,-9.259000000000000341e+01
6.226003400000000000e+09,-8.995000000000000284e+01
6.226003600000000000e+09,-8.685999999999999943e+01
6.226003800000000000e+09,-8.393999999999999773e+01
6.226004000000000000e+09,-8.051999999999999602e+01
6.226004200000000000e+09,-7.757000000000000739e+01
6.226004400000000000e+09,-7.437999999999999545e+01
6.226004600000000000e+09,-7.115999999999999659e+01
6.226004800000000000e+09,-6.837000000000000455e+01
6.226005000000000000e+09,-6.592000000000000171e+01
6.226005200000000000e+09,-6.375999999999999801e+01
6.226005400000000000e+09,-6.232000000000000028e+01
6.226005600000000000e+09,-6.167999999999999972e+01
6.226005800000000000e+09,-6.125999999999999801e+01
6.226006000000000000e+09,-6.153000000000000114e+01
6.226006200000000000e+09,-6.267999999999999972e+01
6.226006400000000000e+09,-6.446000000000000796e+01
6.226006600000000000e+09,-6.645000000000000284e+01
6.226006800000000000e+09,-6.879999999999999716e+01
6.226007000000000000e+09,-7.157999999999999829e+01
6.226007200000000000e+09,-7.462999999999999545e+01
6.226007400000000000e+09,-7.776000000000000512e+01
6.226007600000000000e+09,-8.082000000000000739e+01
6.226007800000000000e+09,-8.396999999999999886e+01
6.226008000000000000e+09,-8.714000000000000057e+01
6.226008200000000000e+09,-9.032000000000000739e+01
6.226008400000000000e+09,-9.321999999999999886e+01
6.226008600000000000e+09,-9.546000000000000796e+01
6.226008800000000000e+09,-9.671999999999999886e+01
6.226009000000000000e+09,-9.735000000000000853e+01
6.226009200000000000e+09,-9.787999999999999545e+01
6.226009400000000000e+09,-9.820000000000000284e+01
6.226009600000000000e+09,-9.837000000000000455e+01
6.226009800000000000e+09,-9.832999999999999829e+01
6.226010000000000000e+09,-9.854999999999999716e+01
6.226010200000000000e+09,-9.865999999999999659e+01
6.226010400000000000e+09,-9.854999999999999716e+01
6.226010600000000000e+09,-9.868000000000000682e+01
6.226010800000000000e+09,-9.876000000000000512e+01
6.226011000000000000e+09,-9.870000000000000284e+01
6.226011200000000000e+09,-9.875000000000000000e+01
6.226011400000000000e+09,-9.868999999999999773e+01
6.226011600000000000e+09,-9.865999999999999659e+01
6.226011800000000000e+09,-9.865999999999999659e+01
6.226012000000000000e+09,-9.865999999999999659e+01
6.226012200000000000e+09,-9.859000000000000341e+01
6.226012400000000000e+09,-9.874000000000000909e+01
6.226012600000000000e+09,-9.871999999999999886e+01
6.226012800000000000e+09,-9.879000000000000625e+01
6.226013000000000000e+09,-9.879000000000000625e+01
6.226013200000000000e+09,-9.878000000000000114e+01
6.226013400000000000e+09,-9.864000000000000057e+01
6.226013600000000000e+09,-9.873000000000000398e+01
6.226013800000000000e+09,-9.868000000000000682e+01
6.226014000000000000e+09,-9.873000000000000398e+01
6.226014200000000000e+09,-9.874000000000000909e+01
6.226014400000000000e+09,-9.878000000000000114e+01
6.226014600000000000e+09,-9.865999999999999659e+01
6.226014800000000000e+09,-9.857000000000000739e+01
6.226015000000000000e+09,-9.874000000000000909e+01
6.226015200000000000e+09,-9.878000000000000114e+01
6.226015400000000000e+09,-9.868000000000000682e+01
6.226015600000000000e+09,-9.843999999999999773e+01
6.226015800000000000e+09,-9.850000000000000000e+01
6.226016000000000000e+09,-9.864000000000000057e+01
6.226016200000000000e+09,-9.865000000000000568e+01
6.226016400000000000e+09,-9.868000000000000682e+01
6.226016600000000000e+09,-9.868000000000000682e+01
6.226016800000000000e+09,-9.874000000000000909e+01
6.226017000000000000e+09,-9.871000000000000796e+01
6.226017200000000000e+09,-9.864000000000000057e+01
6.226017400000000000e+09,-9.865999999999999659e+01
6.226017600000000000e+09,-9.865999999999999659e+01
6.226017800000000000e+09,-9.876999999999999602e+01
6.226018000000000000e+09,-9.865999999999999659e+01
6.226018200000000000e+09,-9.873000000000000398e+01
6.226018400000000000e+09,-9.868999999999999773e+01
6.226018600000000000e+09,-9.862999999999999545e+01
6.226018800000000000e+09,-9.874000000000000909e+01
6.226019000000000000e+09,-9.876999999999999602e+01
6.226019200000000000e+09,-9.876000000000000512e+01
6.226019400000000000e+09,-9.874000000000000909e+01
6.226019600000000000e+09,-9.860999999999999943e+01
6.226019800000000000e+09,-9.873000000000000398e+01
6.226020000000000000e+09,-9.871000000000000796e+01
6.226020200000000000e+09,-9.871000000000000796e+01
6.226020400000000000e+09,-9.871000000000000796e+01
6.226020600000000000e+09,-9.864000000000000057e+01
6.226020800000000000e+09,-9.868000000000000682e+01
6.226021000000000000e+09,-9.854000000000000625e+01
6.226021200000000000e+09,-9.868999999999999773e+01
6.226021400000000000e+09,-9.857999999999999829e+01
6.226021600000000000e+09,-9.854000000000000625e+01
6.226021800000000000e+09,-9.867000000000000171e+01
6.226022000000000000e+09,-9.876000000000000512e+01
6.226022200000000000e+09,-9.876000000000000512e+01
6.226022400000000000e+09,-9.874000000000000909e+01
6.226022600000000000e+09,-9.879000000000000625e+01
6.226022800000000000e+09,-9.867000000000000171e+01
6.226023000000000000e+09,-9.854999999999999716e+01
6.226023200000000000e+09,-9.870000000000000284e+01
6.226023400000000000e+09,-9.860999999999999943e+01
6.226023600000000000e+09,-9.873000000000000398e+01
6.226023800000000000e+09,-9.850000000000000000e+01
6.226024000000000000e+09,-9.873000000000000398e+01
6.226024200000000000e+09,-9.879999999999999716e+01
6.226024400000000000e+09,-9.871000000000000796e+01
6.226024600000000000e+09,-9.865999999999999659e+01
6.226024800000000000e+09,-9.853000000000000114e+01
6.226025000000000000e+09,-9.865000000000000568e+01
6.226025200000000000e+09,-9.876999999999999602e+01
6.226025400000000000e+09,-9.873000000000000398e+01
6.226025600000000000e+09,-9.876000000000000512e+01
6.226025800000000000e+09,-9.876999999999999602e+01
6.226026000000000000e+09,-9.879000000000000625e+01
6.226026200000000000e+09,-9.876999999999999602e+01
6.226026400000000000e+09,-9.868000000000000682e+01
6.226026600000000000e+09,-9.862000000000000455e+01
6.226026800000000000e+09,-9.856000000000000227e+01
6.226027000000000000e+09,-9.868000000000000682e+01
6.226027200000000000e+09,-9.867000000000000171e+01
6.226027400000000000e+09,-9.864000000000000057e+01
6.226027600000000000e+09,-9.878000000000000114e+01
6.226027800000000000e+09,-9.876999999999999602e+01
6.226028000000000000e+09,-9.870000000000000284e+01
6.226028200000000000e+09,-9.878000000000000114e+01
6.226028400000000000e+09,-9.868999999999999773e+01
6.226028600000000000e+09,-9.868000000000000682e+01
6.226028800000000000e+09,-9.870000000000000284e+01
6.226029000000000000e+09,-9.865999999999999659e+01
6.226029200000000000e+09,-9.860000000000000853e+01
6.226029400000000000e+09,-9.862999999999999545e+01
6.226029600000000000e+09,-9.878000000000000114e+01
6.226029800000000000e+09,-9.865999999999999659e+01
6.226030000000000000e+09,-9.870000000000000284e+01
6.226030200000000000e+09,-9.848000000000000398e+01
6.226030400000000000e+09,-9.850000000000000000e+01
6.226030600000000000e+09,-9.874000000000000909e+01
6.226030800000000000e+09,-9.867000000000000171e+01
6.226031000000000000e+09,-9.879000000000000625e+01
6.226031200000000000e+09,-9.878000000000000114e+01
6.226031400000000000e+09,-9.867000000000000171e+01
6.226031600000000000e+09,-9.868000000000000682e+01
6.226031800000000000e+09,-9.876000000000000512e+01
6.226032000000000000e+09,-9.874000000000000909e+01
6.226032200000000000e+09,-9.873000000000000398e+01
6.226032400000000000e+09,-9.873000000000000398e+01
6.226032600000000000e+09,-9.878000000000000114e+01
6.226032800000000000e+09,-9.878000000000000114e+01
6.226033000000000000e+09,-9.873000000000000398e+01
6.226033200000000000e+09,-9.873000000000000398e+01
6.226033400000000000e+09,-9.879000000000000625e+01
6.226033600000000000e+09,-9.876999999999999602e+01
6.226033800000000000e+09,-9.868999999999999773e+01
6.226034000000000000e+09,-9.871000000000000796e+01
6.226034200000000000e+09,-9.868000000000000682e+01
6.226034400000000000e+09,-9.873000000000000398e+01
6.226034600000000000e+09,-9.871000000000000796e+01
6.226034800000000000e+09,-9.878000000000000114e+01
6.226035000000000000e+09,-9.876000000000000512e+01
6.226035200000000000e+09,-9.862999999999999545e+01
6.226035400000000000e+09,-9.868999999999999773e+01
6.226035600000000000e+09,-9.878000000000000114e+01
6.226035800000000000e+09,-9.878000000000000114e+01
6.226036000000000000e+09,-9.865000000000000568e+01
6.226036200000000000e+09,-9.878000000000000114e+01
6.226036400000000000e+09,-9.857000000000000739e+01
6.226036600000000000e+09,-9.873000000000000398e+01
6.226036800000000000e+09,-9.873000000000000398e+01
6.226037000000000000e+09,-9.876999999999999602e+01
6.226037200000000000e+09,-9.876000000000000512e+01
6.226037400000000000e+09,-9.868000000000000682e+01
6.226037600000000000e+09,-9.878000000000000114e+01
6.226037800000000000e+09,-9.875000000000000000e+01
6.226038000000000000e+09,-9.884000000000000341e+01
6.226038200000000000e+09,-9.871999999999999886e+01
6.226038400000000000e+09,-9.878000000000000114e+01
6.226038600000000000e+09,-9.876000000000000512e+01
6.226038800000000000e+09,-9.882000000000000739e+01
6.226039000000000000e+09,-9.868000000000000682e+01
6.226039200000000000e+09,-9.879999999999999716e+01
6.226039400000000000e+09,-9.865999999999999659e+01
6.226039600000000000e+09,-9.853000000000000114e+01
6.226039800000000000e+09,-9.876999999999999602e+01
6.226040000000000000e+09,-9.879000000000000625e+01
6.226040200000000000e+09,-9.871000000000000796e+01
6.226040400000000000e+09,-9.868999999999999773e+01
6.226040600000000000e+09,-9.870000000000000284e+01
6.226040800000000000e+09,-9.870000000000000284e+01
6.226041000000000000e+09,-9.870000000000000284e+01
6.226041200000000000e+09,-9.870000000000000284e+01
6.226041400000000000e+09,-9.876999999999999602e+01
6.226041600000000000e+09,-9.865999999999999659e+01
6.226041800000000000e+09,-9.873000000000000398e+01
6.226042000000000000e+09,-9.854999999999999716e+01
6.226042200000000000e+09,-9.879000000000000625e+01
6.226042400000000000e+09,-9.876000000000000512e+01
6.226042600000000000e+09,-9.871000000000000796e+01
6.226042800000000000e+09,-9.874000000000000909e+01
6.226043000000000000e+09,-9.868000000000000682e+01
6.226043200000000000e+09,-9.876000000000000512e+01
6.226043400000000000e+09,-9.878000000000000114e+01
6.226043600000000000e+09,-9.882999999999999829e+01
6.226043800000000000e+09,-9.890000000000000568e+01
6.226044000000000000e+09,-9.876999999999999602e+01
6.226044200000000000e+09,-9.873000000000000398e+01
6.226044400000000000e+09,-9.871999999999999886e+01
6.226044600000000000e+09,-9.876999999999999602e+01
6.226044800000000000e+09,-9.881000000000000227e+01
6.226045000000000000e+09,-9.873000000000000398e+01
6.226045200000000000e+09,-9.871000000000000796e+01
6.226045400000000000e+09,-9.865999999999999659e+01
6.226045600000000000e+09,-9.871000000000000796e+01
6.226045800000000000e+09,-9.878000000000000114e+01
6.226046000000000000e+09,-9.876999999999999602e+01
6.226046200000000000e+09,-9.873000000000000398e+01
6.226046400000000000e+09,-9.865999999999999659e+01
6.226046600000000000e+09,-9.871000000000000796e+01
6.226046800000000000e+09,-9.870000000000000284e+01
6.226047000000000000e+09,-9.857999999999999829e+01
6.226047200000000000e+09,-9.864000000000000057e+01
6.226047400000000000e+09,-9.870000000000000284e+01
6.226047600000000000e+09,-9.865999999999999659e+01
6.226047800000000000e+09,-9.871000000000000796e+01
6.226048000000000000e+09,-9.870000000000000284e+01
6.226048200000000000e+09,-9.879000000000000625e+01
6.226048400000000000e+09,-9.876999999999999602e+01
6.226048600000000000e+09,-9.871000000000000796e+01
6.226048800000000000e+09,-9.873000000000000398e+01
6.226049000000000000e+09,-9.882000000000000739e+01
6.226049200000000000e+09,-9.885999999999999943e+01
6.226049400000000000e+09,-9.884000000000000341e+01
6.226049600000000000e+09,-9.876000000000000512e+01
6.226049800000000000e+09,-9.879999999999999716e+01
6.226050000000000000e+09,-9.882000000000000739e+01
7.357950000000000000e+09,-9.899000000000000909e+01
7.357950200000000000e+09,-9.895000000000000284e+01
7.357950400000000000e+09,-9.887999999999999545e+01
7.357950600000000000e+09,-9.889000000000000057e+01
7.357950800000000000e+09,-9.890999999999999659e+01
7.357951000000000000e+09,-9.890999999999999659e+01
7.357951200000000000e+09,-9.893999999999999773e+01
7.357951400000000000e+09,-9.896000000000000796e+01
7.357951600000000000e+09,-9.882999999999999829e+01
7.357951800000000000e+09,-9.893999999999999773e+01
7.357952000000000000e+09,-9.895000000000000284e+01
7.357952200000000000e+09,-9.892000000000000171e+01
7.357952400000000000e+09,-9.893000000000000682e+01
7.357952600000000000e+09,-9.896999999999999886e+01
7.357952800000000000e+09,-9.904000000000000625e+01
7.357953000000000000e+09,-9.895000000000000284e+01
7.357953200000000000e+09,-9.879000000000000625e+01
7.357953400000000000e+09,-9.890999999999999659e+01
7.357953600000000000e+09,-9.885000000000000853e+01
7.357953800000000000e+09,-9.882000000000000739e+01
7.357954000000000000e+09,-9.893999999999999773e+01
7.357954200000000000e+09,-9.899000000000000909e+01
7.357954400000000000e+09,-9.885999999999999943e+01
7.357954600000000000e+09,-9.887999999999999545e+01
7.357954800000000000e+09,-9.878000000000000114e+01
7.357955000000000000e+09,-9.882999999999999829e+01
7.357955200000000000e+09,-9.895000000000000284e+01
7.357955400000000000e+09,-9.893000000000000682e+01
7.357955600000000000e+09,-9.895000000000000284e+01
7.357955800000000000e+09,-9.900000000000000000e+01
7.357956000000000000e+09,-9.882000000000000739e+01
7.357956200000000000e+09,-9.896999999999999886e+01
7.357956400000000000e+09,-9.893999999999999773e+01
7.357956600000000000e+09,-9.890999999999999659e+01
7.357956800000000000e+09,-9.890999999999999659e+01
7.357957000000000000e+09,-9.887000000000000455e+01
7.357957200000000000e+09,-9.887999999999999545e+01
7.357957400000000000e+09,-9.885999999999999943e+01
7.357957600000000000e+09,-9.895000000000000284e+01
7.357957800000000000e+09,-9.887999999999999545e+01
7.357958000000000000e+09,-9.890999999999999659e+01
7.357958200000000000e+09,-9.896999999999999886e+01
7.357958400000000000e+09,-9.868000000000000682e+01
7.357958600000000000e+09,-9.881000000000000227e+01
7.357958800000000000e+09,-9.890999999999999659e+01
7.357959000000000000e+09,-9.887999999999999545e+01
7.357959200000000000e+09,-9.892000000000000171e+01
7.357959400000000000e+09,-9.893999999999999773e+01
7.357959600000000000e+09,-9.887999999999999545e+01
7.357959800000000000e+09,-9.881000000000000227e+01
7.357960000000000000e+09,-9.879000000000000625e+01
7.357960200000000000e+09,-9.868000000000000682e+01
7.357960400000000000e+09,-9.885999999999999943e+01
7.357960600000000000e+09,-9.881000000000000227e+01
7.357960800000000000e+09,-9.890000000000000568e+01
7.357961000000000000e+09,-9.885999999999999943e+01
7.357961200000000000e+09,-9.887000000000000455e+01
7.357961400000000000e+09,-9.887999999999999545e+01
7.357961600000000000e+09,-9.881000000000000227e+01
7.357961800000000000e+09,-9.882000000000000739e+01
7.357962000000000000e+09,-9.895000000000000284e+01
7.357962200000000000e+09,-9.893000000000000682e+01
7.357962400000000000e+09,-9.893999999999999773e+01
7.357962600000000000e+09,-9.875000000000000000e+01
7.357962800000000000e+09,-9.890999999999999659e+01
7.357963000000000000e+09,-9.893000000000000682e+01
7.357963200000000000e+09,-9.890000000000000568e+01
7.357963400000000000e+09,-9.873000000000000398e+01
7.357963600000000000e+09,-9.885000000000000853e+01
7.357963800000000000e+09,-9.887999999999999545e+01
7.357964000000000000e+09,-9.885999999999999943e+01
7.357964200000000000e+09,-9.895000000000000284e+01
7.357964400000000000e+09,-9.893999999999999773e+01
7.357964600000000000e+09,-9.882000000000000739e+01
7.357964800000000000e+09,-9.875000000000000000e+01
7.357965000000000000e+09,-9.896000000000000796e+01
7.357965200000000000e+09,-9.889000000000000057e+01
7.357965400000000000e+09,-9.879000000000000625e+01
7.357965600000000000e+09,-9.882000000000000739e+01
7.357965800000000000e+09,-9.885000000000000853e+01
7.357966000000000000e+09,-9.893000000000000682e+01
7.357966200000000000e+09,-9.885999999999999943e+01
7.357966400000000000e+09,-9.887000000000000455e+01
7.357966600000000000e+09,-9.896999999999999886e+01
7.357966800000000000e+09,-9.898000000000000398e+01
7.357967000000000000e+09,-9.896000000000000796e+01
7.357967200000000000e+09,-9.889000000000000057e+01
7.357967400000000000e+09,-9.892000000000000171e+01
7.357967600000000000e+09,-9.896999999999999886e+01
7.357967800000000000e+09,-9.892000000000000171e+01
7.357968000000000000e+09,-9.896000000000000796e+01
7.357968200000000000e+09,-9.895000000000000284e+01
7.357968400000000000e+09,-9.893999999999999773e+01
7.357968600000000000e+09,-9.893999999999999773e+01
7.357968800000000000e+09,-9.893999999999999773e+01
7.357969000000000000e+09,-9.890999999999999659e+01
7.357969200000000000e+09,-9.896000000000000796e+01
7.357969400000000000e+09,-9.899000000000000909e+01
7.357969600000000000e+09,-9.893000000000000682e+01
7.357969800000000000e+09,-9.892000000000000171e+01
7.357970000000000000e+09,-9.890000000000000568e+01
7.357970200000000000e+09,-9.896999999999999886e+01
7.357970400000000000e+09,-9.890999999999999659e+01
7.357970600000000000e+09,-9.884000000000000341e+01
7.357970800000000000e+09,-9.876999999999999602e+01
7.357971000000000000e+09,-9.890999999999999659e+01
7.357971200000000000e+09,-9.895000000000000284e+01
7.357971400000000000e+09,-9.885000000000000853e+01
7.357971600000000000e+09,-9.884000000000000341e+01
7.357971800000000000e+09,-9.895000000000000284e+01
7.357972000000000000e+09,-9.890999999999999659e+01
7.357972200000000000e+09,-9.898000000000000398e+01
7.357972400000000000e+09,-9.893999999999999773e+01
7.357972600000000000e+09,-9.896000000000000796e+01
7.357972800000000000e+09,-9.885999999999999943e+01
7.357973000000000000e+09,-9.896999999999999886e+01
7.357973200000000000e+09,-9.895000000000000284e+01
7.357973400000000000e+09,-9.890999999999999659e+01
7.357973600000000000e+09,-9.893999999999999773e+01
7.357973800000000000e+09,-9.893999999999999773e+01
7.357974000000000000e+09,-9.895000000000000284e+01
7.357974200000000000e+09,-9.887000000000000455e+01
7.357974400000000000e+09,-9.879000000000000625e+01
7.357974600000000000e+09,-9.884000000000000341e+01
7.357974800000000000e+09,-9.895000000000000284e+01
7.357975000000000000e+09,-9.885999999999999943e+01
7.357975200000000000e+09,-9.890999999999999659e+01
7.357975400000000000e+09,-9.882000000000000739e+01
7.357975600000000000e+09,-9.890000000000000568e+01
7.357975800000000000e+09,-9.882999999999999829e+01
7.357976000000000000e+09,-9.884000000000000341e+01
7.357976200000000000e+09,-9.882000000000000739e+01
7.357976400000000000e+09,-9.887999999999999545e+01
7.357976600000000000e+09,-9.895000000000000284e+01
7.357976800000000000e+09,-9.882999999999999829e+01
7.357977000000000000e+09,-9.895000000000000284e+01
7.357977200000000000e+09,-9.896000000000000796e+01
7.357977400000000000e+09,-9.896000000000000796e+01
7.357977600000000000e+09,-9.892000000000000171e+01
7.357977800000000000e+09,-9.892000000000000171e+01
7.357978000000000000e+09,-9.893999999999999773e+01
7.357978200000000000e+09,-9.887999999999999545e+01
7.357978400000000000e+09,-9.892000000000000171e+01
7.357978600000000000e+09,-9.900000000000000000e+01
7.357978800000000000e+09,-9.884000000000000341e+01
7.357979000000000000e+09,-9.882999999999999829e+01
7.357979200000000000e+09,-9.882000000000000739e+01
7.357979400000000000e+09,-9.896000000000000796e+01
7.357979600000000000e+09,-9.890999999999999659e+01
7.357979800000000000e+09,-9.882000000000000739e+01
7.357980000000000000e+09,-9.890999999999999659e+01
7.357980200000000000e+09,-9.865999999999999659e+01
7.357980400000000000e+09,-9.895000000000000284e+01
7.357980600000000000e+09,-9.899000000000000909e+01
7.357980800000000000e+09,-9.896999999999999886e+01
7.357981000000000000e+09,-9.892000000000000171e+01
7.357981200000000000e+09,-9.890999999999999659e+01
7.357981400000000000e+09,-9.900000000000000000e+01
7.357981600000000000e+09,-9.904000000000000625e+01
7.357981800000000000e+09,-9.895000000000000284e+01
7.357982000000000000e+09,-9.895000000000000284e+01
7.357982200000000000e+09,-9.890000000000000568e+01
7.357982400000000000e+09,-9.890999999999999659e+01
7.357982600000000000e+09,-9.889000000000000057e+01
7.357982800000000000e+09,-9.896999999999999886e+01
7.357983000000000000e+09,-9.890000000000000568e+01
7.357983200000000000e+09,-9.896999999999999886e+01
7.357983400000000000e+09,-9.893999999999999773e+01
7.357983600000000000e+09,-9.893999999999999773e+01
7.357983800000000000e+09,-9.876999999999999602e+01
7.357984000000000000e+09,-9.892000000000000171e+01
7.357984200000000000e+09,-9.898000000000000398e+01
7.357984400000000000e+09,-9.896000000000000796e+01
7.357984600000000000e+09,-9.890999999999999659e+01
7.357984800000000000e+09,-9.892000000000000171e+01
7.357985000000000000e+09,-9.885999999999999943e+01
7.357985200000000000e+09,-9.890999999999999659e+01
7.357985400000000000e+09,-9.890999999999999659e+01
7.357985600000000000e+09,-9.895000000000000284e+01
7.357985800000000000e+09,-9.892000000000000171e+01
7.357986000000000000e+09,-9.890999999999999659e+01
7.357986200000000000e+09,-9.881000000000000227e+01
7.357986400000000000e+09,-9.881000000000000227e+01
7.357986600000000000e+09,-9.879000000000000625e+01
7.357986800000000000e+09,-9.890999999999999659e+01
7.357987000000000000e+09,-9.890999999999999659e+01
7.357987200000000000e+09,-9.882999999999999829e+01
7.357987400000000000e+09,-9.896000000000000796e+01
7.357987600000000000e+09,-9.895000000000000284e+01
7.357987800000000000e+09,-9.893000000000000682e+01
7.357988000000000000e+09,-9.896000000000000796e+01
7.357988200000000000e+09,-9.895000000000000284e+01
7.357988400000000000e+09,-9.890999999999999659e+01
7.357988600000000000e+09,-9.890999999999999659e+01
7.357988800000000000e+09,-9.892000000000000171e+01
7.357989000000000000e+09,-9.896999999999999886e+01
7.357989200000000000e+09,-9.896999999999999886e+01
7.357989400000000000e+09,-9.893999999999999773e+01
7.357989600000000000e+09,-9.884000000000000341e+01
7.357989800000000000e+09,-9.892000000000000171e+01
7.357990000000000000e+09,-9.885999999999999943e+01
7.357990200000000000e+09,-9.882000000000000739e+01
7.357990400000000000e+09,-9.882000000000000739e+01
7.357990600000000000e+09,-9.896999999999999886e+01
7.357990800000000000e+09,-9.892000000000000171e+01
7.357991000000000000e+09,-9.896000000000000796e+01
7.357991200000000000e+09,-9.896999999999999886e+01
7.357991400000000000e+09,-9.882999999999999829e+01
7.357991600000000000e+09,-9.893999999999999773e+01
7.357991800000000000e+09,-9.890999999999999659e+01
7.357992000000000000e+09,-9.885000000000000853e+01
7.357992200000000000e+09,-9.890999999999999659e+01
7.357992400000000000e+09,-9.885999999999999943e+01
7.357992600000000000e+09,-9.890999999999999659e+01
7.357992800000000000e+09,-9.887999999999999545e+01
7.357993000000000000e+09,-9.890999999999999659e+01
7.357993200000000000e+09,-9.887999999999999545e+01
7.357993400000000000e+09,-9.882999999999999829e+01
7.357993600000000000e+09,-9.893999999999999773e+01
7.357993800000000000e+09,-9.887999999999999545e+01
7.357994000000000000e+09,-9.893000000000000682e+01
7.357994200000000000e+09,-9.889000000000000057e+01
7.357994400000000000e+09,-9.898000000000000398e+01
7.357994600000000000e+09,-9.892000000000000171e+01
7.357994800000000000e+09,-9.890999999999999659e+01
7.357995000000000000e+09,-9.896000000000000796e+01
7.357995200000000000e+09,-9.890000000000000568e+01
7.357995400000000000e+09,-9.896000000000000796e+01
7.357995600000000000e+09,-9.879999999999999716e+01
7.357995800000000000e+09,-9.887000000000000455e+01
7.357996000000000000e+09,-9.876999999999999602e+01
7.357996200000000000e+09,-9.887999999999999545e+01
7.357996400000000000e+09,-9.876999999999999602e+01
7.357996600000000000e+09,-9.878000000000000114e+01
7.357996800000000000e+09,-9.874000000000000909e+01
7.357997000000000000e+09,-9.889000000000000057e+01
7.357997200000000000e+09,-9.890999999999999659e+01
7.357997400000000000e+09,-9.890000000000000568e+01
7.357997600000000000e+09,-9.896000000000000796e+01
7.357997800000000000e+09,-9.892000000000000171e+01
7.357998000000000000e+09,-9.890999999999999659e+01
7.357998200000000000e+09,-9.890000000000000568e+01
7.357998400000000000e+09,-9.892000000000000171e+01
7.357998600000000000e+09,-9.885000000000000853e+01
7.357998800000000000e+09,-9.901000000000000512e+01
7.357999000000000000e+09,-9.890999999999999659e+01
7.357999200000000000e+09,-9.882000000000000739e+01
7.357999400000000000e+09,-9.893000000000000682e+01
7.357999600000000000e+09,-9.885999999999999943e+01
7.357999800000000000e+09,-9.890000000000000568e+01
7.358000000000000000e+09,-9.892000000000000171e+01
7.358000200000000000e+09,-9.896999999999999886e+01
7.358000400000000000e+09,-9.890999999999999659e+01
7.358000600000000000e+09,-9.884000000000000341e+01
7.358000800000000000e+09,-9.895000000000000284e+01
7.358001000000000000e+09,-9.890999999999999659e+01
7.358001200000000000e+09,-9.890999999999999659e+01
7.358001400000000000e+09,-9.885999999999999943e+01
7.358001600000000000e+09,-9.878000000000000114e+01
7.358001800000000000e+09,-9.871000000000000796e+01
7.358002000000000000e+09,-9.890000000000000568e+01
7.358002200000000000e+09,-9.895000000000000284e+01
7.358002400000000000e+09,-9.887000000000000455e+01
7.358002600000000000e+09,-9.882000000000000739e+01
7.358002800000000000e+09,-9.884000000000000341e+01
7.358003000000000000e+09,-9.881000000000000227e+01
7.358003200000000000e+09,-9.874000000000000909e+01
7.358003400000000000e+09,-9.846000000000000796e+01
7.358003600000000000e+09,-9.842000000000000171e+01
7.358003800000000000e+09,-9.782000000000000739e+01
7.358004000000000000e+09,-9.687000000000000455e+01
7.358004200000000000e+09,-9.551000000000000512e+01
7.358004400000000000e+09,-9.343000000000000682e+01
7.358004600000000000e+09,-9.064000000000000057e+01
7.358004800000000000e+09,-8.770000000000000284e+01
7.358005000000000000e+09,-8.479999999999999716e+01
7.358005200000000000e+09,-8.135000000000000853e+01
7.358005400000000000e+09,-7.812999999999999545e+01
7.358005600000000000e+09,-7.510999999999999943e+01
7.358005800000000000e+09,-7.201000000000000512e+01
7.358006000000000000e+09,-6.896999999999999886e+01
7.358006200000000000e+09,-6.650000000000000000e+01
7.358006400000000000e+09,-6.443999999999999773e+01
7.358006600000000000e+09,-6.298000000000000398e+01
7.358006800000000000e+09,-6.242999999999999972e+01
7.358007000000000000e+09,-6.200999999999999801e+01
7.358007200000000000e+09,-6.228000000000000114e+01
7.358007400000000000e+09,-6.344000000000000483e+01
7.358007600000000000e+09,-6.526999999999999602e+01
7.358007800000000000e+09,-6.728000000000000114e+01
7.358008000000000000e+09,-6.968999999999999773e+01
7.358008200000000000e+09,-7.264000000000000057e+01
7.358008400000000000e+09,-7.571000000000000796e+01
7.358008600000000000e+09,-7.907999999999999829e+01
7.358008800000000000e+09,-8.212000000000000455e+01
7.358009000000000000e+09,-8.546000000000000796e+01
7.358009200000000000e+09,-8.871999999999999886e+01
7.358009400000000000e+09,-9.182000000000000739e+01
7.358009600000000000e+09,-9.437000000000000455e+01
7.358009800000000000e+09,-9.640999999999999659e+01
7.358010000000000000e+09,-9.740000000000000568e+01
7.358010200000000000e+09,-9.799000000000000909e+01
7.358010400000000000e+09,-9.824000000000000909e+01
7.358010600000000000e+09,-9.854999999999999716e+01
7.358010800000000000e+09,-9.873000000000000398e+01
7.358011000000000000e+09,-9.875000000000000000e+01
7.358011200000000000e+09,-9.887999999999999545e+01
7.358011400000000000e+09,-9.893999999999999773e+01
7.358011600000000000e+09,-9.889000000000000057e+01
7.358011800000000000e+09,-9.890999999999999659e+01
7.358012000000000000e+09,-9.900000000000000000e+01
7.358012200000000000e+09,-9.896000000000000796e+01
7.358012400000000000e+09,-9.893000000000000682e+01
7.358012600000000000e+09,-9.884000000000000341e+01
7.358012800000000000e+09,-9.895000000000000284e+01
7.358013000000000000e+09,-9.893999999999999773e+01
7.358013200000000000e+09,-9.887000000000000455e+01
7.358013400000000000e+09,-9.893999999999999773e+01
7.358013600000000000e+09,-9.896999999999999886e+01
7.358013800000000000e+09,-9.901000000000000512e+01
7.358014000000000000e+09,-9.893999999999999773e+01
7.358014200000000000e+09,-9.895000000000000284e+01
7.358014400000000000e+09,-9.887000000000000455e+01
7.358014600000000000e+09,-9.885000000000000853e+01
7.358014800000000000e+09,-9.887999999999999545e+01
7.358015000000000000e+09,-9.876999999999999602e+01
7.358015200000000000e+09,-9.890999999999999659e+01
7.358015400000000000e+09,-9.885999999999999943e+01
7.358015600000000000e+09,-9.890000000000000568e+01
7.358015800000000000e+09,-9.899000000000000909e+01
7.358016000000000000e+09,-9.889000000000000057e+01
7.358016200000000000e+09,-9.892000000000000171e+01
7.358016400000000000e+09,-9.882999999999999829e+01
7.358016600000000000e+09,-9.884000000000000341e+01
7.358016800000000000e+09,-9.882999999999999829e+01
7.358017000000000000e+09,-9.896000000000000796e+01
7.358017200000000000e+09,-9.895000000000000284e+01
7.358017400000000000e+09,-9.895000000000000284e+01
7.358017600000000000e+09,-9.893000000000000682e+01
7.358017800000000000e+09,-9.893000000000000682e+01
7.358018000000000000e+09,-9.887000000000000455e+01
7.358018200000000000e+09,-9.893000000000000682e+01
7.358018400000000000e+09,-9.885999999999999943e+01
7.358018600000000000e+09,-9.896000000000000796e+01
7.358018800000000000e+09,-9.896000000000000796e+01
7.358019000000000000e+09,-9.892000000000000171e+01
7.358019200000000000e+09,-9.898000000000000398e+01
7.358019400000000000e+09,-9.900000000000000000e+01
7.358019600000000000e+09,-9.898000000000000398e+01
7.358019800000000000e+09,-9.873000000000000398e+01
7.358020000000000000e+09,-9.876999999999999602e+01
7.358020200000000000e+09,-9.896999999999999886e+01
7.358020400000000000e+09,-9.887999999999999545e+01
7.358020600000000000e+09,-9.896000000000000796e+01
7.358020800000000000e+09,-9.887000000000000455e+01
7.358021000000000000e+09,-9.896000000000000796e+01
7.358021200000000000e+09,-9.898000000000000398e+01
7.358021400000000000e+09,-9.895000000000000284e+01
7.358021600000000000e+09,-9.890999999999999659e+01
7.358021800000000000e+09,-9.896999999999999886e+01
7.358022000000000000e+09,-9.885999999999999943e+01
7.358022200000000000e+09,-9.896000000000000796e+01
7.358022400000000000e+09,-9.892000000000000171e+01
7.358022600000000000e+09,-9.896999999999999886e+01
7.358022800000000000e+09,-9.896000000000000796e+01
7.358023000000000000e+09,-9.890999999999999659e+01
7.358023200000000000e+09,-9.892000000000000171e+01
7.358023400000000000e+09,-9.889000000000000057e+01
7.358023600000000000e+09,-9.892000000000000171e+01
7.358023800000000000e+09,-9.899000000000000909e+01
7.358024000000000000e+09,-9.890999999999999659e+01
7.358024200000000000e+09,-9.893000000000000682e+01
7.358024400000000000e+09,-9.890000000000000568e+01
7.358024600000000000e+09,-9.882000000000000739e+01
7.358024800000000000e+09,-9.868000000000000682e+01
7.358025000000000000e+09,-9.889000000000000057e+01
7.358025200000000000e+09,-9.896000000000000796e+01
7.358025400000000000e+09,-9.893000000000000682e+01
7.358025600000000000e+09,-9.885000000000000853e+01
7.358025800000000000e+09,-9.876999999999999602e+01
7.358026000000000000e+09,-9.871999999999999886e+01
7.358026200000000000e+09,-9.892000000000000171e+01
7.358026400000000000e+09,-9.879999999999999716e+01
7.358026600000000000e+09,-9.899000000000000909e+01
7.358026800000000000e+09,-9.896999999999999886e+01
7.358027000000000000e+09,-9.878000000000000114e+01
7.358027200000000000e+09,-9.860999999999999943e+01
7.358027400000000000e+09,-9.878000000000000114e+01
7.358027600000000000e+09,-9.887000000000000455e+01
7.358027800000000000e+09,-9.890999999999999659e+01
7.358028000000000000e+09,-9.893999999999999773e+01
7.358028200000000000e+09,-9.885999999999999943e+01
7.358028400000000000e+09,-9.876999999999999602e+01
7.358028600000000000e+09,-9.893000000000000682e+01
7.358028800000000000e+09,-9.875000000000000000e+01
7.358029000000000000e+09,-9.890999999999999659e+01
7.358029200000000000e+09,-9.885999999999999943e+01
7.358029400000000000e+09,-9.896000000000000796e+01
7.358029600000000000e+09,-9.893999999999999773e+01
7.358029800000000000e+09,-9.893999999999999773e+01
7.358030000000000000e+09,-9.890000000000000568e+01
7.358030200000000000e+09,-9.875000000000000000e+01
7.358030400000000000e+09,-9.890999999999999659e+01
7.358030600000000000e+09,-9.895000000000000284e+01
7.358030800000000000e+09,-9.898000000000000398e+01
7.358031000000000000e+09,-9.887999999999999545e+01
7.358031200000000000e+09,-9.885999999999999943e+01
7.358031400000000000e+09,-9.885999999999999943e+01
7.358031600000000000e+09,-9.896000000000000796e+01
7.358031800000000000e+09,-9.895000000000000284e+01
7.358032000000000000e+09,-9.896000000000000796e+01
7.358032200000000000e+09,-9.896000000000000796e+01
7.358032400000000000e+09,-9.882999999999999829e+01
7.358032600000000000e+09,-9.887000000000000455e+01
7.358032800000000000e+09,-9.882000000000000739e+01
7.358033000000000000e+09,-9.885999999999999943e+01
7.358033200000000000e+09,-9.887999999999999545e+01
7.358033400000000000e+09,-9.900000000000000000e+01
7.358033600000000000e+09,-9.892000000000000171e+01
7.358033800000000000e+09,-9.892000000000000171e+01
7.358034000000000000e+09,-9.890999999999999659e+01
7.358034200000000000e+09,-9.882999999999999829e+01
7.358034400000000000e+09,-9.879000000000000625e+01
7.358034600000000000e+09,-9.885999999999999943e+01
7.358034800000000000e+09,-9.903000000000000114e+01
7.358035000000000000e+09,-9.903000000000000114e+01
7.358035200000000000e+09,-9.896000000000000796e+01
7.358035400000000000e+09,-9.887999999999999545e+01
7.358035600000000000e+09,-9.885999999999999943e+01
7.358035800000000000e+09,-9.895000000000000284e+01
7.358036000000000000e+09,-9.889000000000000057e+01
7.358036200000000000e+09,-9.900000000000000000e+01
7.358036400000000000e+09,-9.890999999999999659e+01
7.358036600000000000e+09,-9.896999999999999886e+01
7.358036800000000000e+09,-9.895000000000000284e+01
7.358037000000000000e+09,-9.896000000000000796e+01
7.358037200000000000e+09,-9.890999999999999659e+01
7.358037400000000000e+09,-9.890000000000000568e+01
7.358037600000000000e+09,-9.882000000000000739e+01
7.358037800000000000e+09,-9.890999999999999659e+01
7.358038000000000000e+09,-9.876999999999999602e+01
7.358038200000000000e+09,-9.876999999999999602e+01
7.358038400000000000e+09,-9.876999999999999602e+01
7.358038600000000000e+09,-9.895000000000000284e+01
7.358038800000000000e+09,-9.898000000000000398e+01
7.358039000000000000e+09,-9.890999999999999659e+01
7.358039200000000000e+09,-9.884000000000000341e+01
7.358039400000000000e+09,-9.875000000000000000e+01
7.358039600000000000e+09,-9.890999999999999659e+01
7.358039800000000000e+09,-9.890999999999999659e+01
7.358040000000000000e+09,-9.889000000000000057e+01
7.358040200000000000e+09,-9.887000000000000455e+01
7.358040400000000000e+09,-9.889000000000000057e+01
7.358040600000000000e+09,-9.899000000000000909e+01
7.358040800000000000e+09,-9.895000000000000284e+01
7.358041000000000000e+09,-9.892000000000000171e+01
7.358041200000000000e+09,-9.889000000000000057e+01
7.358041400000000000e+09,-9.890999999999999659e+01
7.358041600000000000e+09,-9.885000000000000853e+01
7.358041800000000000e+09,-9.896999999999999886e+01
7.358042000000000000e+09,-9.892000000000000171e+01
7.358042200000000000e+09,-9.885999999999999943e+01
7.358042400000000000e+09,-9.895000000000000284e+01
7.358042600000000000e+09,-9.890999999999999659e+01
7.358042800000000000e+09,-9.892000000000000171e+01
7.358043000000000000e+09,-9.892000000000000171e+01
7.358043200000000000e+09,-9.901000000000000512e+01
7.358043400000000000e+09,-9.898000000000000398e+01
7.358043600000000000e+09,-9.900000000000000000e+01
7.358043800000000000e+09,-9.895000000000000284e+01
7.358044000000000000e+09,-9.893000000000000682e+01
7.358044200000000000e+09,-9.893000000000000682e+01
7.358044400000000000e+09,-9.899000000000000909e+01
7.358044600000000000e+09,-9.889000000000000057e+01
7.358044800000000000e+09,-9.875000000000000000e+01
7.358045000000000000e+09,-9.885999999999999943e+01
7.358045200000000000e+09,-9.892000000000000171e+01
7.358045400000000000e+09,-9.892000000000000171e+01
7.358045600000000000e+09,-9.887000000000000455e+01
7.358045800000000000e+09,-9.893999999999999773e+01
7.358046000000000000e+09,-9.887999999999999545e+01
7.358046200000000000e+09,-9.887000000000000455e+01
7.358046400000000000e+09,-9.882000000000000739e+01
7.358046600000000000e+09,-9.882999999999999829e+01
7.358046800000000000e+09,-9.876999999999999602e+01
7.358047000000000000e+09,-9.884000000000000341e+01
7.358047200000000000e+09,-9.896000000000000796e+01
7.358047400000000000e+09,-9.882999999999999829e+01
7.358047600000000000e+09,-9.885000000000000853e+01
7.358047800000000000e+09,-9.860999999999999943e+01
7.358048000000000000e+09,-9.893000000000000682e+01
7.358048200000000000e+09,-9.882000000000000739e+01
7.358048400000000000e+09,-9.901000000000000512e+01
7.358048600000000000e+09,-9.901000000000000512e+01
7.358048800000000000e+09,-9.899000000000000909e+01
7.358049000000000000e+09,-9.890999999999999659e+01
7.358049200000000000e+09,-9.882000000000000739e+01
7.358049400000000000e+09,-9.876999999999999602e+01
7.358049600000000000e+09,-9.890999999999999659e+01
7.358049800000000000e+09,-9.890999999999999659e+01
7.358050000000000000e+09,-9.895000000000000284e+01
8.489950000000000000e+09,-9.606000000000000227e+01
8.489950200000000000e+09,-9.581000000000000227e+01
8.489950400000000000e+09,-9.646999999999999886e+01
8.489950600000000000e+09,-9.584000000000000341e+01
8.489950800000000000e+09,-9.540999999999999659e+01
8.489951000000000000e+09,-9.557000000000000739e+01
8.489951200000000000e+09,-9.523999999999999488e+01
8.489951400000000000e+09,-9.492000000000000171e+01
8.489951600000000000e+09,-9.504000000000000625e+01
8.489951800000000000e+09,-9.564000000000000057e+01
8.489952000000000000e+09,-9.537999999999999545e+01
8.489952200000000000e+09,-9.557000000000000739e+01
8.489952400000000000e+09,-9.523999999999999488e+01
8.489952600000000000e+09,-9.540999999999999659e+01
8.489952800000000000e+09,-9.601000000000000512e+01
8.489953000000000000e+09,-9.640999999999999659e+01
8.489953200000000000e+09,-9.667000000000000171e+01
8.489953400000000000e+09,-9.650000000000000000e+01
8.489953600000000000e+09,-9.649000000000000909e+01
8.489953800000000000e+09,-9.657000000000000739e+01
8.489954000000000000e+09,-9.626999999999999602e+01
8.489954200000000000e+09,-9.570000000000000284e+01
8.489954400000000000e+09,-9.628000000000000114e+01
8.489954600000000000e+09,-9.620000000000000284e+01
8.489954800000000000e+09,-9.606000000000000227e+01
8.489955000000000000e+09,-9.646999999999999886e+01
8.489955200000000000e+09,-9.648000000000000398e+01
8.489955400000000000e+09,-9.646000000000000796e+01
8.489955600000000000e+09,-9.635999999999999943e+01
8.489955800000000000e+09,-9.629000000000000625e+01
8.489956000000000000e+09,-9.643999999999999773e+01
8.489956200000000000e+09,-9.606000000000000227e+01
8.489956400000000000e+09,-9.643999999999999773e+01
8.489956600000000000e+09,-9.601000000000000512e+01
8.489956800000000000e+09,-9.615000000000000568e+01
8.489957000000000000e+09,-9.625000000000000000e+01
8.489957200000000000e+09,-9.573000000000000398e+01
8.489957400000000000e+09,-9.529000000000000625e+01
8.489957600000000000e+09,-9.574000000000000909e+01
8.489957800000000000e+09,-9.590000000000000568e+01
8.489958000000000000e+09,-9.612000000000000455e+01
8.489958200000000000e+09,-9.654000000000000625e+01
8.489958400000000000e+09,-9.618999999999999773e+01
8.489958600000000000e+09,-9.607999999999999829e+01
8.489958800000000000e+09,-9.624000000000000909e+01
8.489959000000000000e+09,-9.596000000000000796e+01
8.489959200000000000e+09,-9.618000000000000682e+01
8.489959400000000000e+09,-9.629000000000000625e+01
8.489959600000000000e+09,-9.665999999999999659e+01
8.489959800000000000e+09,-9.615000000000000568e+01
8.489960000000000000e+09,-9.617000000000000171e+01
8.489960200000000000e+09,-9.620000000000000284e+01
8.489960400000000000e+09,-9.612999999999999545e+01
8.489960600000000000e+09,-9.554999999999999716e+01
8.489960800000000000e+09,-9.587000000000000455e+01
8.489961000000000000e+09,-9.651999999999999602e+01
8.489961200000000000e+09,-9.637000000000000455e+01
8.489961400000000000e+09,-9.671000000000000796e+01
8.489961600000000000e+09,-9.623000000000000398e+01
8.489961800000000000e+09,-9.587000000000000455e+01
8.489962000000000000e+09,-9.587000000000000455e+01
8.489962200000000000e+09,-9.634000000000000341e+01
8.489962400000000000e+09,-9.623000000000000398e+01
8.489962600000000000e+09,-9.607999999999999829e+01
8.489962800000000000e+09,-9.587000000000000455e+01
8.489963000000000000e+09,-9.542000000000000171e+01
8.489963200000000000e+09,-9.551000000000000512e+01
8.489963400000000000e+09,-9.651000000000000512e+01
8.489963600000000000e+09,-9.618999999999999773e+01
8.489963800000000000e+09,-9.615000000000000568e+01
8.489964000000000000e+09,-9.628000000000000114e+01
8.489964200000000000e+09,-9.625000000000000000e+01
8.489964400000000000e+09,-9.610000000000000853e+01
8.489964600000000000e+09,-9.568999999999999773e+01
8.489964800000000000e+09,-9.592000000000000171e+01
8.489965000000000000e+09,-9.637999999999999545e+01
8.489965200000000000e+09,-9.612999999999999545e+01
8.489965400000000000e+09,-9.574000000000000909e+01
8.489965600000000000e+09,-9.628000000000000114e+01
8.489965800000000000e+09,-9.629999999999999716e+01
8.489966000000000000e+09,-9.617000000000000171e+01
8.489966200000000000e+09,-9.606000000000000227e+01
8.489966400000000000e+09,-9.587999999999999545e+01
8.489966600000000000e+09,-9.626999999999999602e+01
8.489966800000000000e+09,-9.690000000000000568e+01
8.489967000000000000e+09,-9.645000000000000284e+01
8.489967200000000000e+09,-9.593000000000000682e+01
8.489967400000000000e+09,-9.562999999999999545e+01
8.489967600000000000e+09,-9.585000000000000853e+01
8.489967800000000000e+09,-9.599000000000000909e+01
8.489968000000000000e+09,-9.560000000000000853e+01
8.489968200000000000e+09,-9.521000000000000796e+01
8.489968400000000000e+09,-9.642000000000000171e+01
8.489968600000000000e+09,-9.635000000000000853e+01
8.489968800000000000e+09,-9.596000000000000796e+01
8.489969000000000000e+09,-9.668999999999999773e+01
8.489969200000000000e+09,-9.637000000000000455e+01
8.489969400000000000e+09,-9.554999999999999716e+01
8.489969600000000000e+09,-9.531000000000000227e+01
8.489969800000000000e+09,-9.618999999999999773e+01
8.489970000000000000e+09,-9.590000000000000568e+01
8.489970200000000000e+09,-9.590999999999999659e+01
8.489970400000000000e+09,-9.648000000000000398e+01
8.489970600000000000e+09,-9.610999999999999943e+01
8.489970800000000000e+09,-9.735000000000000853e+01
8.489971000000000000e+09,-9.568999999999999773e+01
8.489971200000000000e+09,-9.585000000000000853e+01
8.489971400000000000e+09,-9.628000000000000114e+01
8.489971600000000000e+09,-9.671000000000000796e+01
8.489971800000000000e+09,-9.610999999999999943e+01
8.489972000000000000e+09,-9.573000000000000398e+01
8.489972200000000000e+09,-9.628000000000000114e+01
8.489972400000000000e+09,-9.620000000000000284e+01
8.489972600000000000e+09,-9.574000000000000909e+01
8.489972800000000000e+09,-9.535000000000000853e+01
8.489973000000000000e+09,-9.603000000000000114e+01
8.489973200000000000e+09,-9.578000000000000114e+01
8.489973400000000000e+09,-9.535000000000000853e+01
8.489973600000000000e+09,-9.660000000000000853e+01
8.489973800000000000e+09,-9.606000000000000227e+01
8.489974000000000000e+09,-9.593000000000000682e+01
8.489974200000000000e+09,-9.642000000000000171e+01
8.489974400000000000e+09,-9.532999999999999829e+01
8.489974600000000000e+09,-9.546000000000000796e+01
8.489974800000000000e+09,-9.576999999999999602e+01
8.489975000000000000e+09,-9.656000000000000227e+01
8.489975200000000000e+09,-9.729999999999999716e+01
8.489975400000000000e+09,-9.667000000000000171e+01
8.489975600000000000e+09,-9.628000000000000114e+01
8.489975800000000000e+09,-9.550000000000000000e+01
8.489976000000000000e+09,-9.568000000000000682e+01
8.489976200000000000e+09,-9.662999999999999545e+01
8.489976400000000000e+09,-9.676999999999999602e+01
8.489976600000000000e+09,-9.606000000000000227e+01
8.489976800000000000e+09,-9.600000000000000000e+01
8.489977000000000000e+09,-9.656000000000000227e+01
8.489977200000000000e+09,-9.640999999999999659e+01
8.489977400000000000e+09,-9.565999999999999659e+01
8.489977600000000000e+09,-9.582000000000000739e+01
8.489977800000000000e+09,-9.590000000000000568e+01
8.489978000000000000e+09,-9.534000000000000341e+01
8.489978200000000000e+09,-9.512000000000000455e+01
8.489978400000000000e+09,-9.565999999999999659e+01
8.489978600000000000e+09,-9.635000000000000853e+01
8.489978800000000000e+09,-9.618999999999999773e+01
8.489979000000000000e+09,-9.682999999999999829e+01
8.489979200000000000e+09,-9.637000000000000455e+01
8.489979400000000000e+09,-9.635999999999999943e+01
8.489979600000000000e+09,-9.631000000000000227e+01
8.489979800000000000e+09,-9.693999999999999773e+01
8.489980000000000000e+09,-9.649000000000000909e+01
8.489980200000000000e+09,-9.634000000000000341e+01
8.489980400000000000e+09,-9.600000000000000000e+01
8.489980600000000000e+09,-9.625000000000000000e+01
8.489980800000000000e+09,-9.564000000000000057e+01
8.489981000000000000e+09,-9.557000000000000739e+01
8.489981200000000000e+09,-9.596000000000000796e+01
8.489981400000000000e+09,-9.626000000000000512e+01
8.489981600000000000e+09,-9.610000000000000853e+01
8.489981800000000000e+09,-9.545000000000000284e+01
8.489982000000000000e+09,-9.518999999999999773e+01
8.489982200000000000e+09,-9.535999999999999943e+01
8.489982400000000000e+09,-9.648000000000000398e+01
8.489982600000000000e+09,-9.642000000000000171e+01
8.489982800000000000e+09,-9.604999999999999716e+01
8.489983000000000000e+09,-9.670000000000000284e+01
8.489983200000000000e+09,-9.687999999999999545e+01
8.489983400000000000e+09,-9.656000000000000227e+01
8.489983600000000000e+09,-9.590000000000000568e+01
8.489983800000000000e+09,-9.551999999999999602e+01
8.489984000000000000e+09,-9.603000000000000114e+01
8.489984200000000000e+09,-9.621000000000000796e+01
8.489984400000000000e+09,-9.620000000000000284e+01
8.489984600000000000e+09,-9.640000000000000568e+01
8.489984800000000000e+09,-9.643999999999999773e+01
8.489985000000000000e+09,-9.640000000000000568e+01
8.489985200000000000e+09,-9.570000000000000284e+01
8.489985400000000000e+09,-9.624000000000000909e+01
8.489985600000000000e+09,-9.629999999999999716e+01
8.489985800000000000e+09,-9.674000000000000909e+01
8.489986000000000000e+09,-9.587000000000000455e+01
8.489986200000000000e+09,-9.551000000000000512e+01
8.489986400000000000e+09,-9.574000000000000909e+01
8.489986600000000000e+09,-9.539000000000000057e+01
8.489986800000000000e+09,-9.543999999999999773e+01
8.489987000000000000e+09,-9.560000000000000853e+01
8.489987200000000000e+09,-9.468999999999999773e+01
8.489987400000000000e+09,-9.512000000000000455e+01
8.489987600000000000e+09,-9.596999999999999886e+01
8.489987800000000000e+09,-9.425000000000000000e+01
8.489988000000000000e+09,-9.565999999999999659e+01
8.489988200000000000e+09,-9.601000000000000512e+01
8.489988400000000000e+09,-9.687000000000000455e+01
8.489988600000000000e+09,-9.596000000000000796e+01
8.489988800000000000e+09,-9.618999999999999773e+01
8.489989000000000000e+09,-9.607000000000000739e+01
8.489989200000000000e+09,-9.674000000000000909e+01
8.489989400000000000e+09,-9.629999999999999716e+01
8.489989600000000000e+09,-9.610999999999999943e+01
8.489989800000000000e+09,-9.568000000000000682e+01
8.489990000000000000e+09,-9.562999999999999545e+01
8.489990200000000000e+09,-9.528000000000000114e+01
8.489990400000000000e+09,-9.493999999999999773e+01
8.489990600000000000e+09,-9.468999999999999773e+01
8.489990800000000000e+09,-9.543999999999999773e+01
8.489991000000000000e+09,-9.582000000000000739e+01
8.489991200000000000e+09,-9.610999999999999943e+01
8.489991400000000000e+09,-9.579999999999999716e+01
8.489991600000000000e+09,-9.574000000000000909e+01
8.489991800000000000e+09,-9.631000000000000227e+01
8.489992000000000000e+09,-9.587999999999999545e+01
8.489992200000000000e+09,-9.470000000000000284e+01
8.489992400000000000e+09,-9.571000000000000796e+01
8.489992600000000000e+09,-9.565000000000000568e+01
8.489992800000000000e+09,-9.582000000000000739e+01
8.489993000000000000e+09,-9.565000000000000568e+01
8.489993200000000000e+09,-9.618999999999999773e+01
8.489993400000000000e+09,-9.670000000000000284e+01
8.489993600000000000e+09,-9.643999999999999773e+01
8.489993800000000000e+09,-9.648000000000000398e+01
8.489994000000000000e+09,-9.639000000000000057e+01
8.489994200000000000e+09,-9.593999999999999773e+01
8.489994400000000000e+09,-9.593999999999999773e+01
8.489994600000000000e+09,-9.642000000000000171e+01
8.489994800000000000e+09,-9.675000000000000000e+01
8.489995000000000000e+09,-9.674000000000000909e+01
8.489995200000000000e+09,-9.639000000000000057e+01
8.489995400000000000e+09,-9.615000000000000568e+01
8.489995600000000000e+09,-9.559000000000000341e+01
8.489995800000000000e+09,-9.632999999999999829e+01
8.489996000000000000e+09,-9.615999999999999659e+01
8.489996200000000000e+09,-9.710000000000000853e+01
8.489996400000000000e+09,-9.642000000000000171e+01
8.489996600000000000e+09,-9.548000000000000398e+01
8.489996800000000000e+09,-9.554000000000000625e+01
8.489997000000000000e+09,-9.535000000000000853e+01
8.489997200000000000e+09,-9.537000000000000455e+01
8.489997400000000000e+09,-9.668000000000000682e+01
8.489997600000000000e+09,-9.632999999999999829e+01
8.489997800000000000e+09,-9.621999999999999886e+01
8.489998000000000000e+09,-9.621000000000000796e+01
8.489998200000000000e+09,-9.643000000000000682e+01
8.489998400000000000e+09,-9.637999999999999545e+01
8.489998600000000000e+09,-9.637000000000000455e+01
8.489998800000000000e+09,-9.679000000000000625e+01
8.489999000000000000e+09,-9.615999999999999659e+01
8.489999200000000000e+09,-9.489000000000000057e+01
8.489999400000000000e+09,-9.465999999999999659e+01
8.489999600000000000e+09,-9.603000000000000114e+01
8.489999800000000000e+09,-9.587999999999999545e+01
8.490000000000000000e+09,-9.546000000000000796e+01
8.490000200000000000e+09,-9.587000000000000455e+01
8.490000400000000000e+09,-9.557000000000000739e+01
8.490000600000000000e+09,-9.518999999999999773e+01
8.490000800000000000e+09,-9.665000000000000568e+01
8.490001000000000000e+09,-9.589000000000000057e+01
8.490001200000000000e+09,-9.559000000000000341e+01
8.490001400000000000e+09,-9.640000000000000568e+01
8.490001600000000000e+09,-9.615999999999999659e+01
8.490001800000000000e+09,-9.651000000000000512e+01
8.490002000000000000e+09,-9.704000000000000625e+01
8.490002200000000000e+09,-9.548999999999999488e+01
8.490002400000000000e+09,-9.529999999999999716e+01
8.490002600000000000e+09,-9.542000000000000171e+01
8.490002800000000000e+09,-9.599000000000000909e+01
8.490003000000000000e+09,-9.646000000000000796e+01
8.490003200000000000e+09,-9.592000000000000171e+01
8.490003400000000000e+09,-9.551000000000000512e+01
8.490003600000000000e+09,-9.568000000000000682e+01
8.490003800000000000e+09,-9.554999999999999716e+01
8.490004000000000000e+09,-9.601000000000000512e+01
8.490004200000000000e+09,-9.557999999999999829e+01
8.490004400000000000e+09,-9.537000000000000455e+01
8.490004600000000000e+09,-9.607000000000000739e+01
8.490004800000000000e+09,-9.610000000000000853e+01
8.490005000000000000e+09,-9.521000000000000796e+01
8.490005200000000000e+09,-9.498000000000000398e+01
8.490005400000000000e+09,-9.465000000000000568e+01
8.490005600000000000e+09,-9.251999999999999602e+01
8.490005800000000000e+09,-9.026999999999999602e+01
8.490006000000000000e+09,-8.696999999999999886e+01
8.490006200000000000e+09,-8.370000000000000284e+01
8.490006400000000000e+09,-8.089000000000000057e+01
8.490006600000000000e+09,-7.768000000000000682e+01
8.490006800000000000e+09,-7.546000000000000796e+01
8.490007000000000000e+09,-7.365999999999999659e+01
8.490007200000000000e+09,-7.278000000000000114e+01
8.490007400000000000e+09,-7.240000000000000568e+01
8.490007600000000000e+09,-7.221000000000000796e+01
8.490007800000000000e+09,-7.278000000000000114e+01
8.490008000000000000e+09,-7.418000000000000682e+01
8.490008200000000000e+09,-7.601999999999999602e+01
8.490008400000000000e+09,-7.814000000000000057e+01
8.490008600000000000e+09,-8.084000000000000341e+01
8.490008800000000000e+09,-8.412999999999999545e+01
8.490009000000000000e+09,-8.740000000000000568e+01
8.490009200000000000e+09,-9.078000000000000114e+01
8.490009400000000000e+09,-9.273999999999999488e+01
8.490009600000000000e+09,-9.418000000000000682e+01
8.490009800000000000e+09,-9.423000000000000398e+01
8.490010000000000000e+09,-9.587000000000000455e+01
8.490010200000000000e+09,-9.587999999999999545e+01
8.490010400000000000e+09,-9.614000000000000057e+01
8.490010600000000000e+09,-9.579999999999999716e+01
8.490010800000000000e+09,-9.550000000000000000e+01
8.490011000000000000e+09,-9.529000000000000625e+01
8.490011200000000000e+09,-9.565999999999999659e+01
8.490011400000000000e+09,-9.596000000000000796e+01
8.490011600000000000e+09,-9.649000000000000909e+01
8.490011800000000000e+09,-9.642000000000000171e+01
8.490012000000000000e+09,-9.621999999999999886e+01
8.490012200000000000e+09,-9.576999999999999602e+01
8.490012400000000000e+09,-9.604000000000000625e+01
8.490012600000000000e+09,-9.660999999999999943e+01
8.490012800000000000e+09,-9.662000000000000455e+01
8.490013000000000000e+09,-9.587000000000000455e+01
8.490013200000000000e+09,-9.562000000000000455e+01
8.490013400000000000e+09,-9.515000000000000568e+01
8.490013600000000000e+09,-9.543999999999999773e+01
8.490013800000000000e+09,-9.650000000000000000e+01
8.490014000000000000e+09,-9.679000000000000625e+01
8.490014200000000000e+09,-9.614000000000000057e+01
8.490014400000000000e+09,-9.596000000000000796e+01
8.490014600000000000e+09,-9.554999999999999716e+01
8.490014800000000000e+09,-9.528000000000000114e+01
8.490015000000000000e+09,-9.551999999999999602e+01
8.490015200000000000e+09,-9.581000000000000227e+01
8.490015400000000000e+09,-9.584000000000000341e+01
8.490015600000000000e+09,-9.568999999999999773e+01
8.490015800000000000e+09,-9.565000000000000568e+01
8.490016000000000000e+09,-9.542000000000000171e+01
8.490016200000000000e+09,-9.612999999999999545e+01
8.490016400000000000e+09,-9.632999999999999829e+01
8.490016600000000000e+09,-9.689000000000000057e+01
8.490016800000000000e+09,-9.600000000000000000e+01
8.490017000000000000e+09,-9.448999999999999488e+01
8.490017200000000000e+09,-9.446999999999999886e+01
8.490017400000000000e+09,-9.521999999999999886e+01
8.490017600000000000e+09,-9.609000000000000341e+01
8.490017800000000000e+09,-9.679999999999999716e+01
8.490018000000000000e+09,-9.728000000000000114e+01
8.490018200000000000e+09,-9.626999999999999602e+01
8.490018400000000000e+09,-9.610000000000000853e+01
8.490018600000000000e+09,-9.574000000000000909e+01
8.490018800000000000e+09,-9.537000000000000455e+01
8.490019000000000000e+09,-9.540999999999999659e+01
8.490019200000000000e+09,-9.640999999999999659e+01
8.490019400000000000e+09,-9.685000000000000853e+01
8.490019600000000000e+09,-9.651000000000000512e+01
8.490019800000000000e+09,-9.568000000000000682e+01
8.490020000000000000e+09,-9.457999999999999829e+01
8.490020200000000000e+09,-9.418999999999999773e+01
8.490020400000000000e+09,-9.529000000000000625e+01
8.490020600000000000e+09,-9.574000000000000909e+01
8.490020800000000000e+09,-9.678000000000000114e+01
8.490021000000000000e+09,-9.624000000000000909e+01
8.490021200000000000e+09,-9.671999999999999886e+01
8.490021400000000000e+09,-9.582000000000000739e+01
8.490021600000000000e+09,-9.565000000000000568e+01
8.490021800000000000e+09,-9.532999999999999829e+01
8.490022000000000000e+09,-9.496000000000000796e+01
8.490022200000000000e+09,-9.515999999999999659e+01
8.490022400000000000e+09,-9.626999999999999602e+01
8.490022600000000000e+09,-9.629000000000000625e+01
8.490022800000000000e+09,-9.589000000000000057e+01
8.490023000000000000e+09,-9.637000000000000455e+01
8.490023200000000000e+09,-9.564000000000000057e+01
8.490023400000000000e+09,-9.670000000000000284e+01
8.490023600000000000e+09,-9.642000000000000171e+01
8.490023800000000000e+09,-9.607000000000000739e+01
8.490024000000000000e+09,-9.592000000000000171e+01
8.490024200000000000e+09,-9.576999999999999602e+01
8.490024400000000000e+09,-9.629000000000000625e+01
8.490024600000000000e+09,-9.642000000000000171e+01
8.490024800000000000e+09,-9.607999999999999829e+01
8.490025000000000000e+09,-9.540999999999999659e+01
8.490025200000000000e+09,-9.507999999999999829e+01
8.490025400000000000e+09,-9.610000000000000853e+01
8.490025600000000000e+09,-9.656000000000000227e+01
8.490025800000000000e+09,-9.571000000000000796e+01
8.490026000000000000e+09,-9.629000000000000625e+01
8.490026200000000000e+09,-9.601000000000000512e+01
8.490026400000000000e+09,-9.667000000000000171e+01
8.490026600000000000e+09,-9.649000000000000909e+01
8.490026800000000000e+09,-9.615999999999999659e+01
8.490027000000000000e+09,-9.631000000000000227e+01
8.490027200000000000e+09,-9.592000000000000171e+01
8.490027400000000000e+09,-9.623000000000000398e+01
8.490027600000000000e+09,-9.637000000000000455e+01
8.490027800000000000e+09,-9.643000000000000682e+01
8.490028000000000000e+09,-9.623000000000000398e+01
8.490028200000000000e+09,-9.504999999999999716e+01
8.490028400000000000e+09,-9.535000000000000853e+01
8.490028600000000000e+09,-9.596000000000000796e+01
8.490028800000000000e+09,-9.693999999999999773e+01
8.490029000000000000e+09,-9.601000000000000512e+01
8.490029200000000000e+09,-9.582999999999999829e+01
8.490029400000000000e+09,-9.579999999999999716e+01
8.490029600000000000e+09,-9.537000000000000455e+01
8.490029800000000000e+09,-9.615000000000000568e+01
8.490030000000000000e+09,-9.674000000000000909e+01
8.490030200000000000e+09,-9.721000000000000796e+01
8.490030400000000000e+09,-9.546000000000000796e+01
8.490030600000000000e+09,-9.539000000000000057e+01
8.490030800000000000e+09,-9.589000000000000057e+01
8.490031000000000000e+09,-9.603000000000000114e+01
8.490031200000000000e+09,-9.560999999999999943e+01
8.490031400000000000e+09,-9.573000000000000398e+01
8.490031600000000000e+09,-9.593999999999999773e+01
8.490031800000000000e+09,-9.625000000000000000e+01
8.490032000000000000e+09,-9.631000000000000227e+01
8.490032200000000000e+09,-9.603000000000000114e+01
8.490032400000000000e+09,-9.632999999999999829e+01
8.490032600000000000e+09,-9.607000000000000739e+01
8.490032800000000000e+09,-9.646000000000000796e+01
8.490033000000000000e+09,-9.612999999999999545e+01
8.490033200000000000e+09,-9.576000000000000512e+01
8.490033400000000000e+09,-9.528000000000000114e+01
8.490033600000000000e+09,-9.496000000000000796e+01
8.490033800000000000e+09,-9.442000000000000171e+01
8.490034000000000000e+09,-9.437000000000000455e+01
8.490034200000000000e+09,-9.604000000000000625e+01
8.490034400000000000e+09,-9.576999999999999602e+01
8.490034600000000000e+09,-9.542000000000000171e+01
8.490034800000000000e+09,-9.600000000000000000e+01
8.490035000000000000e+09,-9.559000000000000341e+01
8.490035200000000000e+09,-9.628000000000000114e+01
8.490035400000000000e+09,-9.637000000000000455e+01
8.490035600000000000e+09,-9.642000000000000171e+01
8.490035800000000000e+09,-9.626999999999999602e+01
8.490036000000000000e+09,-9.696999999999999886e+01
8.490036200000000000e+09,-9.699000000000000909e+01
8.490036400000000000e+09,-9.693999999999999773e+01
8.490036600000000000e+09,-9.682999999999999829e+01
8.490036800000000000e+09,-9.665000000000000568e+01
8.490037000000000000e+09,-9.582999999999999829e+01
8.490037200000000000e+09,-9.617000000000000171e+01
8.490037400000000000e+09,-9.656000000000000227e+01
8.490037600000000000e+09,-9.637000000000000455e+01
8.490037800000000000e+09,-9.568000000000000682e+01
8.490038000000000000e+09,-9.529999999999999716e+01
8.490038200000000000e+09,-9.570000000000000284e+01
8.490038400000000000e+09,-9.532999999999999829e+01
8.490038600000000000e+09,-9.556000000000000227e+01
8.490038800000000000e+09,-9.528000000000000114e+01
8.490039000000000000e+09,-9.564000000000000057e+01
8.490039200000000000e+09,-9.535000000000000853e+01
8.490039400000000000e+09,-9.651999999999999602e+01
8.490039600000000000e+09,-9.654999999999999716e+01
8.490039800000000000e+09,-9.624000000000000909e+01
8.490040000000000000e+09,-9.642000000000000171e+01
8.490040200000000000e+09,-9.656000000000000227e+01
8.490040400000000000e+09,-9.623000000000000398e+01
8.490040600000000000e+09,-9.596999999999999886e+01
8.490040800000000000e+09,-9.618000000000000682e+01
8.490041000000000000e+09,-9.590000000000000568e+01
8.490041200000000000e+09,-9.620000000000000284e+01
8.490041400000000000e+09,-9.587999999999999545e+01
8.490041600000000000e+09,-9.601000000000000512e+01
8.490041800000000000e+09,-9.601000000000000512e+01
8.490042000000000000e+09,-9.562000000000000455e+01
8.490042200000000000e+09,-9.626999999999999602e+01
8.490042400000000000e+09,-9.539000000000000057e+01
8.490042600000000000e+09,-9.515000000000000568e+01
8.490042800000000000e+09,-9.532000000000000739e+01
8.490043000000000000e+09,-9.579000000000000625e+01
8.490043200000000000e+09,-9.539000000000000057e+01
8.490043400000000000e+09,-9.615999999999999659e+01
8.490043600000000000e+09,-9.624000000000000909e+01
8.490043800000000000e+09,-9.635000000000000853e+01
8.490044000000000000e+09,-9.612000000000000455e+01
8.490044200000000000e+09,-9.656000000000000227e+01
8.490044400000000000e+09,-9.568999999999999773e+01
8.490044600000000000e+09,-9.603000000000000114e+01
8.490044800000000000e+09,-9.609000000000000341e+01
8.490045000000000000e+09,-9.726999999999999602e+01
8.490045200000000000e+09,-9.554999999999999716e+01
8.490045400000000000e+09,-9.529999999999999716e+01
8.490045600000000000e+09,-9.551999999999999602e+01
8.490045800000000000e+09,-9.593000000000000682e+01
8.490046000000000000e+09,-9.615000000000000568e+01
8.490046200000000000e+09,-9.603000000000000114e+01
8.490046400000000000e+09,-9.610000000000000853e+01
8.490046600000000000e+09,-9.601000000000000512e+01
8.490046800000000000e+09,-9.573000000000000398e+01
8.490047000000000000e+09,-9.626000000000000512e+01
8.490047200000000000e+09,-9.556000000000000227e+01
8.490047400000000000e+09,-9.498000000000000398e+01
8.490047600000000000e+09,-9.579999999999999716e+01
8.490047800000000000e+09,-9.639000000000000057e+01
8.490048000000000000e+09,-9.685000000000000853e+01
8.490048200000000000e+09,-9.643999999999999773e+01
8.490048400000000000e+09,-9.678000000000000114e+01
8.490048600000000000e+09,-9.621000000000000796e+01
8.490048800000000000e+09,-9.596000000000000796e+01
8.490049000000000000e+09,-9.501000000000000512e+01
8.490049200000000000e+09,-9.578000000000000114e+01
8.490049400000000000e+09,-9.559000000000000341e+01
8.490049600000000000e+09,-9.537000000000000455e+01
8.490049800000000000e+09,-9.565000000000000568e+01
8.490050000000000000e+09,-9.646000000000000796e+01
9.621950000000000000e+09,-9.525000000000000000e+01
9.621950200000000000e+09,-9.540000000000000568e+01
9.621950400000000000e+09,-9.504999999999999716e+01
9.621950600000000000e+09,-9.506000000000000227e+01
9.621950800000000000e+09,-9.578000000000000114e+01
9.621951000000000000e+09,-9.570000000000000284e+01
9.621951200000000000e+09,-9.529999999999999716e+01
9.621951400000000000e+09,-9.653000000000000114e+01
9.621951600000000000e+09,-9.615000000000000568e+01
9.621951800000000000e+09,-9.615999999999999659e+01
9.621952000000000000e+09,-9.626000000000000512e+01
9.621952200000000000e+09,-9.582999999999999829e+01
9.621952400000000000e+09,-9.596000000000000796e+01
9.621952600000000000e+09,-9.632999999999999829e+01
9.621952800000000000e+09,-9.667000000000000171e+01
9.621953000000000000e+09,-9.610999999999999943e+01
9.621953200000000000e+09,-9.582999999999999829e+01
9.621953400000000000e+09,-9.620000000000000284e+01
9.621953600000000000e+09,-9.587999999999999545e+01
9.621953800000000000e+09,-9.607999999999999829e+01
9.621954000000000000e+09,-9.596999999999999886e+01
9.621954200000000000e+09,-9.689000000000000057e+01
9.621954400000000000e+09,-9.593000000000000682e+01
9.621954600000000000e+09,-9.551999999999999602e+01
9.621954800000000000e+09,-9.587999999999999545e+01
9.621955000000000000e+09,-9.554999999999999716e+01
9.621955200000000000e+09,-9.603000000000000114e+01
9.621955400000000000e+09,-9.670000000000000284e+01
9.621955600000000000e+09,-9.679999999999999716e+01
9.621955800000000000e+09,-9.607000000000000739e+01
9.621956000000000000e+09,-9.565999999999999659e+01
9.621956200000000000e+09,-9.565000000000000568e+01
9.621956400000000000e+09,-9.607000000000000739e+01
9.621956600000000000e+09,-9.610999999999999943e+01
9.621956800000000000e+09,-9.601000000000000512e+01
9.621957000000000000e+09,-9.596999999999999886e+01
9.621957200000000000e+09,-9.532999999999999829e+01
9.621957400000000000e+09,-9.496000000000000796e+01
9.621957600000000000e+09,-9.473999999999999488e+01
9.621957800000000000e+09,-9.571999999999999886e+01
9.621958000000000000e+09,-9.624000000000000909e+01
9.621958200000000000e+09,-9.607999999999999829e+01
9.621958400000000000e+09,-9.604000000000000625e+01
9.621958600000000000e+09,-9.618000000000000682e+01
9.621958800000000000e+09,-9.568000000000000682e+01
9.621959000000000000e+09,-9.529000000000000625e+01
9.621959200000000000e+09,-9.554999999999999716e+01
9.621959400000000000e+09,-9.601000000000000512e+01
9.621959600000000000e+09,-9.632999999999999829e+01
9.621959800000000000e+09,-9.651000000000000512e+01
9.621960000000000000e+09,-9.674000000000000909e+01
9.621960200000000000e+09,-9.606000000000000227e+01
9.621960400000000000e+09,-9.604999999999999716e+01
9.621960600000000000e+09,-9.567000000000000171e+01
9.621960800000000000e+09,-9.653000000000000114e+01
9.621961000000000000e+09,-9.651999999999999602e+01
9.621961200000000000e+09,-9.596999999999999886e+01
9.621961400000000000e+09,-9.587999999999999545e+01
9.621961600000000000e+09,-9.607999999999999829e+01
9.621961800000000000e+09,-9.578000000000000114e+01
9.621962000000000000e+09,-9.690000000000000568e+01
9.621962200000000000e+09,-9.690000000000000568e+01
9.621962400000000000e+09,-9.587999999999999545e+01
9.621962600000000000e+09,-9.643999999999999773e+01
9.621962800000000000e+09,-9.601000000000000512e+01
9.621963000000000000e+09,-9.660000000000000853e+01
9.621963200000000000e+09,-9.625000000000000000e+01
9.621963400000000000e+09,-9.543999999999999773e+01
9.621963600000000000e+09,-9.515999999999999659e+01
9.621963800000000000e+09,-9.649000000000000909e+01
9.621964000000000000e+09,-9.553000000000000114e+01
9.621964200000000000e+09,-9.515999999999999659e+01
9.621964400000000000e+09,-9.592000000000000171e+01
9.621964600000000000e+09,-9.682999999999999829e+01
9.621964800000000000e+09,-9.628000000000000114e+01
9.621965000000000000e+09,-9.679000000000000625e+01
9.621965200000000000e+09,-9.618000000000000682e+01
9.621965400000000000e+09,-9.614000000000000057e+01
9.621965600000000000e+09,-9.618999999999999773e+01
9.621965800000000000e+09,-9.615000000000000568e+01
9.621966000000000000e+09,-9.623000000000000398e+01
9.621966200000000000e+09,-9.674000000000000909e+01
9.621966400000000000e+09,-9.620000000000000284e+01
9.621966600000000000e+09,-9.625000000000000000e+01
9.621966800000000000e+09,-9.603000000000000114e+01
9.621967000000000000e+09,-9.579000000000000625e+01
9.621967200000000000e+09,-9.596999999999999886e+01
9.621967400000000000e+09,-9.579999999999999716e+01
9.621967600000000000e+09,-9.573000000000000398e+01
9.621967800000000000e+09,-9.592000000000000171e+01
9.621968000000000000e+09,-9.640999999999999659e+01
9.621968200000000000e+09,-9.600000000000000000e+01
9.621968400000000000e+09,-9.618000000000000682e+01
9.621968600000000000e+09,-9.578000000000000114e+01
9.621968800000000000e+09,-9.665999999999999659e+01
9.621969000000000000e+09,-9.656000000000000227e+01
9.621969200000000000e+09,-9.732999999999999829e+01
9.621969400000000000e+09,-9.654999999999999716e+01
9.621969600000000000e+09,-9.625000000000000000e+01
9.621969800000000000e+09,-9.628000000000000114e+01
9.621970000000000000e+09,-9.650000000000000000e+01
9.621970200000000000e+09,-9.617000000000000171e+01
9.621970400000000000e+09,-9.720000000000000284e+01
9.621970600000000000e+09,-9.637000000000000455e+01
9.621970800000000000e+09,-9.665000000000000568e+01
9.621971000000000000e+09,-9.568000000000000682e+01
9.621971200000000000e+09,-9.556000000000000227e+01
9.621971400000000000e+09,-9.676000000000000512e+01
9.621971600000000000e+09,-9.643000000000000682e+01
9.621971800000000000e+09,-9.629999999999999716e+01
9.621972000000000000e+09,-9.671000000000000796e+01
9.621972200000000000e+09,-9.649000000000000909e+01
9.621972400000000000e+09,-9.615000000000000568e+01
9.621972600000000000e+09,-9.587999999999999545e+01
9.621972800000000000e+09,-9.529000000000000625e+01
9.621973000000000000e+09,-9.570000000000000284e+01
9.621973200000000000e+09,-9.590000000000000568e+01
9.621973400000000000e+09,-9.660999999999999943e+01
9.621973600000000000e+09,-9.637999999999999545e+01
9.621973800000000000e+09,-9.618999999999999773e+01
9.621974000000000000e+09,-9.553000000000000114e+01
9.621974200000000000e+09,-9.487999999999999545e+01
9.621974400000000000e+09,-9.506000000000000227e+01
9.621974600000000000e+09,-9.643000000000000682e+01
9.621974800000000000e+09,-9.582999999999999829e+01
9.621975000000000000e+09,-9.565000000000000568e+01
9.621975200000000000e+09,-9.587999999999999545e+01
9.621975400000000000e+09,-9.637000000000000455e+01
9.621975600000000000e+09,-9.578000000000000114e+01
9.621975800000000000e+09,-9.553000000000000114e+01
9.621976000000000000e+09,-9.548999999999999488e+01
9.621976200000000000e+09,-9.587000000000000455e+01
9.621976400000000000e+09,-9.678000000000000114e+01
9.621976600000000000e+09,-9.696999999999999886e+01
9.621976800000000000e+09,-9.674000000000000909e+01
9.621977000000000000e+09,-9.682999999999999829e+01
9.621977200000000000e+09,-9.606000000000000227e+01
9.621977400000000000e+09,-9.637999999999999545e+01
9.621977600000000000e+09,-9.590000000000000568e+01
9.621977800000000000e+09,-9.573000000000000398e+01
9.621978000000000000e+09,-9.585999999999999943e+01
9.621978200000000000e+09,-9.562999999999999545e+01
9.621978400000000000e+09,-9.525000000000000000e+01
9.621978600000000000e+09,-9.671000000000000796e+01
9.621978800000000000e+09,-9.628000000000000114e+01
9.621979000000000000e+09,-9.590999999999999659e+01
9.621979200000000000e+09,-9.621000000000000796e+01
9.621979400000000000e+09,-9.557999999999999829e+01
9.621979600000000000e+09,-9.542000000000000171e+01
9.621979800000000000e+09,-9.554999999999999716e+01
9.621980000000000000e+09,-9.607999999999999829e+01
9.621980200000000000e+09,-9.643999999999999773e+01
9.621980400000000000e+09,-9.643000000000000682e+01
9.621980600000000000e+09,-9.667000000000000171e+01
9.621980800000000000e+09,-9.629000000000000625e+01
9.621981000000000000e+09,-9.621999999999999886e+01
9.621981200000000000e+09,-9.632000000000000739e+01
9.621981400000000000e+09,-9.668999999999999773e+01
9.621981600000000000e+09,-9.523000000000000398e+01
9.621981800000000000e+09,-9.487000000000000455e+01
9.621982000000000000e+09,-9.620000000000000284e+01
9.621982200000000000e+09,-9.640000000000000568e+01
9.621982400000000000e+09,-9.704000000000000625e+01
9.621982600000000000e+09,-9.660000000000000853e+01
9.621982800000000000e+09,-9.670000000000000284e+01
9.621983000000000000e+09,-9.696000000000000796e+01
9.621983200000000000e+09,-9.695000000000000284e+01
9.621983400000000000e+09,-9.593999999999999773e+01
9.621983600000000000e+09,-9.585999999999999943e+01
9.621983800000000000e+09,-9.612000000000000455e+01
9.621984000000000000e+09,-9.654999999999999716e+01
9.621984200000000000e+09,-9.653000000000000114e+01
9.621984400000000000e+09,-9.610000000000000853e+01
9.621984600000000000e+09,-9.637999999999999545e+01
9.621984800000000000e+09,-9.565999999999999659e+01
9.621985000000000000e+09,-9.629999999999999716e+01
9.621985200000000000e+09,-9.601000000000000512e+01
9.621985400000000000e+09,-9.590000000000000568e+01
9.621985600000000000e+09,-9.681000000000000227e+01
9.621985800000000000e+09,-9.670000000000000284e+01
9.621986000000000000e+09,-9.560999999999999943e+01
9.621986200000000000e+09,-9.573000000000000398e+01
9.621986400000000000e+09,-9.612000000000000455e+01
9.621986600000000000e+09,-9.635000000000000853e+01
9.621986800000000000e+09,-9.635000000000000853e+01
9.621987000000000000e+09,-9.592000000000000171e+01
9.621987200000000000e+09,-9.637999999999999545e+01
9.621987400000000000e+09,-9.734000000000000341e+01
9.621987600000000000e+09,-9.740999999999999659e+01
9.621987800000000000e+09,-9.660000000000000853e+01
9.621988000000000000e+09,-9.562999999999999545e+01
9.621988200000000000e+09,-9.545000000000000284e+01
9.621988400000000000e+09,-9.626999999999999602e+01
9.621988600000000000e+09,-9.682999999999999829e+01
9.621988800000000000e+09,-9.624000000000000909e+01
9.621989000000000000e+09,-9.607999999999999829e+01
9.621989200000000000e+09,-9.590999999999999659e+01
9.621989400000000000e+09,-9.650000000000000000e+01
9.621989600000000000e+09,-9.701000000000000512e+01
9.621989800000000000e+09,-9.693999999999999773e+01
9.621990000000000000e+09,-9.531000000000000227e+01
9.621990200000000000e+09,-9.562000000000000455e+01
9.621990400000000000e+09,-9.551999999999999602e+01
9.621990600000000000e+09,-9.560000000000000853e+01
9.621990800000000000e+09,-9.576000000000000512e+01
9.621991000000000000e+09,-9.529999999999999716e+01
9.621991200000000000e+09,-9.529000000000000625e+01
9.621991400000000000e+09,-9.578000000000000114e+01
9.621991600000000000e+09,-9.624000000000000909e+01
9.621991800000000000e+09,-9.612000000000000455e+01
9.621992000000000000e+09,-9.643999999999999773e+01
9.621992200000000000e+09,-9.603000000000000114e+01
9.621992400000000000e+09,-9.518000000000000682e+01
9.621992600000000000e+09,-9.556000000000000227e+01
9.621992800000000000e+09,-9.515000000000000568e+01
9.621993000000000000e+09,-9.554000000000000625e+01
9.621993200000000000e+09,-9.535000000000000853e+01
9.621993400000000000e+09,-9.565000000000000568e+01
9.621993600000000000e+09,-9.595000000000000284e+01
9.621993800000000000e+09,-9.651000000000000512e+01
9.621994000000000000e+09,-9.685999999999999943e+01
9.621994200000000000e+09,-9.671000000000000796e+01
9.621994400000000000e+09,-9.595000000000000284e+01
9.621994600000000000e+09,-9.542000000000000171e+01
9.621994800000000000e+09,-9.573000000000000398e+01
9.621995000000000000e+09,-9.628000000000000114e+01
9.621995200000000000e+09,-9.653000000000000114e+01
9.621995400000000000e+09,-9.662000000000000455e+01
9.621995600000000000e+09,-9.646999999999999886e+01
9.621995800000000000e+09,-9.610000000000000853e+01
9.621996000000000000e+09,-9.640999999999999659e+01
9.621996200000000000e+09,-9.465000000000000568e+01
9.621996400000000000e+09,-9.423999999999999488e+01
9.621996600000000000e+09,-9.596999999999999886e+01
9.621996800000000000e+09,-9.532000000000000739e+01
9.621997000000000000e+09,-9.596000000000000796e+01
9.621997200000000000e+09,-9.615000000000000568e+01
9.621997400000000000e+09,-9.681000000000000227e+01
9.621997600000000000e+09,-9.675000000000000000e+01
9.621997800000000000e+09,-9.565000000000000568e+01
9.621998000000000000e+09,-9.526999999999999602e+01
9.621998200000000000e+09,-9.585999999999999943e+01
9.621998400000000000e+09,-9.640000000000000568e+01
9.621998600000000000e+09,-9.654000000000000625e+01
9.621998800000000000e+09,-9.656000000000000227e+01
9.621999000000000000e+09,-9.581000000000000227e+01
9.621999200000000000e+09,-9.456000000000000227e+01
9.621999400000000000e+09,-9.440999999999999659e+01
9.621999600000000000e+09,-9.626000000000000512e+01
9.621999800000000000e+09,-9.685999999999999943e+01
9.622000000000000000e+09,-9.628000000000000114e+01
9.622000200000000000e+09,-9.637999999999999545e+01
9.622000400000000000e+09,-9.551000000000000512e+01
9.622000600000000000e+09,-9.568999999999999773e+01
9.622000800000000000e+09,-9.554999999999999716e+01
9.622001000000000000e+09,-9.501999999999999602e+01
9.622001200000000000e+09,-9.637999999999999545e+01
9.622001400000000000e+09,-9.560000000000000853e+01
9.622001600000000000e+09,-9.571999999999999886e+01
9.622001800000000000e+09,-9.587000000000000455e+01
9.622002000000000000e+09,-9.659000000000000341e+01
9.622002200000000000e+09,-9.628000000000000114e+01
9.622002400000000000e+09,-9.668000000000000682e+01
9.622002600000000000e+09,-9.632000000000000739e+01
9.622002800000000000e+09,-9.704000000000000625e+01
9.622003000000000000e+09,-9.634000000000000341e+01
9.622003200000000000e+09,-9.545000000000000284e+01
9.622003400000000000e+09,-9.621000000000000796e+01
9.622003600000000000e+09,-9.634000000000000341e+01
9.622003800000000000e+09,-9.606000000000000227e+01
9.622004000000000000e+09,-9.654999999999999716e+01
9.622004200000000000e+09,-9.585000000000000853e+01
9.622004400000000000e+09,-9.579000000000000625e+01
9.622004600000000000e+09,-9.604999999999999716e+01
9.622004800000000000e+09,-9.612999999999999545e+01
9.622005000000000000e+09,-9.592000000000000171e+01
9.622005200000000000e+09,-9.548000000000000398e+01
9.622005400000000000e+09,-9.570000000000000284e+01
9.622005600000000000e+09,-9.640999999999999659e+01
9.622005800000000000e+09,-9.593000000000000682e+01
9.622006000000000000e+09,-9.596000000000000796e+01
9.622006200000000000e+09,-9.556000000000000227e+01
9.622006400000000000e+09,-9.612999999999999545e+01
9.622006600000000000e+09,-9.662000000000000455e+01
9.622006800000000000e+09,-9.640999999999999659e+01
9.622007000000000000e+09,-9.582999999999999829e+01
9.622007200000000000e+09,-9.539000000000000057e+01
9.622007400000000000e+09,-9.326000000000000512e+01
9.622007600000000000e+09,-9.079000000000000625e+01
9.622007800000000000e+09,-8.876000000000000512e+01
9.622008000000000000e+09,-8.651000000000000512e+01
9.622008200000000000e+09,-8.396000000000000796e+01
9.622008400000000000e+09,-8.209000000000000341e+01
9.622008600000000000e+09,-8.079999999999999716e+01
9.622008800000000000e+09,-8.053000000000000114e+01
9.622009000000000000e+09,-8.035000000000000853e+01
9.622009200000000000e+09,-8.154000000000000625e+01
9.622009400000000000e+09,-8.254000000000000625e+01
9.622009600000000000e+09,-8.442000000000000171e+01
9.622009800000000000e+09,-8.726000000000000512e+01
9.622010000000000000e+09,-8.989000000000000057e+01
9.622010200000000000e+09,-9.320000000000000284e+01
9.622010400000000000e+09,-9.435000000000000853e+01
9.622010600000000000e+09,-9.576999999999999602e+01
9.622010800000000000e+09,-9.603000000000000114e+01
9.622011000000000000e+09,-9.623000000000000398e+01
9.622011200000000000e+09,-9.601000000000000512e+01
9.622011400000000000e+09,-9.587999999999999545e+01
9.622011600000000000e+09,-9.562000000000000455e+01
9.622011800000000000e+09,-9.592000000000000171e+01
9.622012000000000000e+09,-9.642000000000000171e+01
9.622012200000000000e+09,-9.601000000000000512e+01
9.622012400000000000e+09,-9.632000000000000739e+01
9.622012600000000000e+09,-9.607999999999999829e+01
9.622012800000000000e+09,-9.653000000000000114e+01
9.622013000000000000e+09,-9.724000000000000909e+01
9.622013200000000000e+09,-9.690000000000000568e+01
9.622013400000000000e+09,-9.534000000000000341e+01
9.622013600000000000e+09,-9.610000000000000853e+01
9.622013800000000000e+09,-9.676000000000000512e+01
9.622014000000000000e+09,-9.621999999999999886e+01
9.622014200000000000e+09,-9.657000000000000739e+01
9.622014400000000000e+09,-9.671000000000000796e+01
9.622014600000000000e+09,-9.635999999999999943e+01
9.622014800000000000e+09,-9.584000000000000341e+01
9.622015000000000000e+09,-9.595000000000000284e+01
9.622015200000000000e+09,-9.653000000000000114e+01
9.622015400000000000e+09,-9.592000000000000171e+01
9.622015600000000000e+09,-9.653000000000000114e+01
9.622015800000000000e+09,-9.674000000000000909e+01
9.622016000000000000e+09,-9.651000000000000512e+01
9.622016200000000000e+09,-9.560000000000000853e+01
9.622016400000000000e+09,-9.518999999999999773e+01
9.622016600000000000e+09,-9.525000000000000000e+01
9.622016800000000000e+09,-9.606000000000000227e+01
9.622017000000000000e+09,-9.615000000000000568e+01
9.622017200000000000e+09,-9.599000000000000909e+01
9.622017400000000000e+09,-9.604999999999999716e+01
9.622017600000000000e+09,-9.589000000000000057e+01
9.622017800000000000e+09,-9.610999999999999943e+01
9.622018000000000000e+09,-9.598000000000000398e+01
9.622018200000000000e+09,-9.559000000000000341e+01
9.622018400000000000e+09,-9.573000000000000398e+01
9.622018600000000000e+09,-9.579000000000000625e+01
9.622018800000000000e+09,-9.570000000000000284e+01
9.622019000000000000e+09,-9.665000000000000568e+01
9.622019200000000000e+09,-9.612000000000000455e+01
9.622019400000000000e+09,-9.625000000000000000e+01
9.622019600000000000e+09,-9.557000000000000739e+01
9.622019800000000000e+09,-9.532999999999999829e+01
9.622020000000000000e+09,-9.657999999999999829e+01
9.622020200000000000e+09,-9.687000000000000455e+01
9.622020400000000000e+09,-9.725000000000000000e+01
9.622020600000000000e+09,-9.693000000000000682e+01
9.622020800000000000e+09,-9.662999999999999545e+01
9.622021000000000000e+09,-9.568000000000000682e+01
9.622021200000000000e+09,-9.537999999999999545e+01
9.622021400000000000e+09,-9.629000000000000625e+01
9.622021600000000000e+09,-9.551000000000000512e+01
9.622021800000000000e+09,-9.612000000000000455e+01
9.622022000000000000e+09,-9.543000000000000682e+01
9.622022200000000000e+09,-9.501000000000000512e+01
9.622022400000000000e+09,-9.489000000000000057e+01
9.622022600000000000e+09,-9.587000000000000455e+01
9.622022800000000000e+09,-9.548000000000000398e+01
9.622023000000000000e+09,-9.610000000000000853e+01
9.622023200000000000e+09,-9.629999999999999716e+01
9.622023400000000000e+09,-9.654999999999999716e+01
9.622023600000000000e+09,-9.671000000000000796e+01
9.622023800000000000e+09,-9.592000000000000171e+01
9.622024000000000000e+09,-9.568999999999999773e+01
9.622024200000000000e+09,-9.529000000000000625e+01
9.622024400000000000e+09,-9.537999999999999545e+01
9.622024600000000000e+09,-9.553000000000000114e+01
9.622024800000000000e+09,-9.606000000000000227e+01
9.622025000000000000e+09,-9.556000000000000227e+01
9.622025200000000000e+09,-9.581000000000000227e+01
9.622025400000000000e+09,-9.585000000000000853e+01
9.622025600000000000e+09,-9.696999999999999886e+01
9.622025800000000000e+09,-9.750000000000000000e+01
9.622026000000000000e+09,-9.707000000000000739e+01
9.622026200000000000e+09,-9.645000000000000284e+01
9.622026400000000000e+09,-9.671000000000000796e+01
9.622026600000000000e+09,-9.651000000000000512e+01
9.622026800000000000e+09,-9.601000000000000512e+01
9.622027000000000000e+09,-9.623000000000000398e+01
9.622027200000000000e+09,-9.587000000000000455e+01
9.622027400000000000e+09,-9.493999999999999773e+01
9.622027600000000000e+09,-9.614000000000000057e+01
9.622027800000000000e+09,-9.575000000000000000e+01
9.622028000000000000e+09,-9.637000000000000455e+01
9.622028200000000000e+09,-9.678000000000000114e+01
9.622028400000000000e+09,-9.721999999999999886e+01
9.622028600000000000e+09,-9.660000000000000853e+01
9.622028800000000000e+09,-9.578000000000000114e+01
9.622029000000000000e+09,-9.601999999999999602e+01
9.622029200000000000e+09,-9.637999999999999545e+01
9.622029400000000000e+09,-9.584000000000000341e+01
9.622029600000000000e+09,-9.582000000000000739e+01
9.622029800000000000e+09,-9.601000000000000512e+01
9.622030000000000000e+09,-9.629000000000000625e+01
9.622030200000000000e+09,-9.599000000000000909e+01
9.622030400000000000e+09,-9.565999999999999659e+01
9.622030600000000000e+09,-9.643000000000000682e+01
9.622030800000000000e+09,-9.590000000000000568e+01
9.622031000000000000e+09,-9.578000000000000114e+01
9.622031200000000000e+09,-9.615000000000000568e+01
9.622031400000000000e+09,-9.532000000000000739e+01
9.622031600000000000e+09,-9.617000000000000171e+01
9.622031800000000000e+09,-9.737999999999999545e+01
9.622032000000000000e+09,-9.624000000000000909e+01
9.622032200000000000e+09,-9.626999999999999602e+01
9.622032400000000000e+09,-9.589000000000000057e+01
9.622032600000000000e+09,-9.665000000000000568e+01
9.622032800000000000e+09,-9.662999999999999545e+01
9.622033000000000000e+09,-9.635999999999999943e+01
9.622033200000000000e+09,-9.635999999999999943e+01
9.622033400000000000e+09,-9.615000000000000568e+01
9.622033600000000000e+09,-9.660000000000000853e+01
9.622033800000000000e+09,-9.651000000000000512e+01
9.622034000000000000e+09,-9.640000000000000568e+01
9.622034200000000000e+09,-9.668000000000000682e+01
9.622034400000000000e+09,-9.610000000000000853e+01
9.622034600000000000e+09,-9.578000000000000114e+01
9.622034800000000000e+09,-9.593999999999999773e+01
9.622035000000000000e+09,-9.548000000000000398e+01
9.622035200000000000e+09,-9.646999999999999886e+01
9.622035400000000000e+09,-9.548000000000000398e+01
9.622035600000000000e+09,-9.593999999999999773e+01
9.622035800000000000e+09,-9.610999999999999943e+01
9.622036000000000000e+09,-9.629000000000000625e+01
9.622036200000000000e+09,-9.621999999999999886e+01
9.622036400000000000e+09,-9.646999999999999886e+01
9.622036600000000000e+09,-9.554000000000000625e+01
9.622036800000000000e+09,-9.581000000000000227e+01
9.622037000000000000e+09,-9.682999999999999829e+01
9.622037200000000000e+09,-9.624000000000000909e+01
9.622037400000000000e+09,-9.624000000000000909e+01
9.622037600000000000e+09,-9.618999999999999773e+01
9.622037800000000000e+09,-9.607999999999999829e+01
9.622038000000000000e+09,-9.618000000000000682e+01
9.622038200000000000e+09,-9.587999999999999545e+01
9.622038400000000000e+09,-9.601999999999999602e+01
9.622038600000000000e+09,-9.590999999999999659e+01
9.622038800000000000e+09,-9.531000000000000227e+01
9.622039000000000000e+09,-9.537000000000000455e+01
9.622039200000000000e+09,-9.529000000000000625e+01
9.622039400000000000e+09,-9.667000000000000171e+01
9.622039600000000000e+09,-9.726000000000000512e+01
9.622039800000000000e+09,-9.667000000000000171e+01
9.622040000000000000e+09,-9.632000000000000739e+01
9.622040200000000000e+09,-9.640999999999999659e+01
9.622040400000000000e+09,-9.610000000000000853e+01
9.622040600000000000e+09,-9.575000000000000000e+01
9.622040800000000000e+09,-9.587000000000000455e+01
9.622041000000000000e+09,-9.646999999999999886e+01
9.622041200000000000e+09,-9.482999999999999829e+01
9.622041400000000000e+09,-9.498999999999999488e+01
9.622041600000000000e+09,-9.599000000000000909e+01
9.622041800000000000e+09,-9.545000000000000284e+01
9.622042000000000000e+09,-9.615999999999999659e+01
9.622042200000000000e+09,-9.601000000000000512e+01
9.622042400000000000e+09,-9.679000000000000625e+01
9.622042600000000000e+09,-9.612999999999999545e+01
9.622042800000000000e+09,-9.640999999999999659e+01
9.622043000000000000e+09,-9.640999999999999659e+01
9.622043200000000000e+09,-9.607999999999999829e+01
9.622043400000000000e+09,-9.543999999999999773e+01
9.622043600000000000e+09,-9.535000000000000853e+01
9.622043800000000000e+09,-9.626999999999999602e+01
9.622044000000000000e+09,-9.643999999999999773e+01
9.622044200000000000e+09,-9.632999999999999829e+01
9.622044400000000000e+09,-9.662000000000000455e+01
9.622044600000000000e+09,-9.682000000000000739e+01
9.622044800000000000e+09,-9.651000000000000512e+01
9.622045000000000000e+09,-9.626000000000000512e+01
9.622045200000000000e+09,-9.649000000000000909e+01
9.622045400000000000e+09,-9.665999999999999659e+01
9.622045600000000000e+09,-9.649000000000000909e+01
9.622045800000000000e+09,-9.582999999999999829e+01
9.622046000000000000e+09,-9.579999999999999716e+01
9.622046200000000000e+09,-9.592000000000000171e+01
9.622046400000000000e+09,-9.512999999999999545e+01
9.622046600000000000e+09,-9.606000000000000227e+01
9.622046800000000000e+09,-9.595000000000000284e+01
9.622047000000000000e+09,-9.642000000000000171e+01
9.622047200000000000e+09,-9.707000000000000739e+01
9.622047400000000000e+09,-9.684000000000000341e+01
9.622047600000000000e+09,-9.603000000000000114e+01
9.622047800000000000e+09,-9.470000000000000284e+01
9.622048000000000000e+09,-9.470000000000000284e+01
9.622048200000000000e+09,-9.600000000000000000e+01
9.622048400000000000e+09,-9.664000000000000057e+01
9.622048600000000000e+09,-9.592000000000000171e+01
9.622048800000000000e+09,-9.554999999999999716e+01
9.622049000000000000e+09,-9.596999999999999886e+01
9.622049200000000000e+09,-9.599000000000000909e+01
9.622049400000000000e+09,-9.606000000000000227e+01
9.622049600000000000e+09,-9.585999999999999943e+01
9.622049800000000000e+09,-9.592000000000000171e+01
9.622050000000000000e+09,-9.620000000000000284e+01
1.075395000000000000e+10,-9.925000000000000000e+01
1.075395020000000000e+10,-9.890000000000000568e+01
1.075395040000000000e+10,-9.929999999999999716e+01
1.075395060000000000e+10,-9.893000000000000682e+01
1.075395080000000000e+10,-9.887999999999999545e+01
1.075395100000000000e+10,-9.959000000000000341e+01
1.075395120000000000e+10,-9.971000000000000796e+01
1.075395140000000000e+10,-9.903000000000000114e+01
1.075395160000000000e+10,-9.834000000000000341e+01
1.075395180000000000e+10,-9.795000000000000284e+01
1.075395200000000000e+10,-9.881000000000000227e+01
1.075395220000000000e+10,-9.832999999999999829e+01
1.075395240000000000e+10,-9.907999999999999829e+01
1.075395260000000000e+10,-9.896000000000000796e+01
1.075395280000000000e+10,-9.851999999999999602e+01
1.075395300000000000e+10,-9.884000000000000341e+01
1.075395320000000000e+10,-9.962000000000000455e+01
1.075395340000000000e+10,-9.929000000000000625e+01
1.075395360000000000e+10,-9.940000000000000568e+01
1.075395380000000000e+10,-9.862999999999999545e+01
1.075395400000000000e+10,-9.857000000000000739e+01
1.075395420000000000e+10,-9.949000000000000909e+01
1.075395440000000000e+10,-9.970000000000000284e+01
1.075395460000000000e+10,-9.915000000000000568e+01
1.075395480000000000e+10,-9.845000000000000284e+01
1.075395500000000000e+10,-9.879000000000000625e+01
1.075395520000000000e+10,-9.843000000000000682e+01
1.075395540000000000e+10,-9.851999999999999602e+01
1.075395560000000000e+10,-9.871000000000000796e+01
1.075395580000000000e+10,-9.868999999999999773e+01
1.075395600000000000e+10,-9.937999999999999545e+01
1.075395620000000000e+10,-9.945000000000000284e+01
1.075395640000000000e+10,-9.962999999999999545e+01
1.075395660000000000e+10,-9.950000000000000000e+01
1.075395680000000000e+10,-9.951999999999999602e+01
1.075395700000000000e+10,-9.982999999999999829e+01
1.075395720000000000e+10,-1.006800000000000068e+02
1.075395740000000000e+10,-1.003100000000000023e+02
1.075395760000000000e+10,-9.960000000000000853e+01
1.075395780000000000e+10,-9.921000000000000796e+01
1.075395800000000000e+10,-9.937999999999999545e+01
1.075395820000000000e+10,-9.898000000000000398e+01
1.075395840000000000e+10,-9.918999999999999773e+01
1.075395860000000000e+10,-9.912999999999999545e+01
1.075395880000000000e+10,-9.837999999999999545e+01
1.075395900000000000e+10,-9.892000000000000171e+01
1.075395920000000000e+10,-9.898000000000000398e+01
1.075395940000000000e+10,-9.885000000000000853e+01
1.075395960000000000e+10,-9.925000000000000000e+01
1.075395980000000000e+10,-9.871999999999999886e+01
1.075396000000000000e+10,-9.951999999999999602e+01
1.075396020000000000e+10,-9.946000000000000796e+01
1.075396040000000000e+10,-9.904000000000000625e+01
1.075396060000000000e+10,-9.876999999999999602e+01
1.075396080000000000e+10,-9.995000000000000284e+01
1.075396100000000000e+10,-9.990000000000000568e+01
1.075396120000000000e+10,-9.951999999999999602e+01
1.075396140000000000e+10,-9.943000000000000682e+01
1.075396160000000000e+10,-9.982999999999999829e+01
1.075396180000000000e+10,-9.942000000000000171e+01
1.075396200000000000e+10,-9.801000000000000512e+01
1.075396220000000000e+10,-9.815000000000000568e+01
1.075396240000000000e+10,-9.889000000000000057e+01
1.075396260000000000e+10,-9.839000000000000057e+01
1.075396280000000000e+10,-9.832999999999999829e+01
1.075396300000000000e+10,-9.945000000000000284e+01
1.075396320000000000e+10,-9.879999999999999716e+01
1.075396340000000000e+10,-9.871000000000000796e+01
1.075396360000000000e+10,-9.890999999999999659e+01
1.075396380000000000e+10,-9.929999999999999716e+01
1.075396400000000000e+10,-9.970000000000000284e+01
1.075396420000000000e+10,-9.873000000000000398e+01
1.075396440000000000e+10,-9.884000000000000341e+01
1.075396460000000000e+10,-9.940000000000000568e+01
1.075396480000000000e+10,-9.974000000000000909e+01
1.075396500000000000e+10,-9.910999999999999943e+01
1.075396520000000000e+10,-9.876999999999999602e+01
1.075396540000000000e+10,-9.985000000000000853e+01
1.075396560000000000e+10,-9.946000000000000796e+01
1.075396580000000000e+10,-9.992000000000000171e+01
1.075396600000000000e+10,-9.948000000000000398e+01
1.075396620000000000e+10,-9.921000000000000796e+01
1.075396640000000000e+10,-9.935000000000000853e+01
1.075396660000000000e+10,-9.903000000000000114e+01
1.075396680000000000e+10,-9.878000000000000114e+01
1.075396700000000000e+10,-9.839000000000000057e+01
1.075396720000000000e+10,-9.840999999999999659e+01
1.075396740000000000e+10,-9.932999999999999829e+01
1.075396760000000000e+10,-9.951999999999999602e+01
1.075396780000000000e+10,-9.957999999999999829e+01
1.075396800000000000e+10,-9.889000000000000057e+01
1.075396820000000000e+10,-9.882000000000000739e+01
1.075396840000000000e+10,-9.857000000000000739e+01
1.075396860000000000e+10,-9.849000000000000909e+01
1.075396880000000000e+10,-9.810999999999999943e+01
1.075396900000000000e+10,-9.918000000000000682e+01
1.075396920000000000e+10,-9.910999999999999943e+01
1.075396940000000000e+10,-9.890999999999999659e+01
1.075396960000000000e+10,-9.909000000000000341e+01
1.075396980000000000e+10,-9.915999999999999659e+01
1.075397000000000000e+10,-9.903000000000000114e+01
1.075397020000000000e+10,-9.801999999999999602e+01
1.075397040000000000e+10,-9.762000000000000455e+01
1.075397060000000000e+10,-9.910999999999999943e+01
1.075397080000000000e+10,-9.881000000000000227e+01
1.075397100000000000e+10,-9.939000000000000057e+01
1.075397120000000000e+10,-9.965000000000000568e+01
1.075397140000000000e+10,-9.837000000000000455e+01
1.075397160000000000e+10,-9.921999999999999886e+01
1.075397180000000000e+10,-9.918000000000000682e+01
1.075397200000000000e+10,-9.921999999999999886e+01
1.075397220000000000e+10,-9.857000000000000739e+01
1.075397240000000000e+10,-9.862999999999999545e+01
1.075397260000000000e+10,-9.942000000000000171e+01
1.075397280000000000e+10,-9.928000000000000114e+01
1.075397300000000000e+10,-9.921999999999999886e+01
1.075397320000000000e+10,-9.867000000000000171e+01
1.075397340000000000e+10,-9.948000000000000398e+01
1.075397360000000000e+10,-9.907000000000000739e+01
1.075397380000000000e+10,-9.835999999999999943e+01
1.075397400000000000e+10,-9.948000000000000398e+01
1.075397420000000000e+10,-9.948000000000000398e+01
1.075397440000000000e+10,-9.910999999999999943e+01
1.075397460000000000e+10,-9.960999999999999943e+01
1.075397480000000000e+10,-9.874000000000000909e+01
1.075397500000000000e+10,-9.889000000000000057e+01
1.075397520000000000e+10,-9.954000000000000625e+01
1.075397540000000000e+10,-9.915999999999999659e+01
1.075397560000000000e+10,-9.954999999999999716e+01
1.075397580000000000e+10,-9.942000000000000171e+01
1.075397600000000000e+10,-9.915999999999999659e+01
1.075397620000000000e+10,-9.826999999999999602e+01
1.075397640000000000e+10,-9.884000000000000341e+01
1.075397660000000000e+10,-9.859000000000000341e+01
1.075397680000000000e+10,-9.918000000000000682e+01
1.075397700000000000e+10,-9.907000000000000739e+01
1.075397720000000000e+10,-9.904999999999999716e+01
1.075397740000000000e+10,-9.901000000000000512e+01
1.075397760000000000e+10,-9.921999999999999886e+01
1.075397780000000000e+10,-9.896000000000000796e+01
1.075397800000000000e+10,-9.857000000000000739e+01
1.075397820000000000e+10,-9.898000000000000398e+01
1.075397840000000000e+10,-9.918000000000000682e+01
1.075397860000000000e+10,-9.851000000000000512e+01
1.075397880000000000e+10,-9.885999999999999943e+01
1.075397900000000000e+10,-9.903000000000000114e+01
1.075397920000000000e+10,-9.920000000000000284e+01
1.075397940000000000e+10,-9.882999999999999829e+01
1.075397960000000000e+10,-9.878000000000000114e+01
1.075397980000000000e+10,-9.881000000000000227e+01
1.075398000000000000e+10,-9.845000000000000284e+01
1.075398020000000000e+10,-9.846000000000000796e+01
1.075398040000000000e+10,-9.776999999999999602e+01
1.075398060000000000e+10,-9.801000000000000512e+01
1.075398080000000000e+10,-9.810999999999999943e+01
1.075398100000000000e+10,-9.835000000000000853e+01
1.075398120000000000e+10,-9.879999999999999716e+01
1.075398140000000000e+10,-9.917000000000000171e+01
1.075398160000000000e+10,-9.979000000000000625e+01
1.075398180000000000e+10,-9.989000000000000057e+01
1.075398200000000000e+10,-9.918999999999999773e+01
1.075398220000000000e+10,-9.932999999999999829e+01
1.075398240000000000e+10,-9.901999999999999602e+01
1.075398260000000000e+10,-9.862999999999999545e+01
1.075398280000000000e+10,-9.860999999999999943e+01
1.075398300000000000e+10,-9.921000000000000796e+01
1.075398320000000000e+10,-9.943000000000000682e+01
1.075398340000000000e+10,-9.925000000000000000e+01
1.075398360000000000e+10,-9.940000000000000568e+01
1.075398380000000000e+10,-9.937999999999999545e+01
1.075398400000000000e+10,-9.906000000000000227e+01
1.075398420000000000e+10,-9.870000000000000284e+01
1.075398440000000000e+10,-9.901999999999999602e+01
1.075398460000000000e+10,-9.929999999999999716e+01
1.075398480000000000e+10,-9.957000000000000739e+01
1.075398500000000000e+10,-9.892000000000000171e+01
1.075398520000000000e+10,-9.885999999999999943e+01
1.075398540000000000e+10,-9.860000000000000853e+01
1.075398560000000000e+10,-9.946000000000000796e+01
1.075398580000000000e+10,-9.925000000000000000e+01
1.075398600000000000e+10,-9.824000000000000909e+01
1.075398620000000000e+10,-9.785000000000000853e+01
1.075398640000000000e+10,-9.893000000000000682e+01
1.075398660000000000e+10,-9.901999999999999602e+01
1.075398680000000000e+10,-9.909000000000000341e+01
1.075398700000000000e+10,-9.912000000000000455e+01
1.075398720000000000e+10,-9.907999999999999829e+01
1.075398740000000000e+10,-9.879999999999999716e+01
1.075398760000000000e+10,-9.964000000000000057e+01
1.075398780000000000e+10,-9.898000000000000398e+01
1.075398800000000000e+10,-9.871000000000000796e+01
1.075398820000000000e+10,-9.843000000000000682e+01
1.075398840000000000e+10,-9.924000000000000909e+01
1.075398860000000000e+10,-9.912000000000000455e+01
1.075398880000000000e+10,-9.925000000000000000e+01
1.075398900000000000e+10,-9.937999999999999545e+01
1.075398920000000000e+10,-9.935000000000000853e+01
1.075398940000000000e+10,-9.957000000000000739e+01
1.075398960000000000e+10,-9.973000000000000398e+01
1.075398980000000000e+10,-9.975000000000000000e+01
1.075399000000000000e+10,-9.971000000000000796e+01
1.075399020000000000e+10,-9.926999999999999602e+01
1.075399040000000000e+10,-9.975000000000000000e+01
1.075399060000000000e+10,-1.001400000000000006e+02
1.075399080000000000e+10,-9.987000000000000455e+01
1.075399100000000000e+10,-9.889000000000000057e+01
1.075399120000000000e+10,-9.843000000000000682e+01
1.075399140000000000e+10,-9.825000000000000000e+01
1.075399160000000000e+10,-9.884000000000000341e+01
1.075399180000000000e+10,-9.937999999999999545e+01
1.075399200000000000e+10,-9.809000000000000341e+01
1.075399220000000000e+10,-9.859000000000000341e+01
1.075399240000000000e+10,-9.924000000000000909e+01
1.075399260000000000e+10,-9.906000000000000227e+01
1.075399280000000000e+10,-9.932000000000000739e+01
1.075399300000000000e+10,-9.912000000000000455e+01
1.075399320000000000e+10,-1.002699999999999960e+02
1.075399340000000000e+10,-1.000700000000000074e+02
1.075399360000000000e+10,-9.907999999999999829e+01
1.075399380000000000e+10,-9.912000000000000455e+01
1.075399400000000000e+10,-9.926999999999999602e+01
1.075399420000000000e+10,-9.964000000000000057e+01
1.075399440000000000e+10,-9.964000000000000057e+01
1.075399460000000000e+10,-9.860000000000000853e+01
1.075399480000000000e+10,-9.821000000000000796e+01
1.075399500000000000e+10,-9.812999999999999545e+01
1.075399520000000000e+10,-9.848000000000000398e+01
1.075399540000000000e+10,-9.850000000000000000e+01
1.075399560000000000e+10,-9.837999999999999545e+01
1.075399580000000000e+10,-9.885999999999999943e+01
1.075399600000000000e+10,-9.957999999999999829e+01
1.075399620000000000e+10,-9.987999999999999545e+01
1.075399640000000000e+10,-1.000700000000000074e+02
1.075399660000000000e+10,-9.967000000000000171e+01
1.075399680000000000e+10,-9.993000000000000682e+01
1.075399700000000000e+10,-9.921999999999999886e+01
1.075399720000000000e+10,-9.940000000000000568e+01
1.075399740000000000e+10,-9.884000000000000341e+01
1.075399760000000000e+10,-9.796999999999999886e+01
1.075399780000000000e+10,-9.801999999999999602e+01
1.075399800000000000e+10,-9.914000000000000057e+01
1.075399820000000000e+10,-9.970000000000000284e+01
1.075399840000000000e+10,-9.965999999999999659e+01
1.075399860000000000e+10,-9.948000000000000398e+01
1.075399880000000000e+10,-9.948000000000000398e+01
1.075399900000000000e+10,-9.942000000000000171e+01
1.075399920000000000e+10,-9.901999999999999602e+01
1.075399940000000000e+10,-9.924000000000000909e+01
1.075399960000000000e+10,-9.899000000000000909e+01
1.075399980000000000e+10,-9.928000000000000114e+01
1.075400000000000000e+10,-9.887999999999999545e+01
1.075400020000000000e+10,-9.857999999999999829e+01
1.075400040000000000e+10,-9.901999999999999602e+01
1.075400060000000000e+10,-9.889000000000000057e+01
1.075400080000000000e+10,-9.862999999999999545e+01
1.075400100000000000e+10,-9.885999999999999943e+01
1.075400120000000000e+10,-9.893000000000000682e+01
1.075400140000000000e+10,-9.943000000000000682e+01
1.075400160000000000e+10,-9.893999999999999773e+01
1.075400180000000000e+10,-9.865999999999999659e+01
1.075400200000000000e+10,-9.892000000000000171e+01
1.075400220000000000e+10,-9.957999999999999829e+01
1.075400240000000000e+10,-9.909000000000000341e+01
1.075400260000000000e+10,-9.929999999999999716e+01
1.075400280000000000e+10,-9.890999999999999659e+01
1.075400300000000000e+10,-1.000499999999999972e+02
1.075400320000000000e+10,-9.901999999999999602e+01
1.075400340000000000e+10,-9.857999999999999829e+01
1.075400360000000000e+10,-9.881000000000000227e+01
1.075400380000000000e+10,-9.885000000000000853e+01
1.075400400000000000e+10,-9.968000000000000682e+01
1.075400420000000000e+10,-9.976000000000000512e+01
1.075400440000000000e+10,-1.000199999999999960e+02
1.075400460000000000e+10,-9.996000000000000796e+01
1.075400480000000000e+10,-9.871999999999999886e+01
1.075400500000000000e+10,-9.832000000000000739e+01
1.075400520000000000e+10,-9.846000000000000796e+01
1.075400540000000000e+10,-9.876999999999999602e+01
1.075400560000000000e+10,-9.892000000000000171e+01
1.075400580000000000e+10,-9.939000000000000057e+01
1.075400600000000000e+10,-9.875000000000000000e+01
1.075400620000000000e+10,-9.825000000000000000e+01
1.075400640000000000e+10,-9.879999999999999716e+01
1.075400660000000000e+10,-9.954999999999999716e+01
1.075400680000000000e+10,-9.904999999999999716e+01
1.075400700000000000e+10,-9.862999999999999545e+01
1.075400720000000000e+10,-9.868999999999999773e+01
1.075400740000000000e+10,-9.854000000000000625e+01
1.075400760000000000e+10,-9.887000000000000455e+01
1.075400780000000000e+10,-9.776000000000000512e+01
1.075400800000000000e+10,-9.657000000000000739e+01
1.075400820000000000e+10,-9.465000000000000568e+01
1.075400840000000000e+10,-9.218999999999999773e+01
1.075400860000000000e+10,-8.840999999999999659e+01
1.075400880000000000e+10,-8.634000000000000341e+01
1.075400900000000000e+10,-8.389000000000000057e+01
1.075400920000000000e+10,-8.307999999999999829e+01
1.075400940000000000e+10,-8.265999999999999659e+01
1.075400960000000000e+10,-8.223999999999999488e+01
1.075400980000000000e+10,-8.231000000000000227e+01
1.075401000000000000e+10,-8.375000000000000000e+01
1.075401020000000000e+10,-8.560999999999999943e+01
1.075401040000000000e+10,-8.762000000000000455e+01
1.075401060000000000e+10,-9.076000000000000512e+01
1.075401080000000000e+10,-9.373999999999999488e+01
1.075401100000000000e+10,-9.670000000000000284e+01
1.075401120000000000e+10,-9.735000000000000853e+01
1.075401140000000000e+10,-9.862999999999999545e+01
1.075401160000000000e+10,-9.871999999999999886e+01
1.075401180000000000e+10,-9.760000000000000853e+01
1.075401200000000000e+10,-9.837000000000000455e+01
1.075401220000000000e+10,-9.820000000000000284e+01
1.075401240000000000e+10,-9.779000000000000625e+01
1.075401260000000000e+10,-9.831000000000000227e+01
1.075401280000000000e+10,-9.928000000000000114e+01
1.075401300000000000e+10,-9.931000000000000227e+01
1.075401320000000000e+10,-9.915999999999999659e+01
1.075401340000000000e+10,-1.002400000000000091e+02
1.075401360000000000e+10,-9.960999999999999943e+01
1.075401380000000000e+10,-9.885000000000000853e+01
1.075401400000000000e+10,-9.909000000000000341e+01
1.075401420000000000e+10,-9.865999999999999659e+01
1.075401440000000000e+10,-9.871000000000000796e+01
1.075401460000000000e+10,-9.832999999999999829e+01
1.075401480000000000e+10,-9.865999999999999659e+01
1.075401500000000000e+10,-9.867000000000000171e+01
1.075401520000000000e+10,-9.853000000000000114e+01
1.075401540000000000e+10,-9.920000000000000284e+01
1.075401560000000000e+10,-9.935999999999999943e+01
1.075401580000000000e+10,-9.915000000000000568e+01
1.075401600000000000e+10,-9.912000000000000455e+01
1.075401620000000000e+10,-9.850000000000000000e+01
1.075401640000000000e+10,-9.871000000000000796e+01
1.075401660000000000e+10,-9.925000000000000000e+01
1.075401680000000000e+10,-9.940999999999999659e+01
1.075401700000000000e+10,-9.943000000000000682e+01
1.075401720000000000e+10,-9.921000000000000796e+01
1.075401740000000000e+10,-9.929999999999999716e+01
1.075401760000000000e+10,-9.876000000000000512e+01
1.075401780000000000e+10,-9.856000000000000227e+01
1.075401800000000000e+10,-9.887999999999999545e+01
1.075401820000000000e+10,-9.882999999999999829e+01
1.075401840000000000e+10,-9.890999999999999659e+01
1.075401860000000000e+10,-9.860999999999999943e+01
1.075401880000000000e+10,-9.854999999999999716e+01
1.075401900000000000e+10,-9.878000000000000114e+01
1.075401920000000000e+10,-9.918000000000000682e+01
1.075401940000000000e+10,-9.845000000000000284e+01
1.075401960000000000e+10,-9.818000000000000682e+01
1.075401980000000000e+10,-9.921999999999999886e+01
1.075402000000000000e+10,-9.901000000000000512e+01
1.075402020000000000e+10,-9.850000000000000000e+01
1.075402040000000000e+10,-9.924000000000000909e+01
1.075402060000000000e+10,-9.935999999999999943e+01
1.075402080000000000e+10,-9.887999999999999545e+01
1.075402100000000000e+10,-9.876999999999999602e+01
1.075402120000000000e+10,-9.901999999999999602e+01
1.075402140000000000e+10,-9.851999999999999602e+01
1.075402160000000000e+10,-9.775000000000000000e+01
1.075402180000000000e+10,-9.839000000000000057e+01
1.075402200000000000e+10,-9.928000000000000114e+01
1.075402220000000000e+10,-9.937000000000000455e+01
1.075402240000000000e+10,-9.928000000000000114e+01
1.075402260000000000e+10,-9.954999999999999716e+01
1.075402280000000000e+10,-1.000799999999999983e+02
1.075402300000000000e+10,-9.953000000000000114e+01
1.075402320000000000e+10,-9.948000000000000398e+01
1.075402340000000000e+10,-9.975000000000000000e+01
1.075402360000000000e+10,-9.848000000000000398e+01
1.075402380000000000e+10,-9.865999999999999659e+01
1.075402400000000000e+10,-9.942000000000000171e+01
1.075402420000000000e+10,-9.925000000000000000e+01
1.075402440000000000e+10,-9.928000000000000114e+01
1.075402460000000000e+10,-9.906000000000000227e+01
1.075402480000000000e+10,-9.898000000000000398e+01
1.075402500000000000e+10,-9.826000000000000512e+01
1.075402520000000000e+10,-9.860000000000000853e+01
1.075402540000000000e+10,-9.871000000000000796e+01
1.075402560000000000e+10,-9.845000000000000284e+01
1.075402580000000000e+10,-9.809000000000000341e+01
1.075402600000000000e+10,-9.814000000000000057e+01
1.075402620000000000e+10,-9.982000000000000739e+01
1.075402640000000000e+10,-9.860999999999999943e+01
1.075402660000000000e+10,-9.821999999999999886e+01
1.075402680000000000e+10,-9.820000000000000284e+01
1.075402700000000000e+10,-9.846000000000000796e+01
1.075402720000000000e+10,-9.898000000000000398e+01
1.075402740000000000e+10,-9.876999999999999602e+01
1.075402760000000000e+10,-9.862999999999999545e+01
1.075402780000000000e+10,-9.832999999999999829e+01
1.075402800000000000e+10,-9.843000000000000682e+01
1.075402820000000000e+10,-9.887000000000000455e+01
1.075402840000000000e+10,-9.850000000000000000e+01
1.075402860000000000e+10,-1.000799999999999983e+02
1.075402880000000000e+10,-9.774000000000000909e+01
1.075402900000000000e+10,-9.800000000000000000e+01
1.075402920000000000e+10,-9.932999999999999829e+01
1.075402940000000000e+10,-9.959000000000000341e+01
1.075402960000000000e+10,-9.943000000000000682e+01
1.075402980000000000e+10,-9.989000000000000057e+01
1.075403000000000000e+10,-9.929999999999999716e+01
1.075403020000000000e+10,-9.901999999999999602e+01
1.075403040000000000e+10,-9.893000000000000682e+01
1.075403060000000000e+10,-9.954999999999999716e+01
1.075403080000000000e+10,-9.956000000000000227e+01
1.075403100000000000e+10,-9.973000000000000398e+01
1.075403120000000000e+10,-9.998000000000000398e+01
1.075403140000000000e+10,-9.964000000000000057e+01
1.075403160000000000e+10,-9.993000000000000682e+01
1.075403180000000000e+10,-9.979000000000000625e+01
1.075403200000000000e+10,-9.935000000000000853e+01
1.075403220000000000e+10,-9.915999999999999659e+01
1.075403240000000000e+10,-9.946000000000000796e+01
1.075403260000000000e+10,-9.951000000000000512e+01
1.075403280000000000e+10,-9.954999999999999716e+01
1.075403300000000000e+10,-9.967000000000000171e+01
1.075403320000000000e+10,-9.871999999999999886e+01
1.075403340000000000e+10,-9.915000000000000568e+01
1.075403360000000000e+10,-9.931000000000000227e+01
1.075403380000000000e+10,-9.921000000000000796e+01
1.075403400000000000e+10,-9.882999999999999829e+01
1.075403420000000000e+10,-9.885000000000000853e+01
1.075403440000000000e+10,-9.887999999999999545e+01
1.075403460000000000e+10,-9.845000000000000284e+01
1.075403480000000000e+10,-9.935000000000000853e+01
1.075403500000000000e+10,-9.923000000000000398e+01
1.075403520000000000e+10,-9.879999999999999716e+01
1.075403540000000000e+10,-9.925000000000000000e+01
1.075403560000000000e+10,-9.932999999999999829e+01
1.075403580000000000e+10,-9.959000000000000341e+01
1.075403600000000000e+10,-9.856000000000000227e+01
1.075403620000000000e+10,-9.824000000000000909e+01
1.075403640000000000e+10,-9.889000000000000057e+01
1.075403660000000000e+10,-9.782000000000000739e+01
1.075403680000000000e+10,-9.784000000000000341e+01
1.075403700000000000e+10,-9.879000000000000625e+01
1.075403720000000000e+10,-9.843999999999999773e+01
1.075403740000000000e+10,-9.914000000000000057e+01
1.075403760000000000e+10,-9.812999999999999545e+01
1.075403780000000000e+10,-9.810999999999999943e+01
1.075403800000000000e+10,-9.903000000000000114e+01
1.075403820000000000e+10,-9.903000000000000114e+01
1.075403840000000000e+10,-9.929000000000000625e+01
1.075403860000000000e+10,-9.909000000000000341e+01
1.075403880000000000e+10,-9.957999999999999829e+01
1.075403900000000000e+10,-9.929999999999999716e+01
1.075403920000000000e+10,-9.798000000000000398e+01
1.075403940000000000e+10,-9.765000000000000568e+01
1.075403960000000000e+10,-9.871000000000000796e+01
1.075403980000000000e+10,-9.951999999999999602e+01
1.075404000000000000e+10,-9.926999999999999602e+01
1.075404020000000000e+10,-9.915000000000000568e+01
1.075404040000000000e+10,-9.937999999999999545e+01
1.075404060000000000e+10,-9.899000000000000909e+01
1.075404080000000000e+10,-9.948000000000000398e+01
1.075404100000000000e+10,-9.892000000000000171e+01
1.075404120000000000e+10,-9.881000000000000227e+01
1.075404140000000000e+10,-9.971000000000000796e+01
1.075404160000000000e+10,-9.918000000000000682e+01
1.075404180000000000e+10,-9.921999999999999886e+01
1.075404200000000000e+10,-9.906000000000000227e+01
1.075404220000000000e+10,-9.924000000000000909e+01
1.075404240000000000e+10,-9.893000000000000682e+01
1.075404260000000000e+10,-9.931000000000000227e+01
1.075404280000000000e+10,-9.832000000000000739e+01
1.075404300000000000e+10,-9.804000000000000625e+01
1.075404320000000000e+10,-9.787999999999999545e+01
1.075404340000000000e+10,-9.865999999999999659e+01
1.075404360000000000e+10,-9.899000000000000909e+01
1.075404380000000000e+10,-9.871000000000000796e+01
1.075404400000000000e+10,-9.857000000000000739e+01
1.075404420000000000e+10,-9.851000000000000512e+01
1.075404440000000000e+10,-9.898000000000000398e+01
1.075404460000000000e+10,-1.001200000000000045e+02
1.075404480000000000e+10,-9.971000000000000796e+01
1.075404500000000000e+10,-9.850000000000000000e+01
1.075404520000000000e+10,-9.849000000000000909e+01
1.075404540000000000e+10,-9.829000000000000625e+01
1.075404560000000000e+10,-9.815000000000000568e+01
1.075404580000000000e+10,-9.851999999999999602e+01
1.075404600000000000e+10,-9.928000000000000114e+01
1.075404620000000000e+10,-9.885999999999999943e+01
1.075404640000000000e+10,-9.893999999999999773e+01
1.075404660000000000e+10,-9.935000000000000853e+01
1.075404680000000000e+10,-9.903000000000000114e+01
1.075404700000000000e+10,-9.960999999999999943e+01
1.075404720000000000e+10,-9.921999999999999886e+01
1.075404740000000000e+10,-9.954000000000000625e+01
1.075404760000000000e+10,-9.960999999999999943e+01
1.075404780000000000e+10,-9.934000000000000341e+01
1.075404800000000000e+10,-9.893000000000000682e+01
1.075404820000000000e+10,-9.909000000000000341e+01
1.075404840000000000e+10,-9.839000000000000057e+01
1.075404860000000000e+10,-9.950000000000000000e+01
1.075404880000000000e+10,-9.865999999999999659e+01
1.075404900000000000e+10,-9.832999999999999829e+01
1.075404920000000000e+10,-9.918000000000000682e+01
1.075404940000000000e+10,-9.903000000000000114e+01
1.075404960000000000e+10,-9.918999999999999773e+01
1.075404980000000000e+10,-9.896000000000000796e+01
1.075405000000000000e+10,-9.925000000000000000e+01
1.188595000000000000e+10,-9.846000000000000796e+01
1.188595020000000000e+10,-9.859000000000000341e+01
1.188595040000000000e+10,-9.909000000000000341e+01
1.188595060000000000e+10,-9.745000000000000284e+01
1.188595080000000000e+10,-9.704999999999999716e+01
1.188595100000000000e+10,-9.751000000000000512e+01
1.188595120000000000e+10,-9.737999999999999545e+01
1.188595140000000000e+10,-9.685000000000000853e+01
1.188595160000000000e+10,-9.804999999999999716e+01
1.188595180000000000e+10,-9.806000000000000227e+01
1.188595200000000000e+10,-9.829999999999999716e+01
1.188595220000000000e+10,-9.746000000000000796e+01
1.188595240000000000e+10,-9.789000000000000057e+01
1.188595260000000000e+10,-9.751999999999999602e+01
1.188595280000000000e+10,-9.753000000000000114e+01
1.188595300000000000e+10,-9.835000000000000853e+01
1.188595320000000000e+10,-9.823000000000000398e+01
1.188595340000000000e+10,-9.759000000000000341e+01
1.188595360000000000e+10,-9.737999999999999545e+01
1.188595380000000000e+10,-9.735000000000000853e+01
1.188595400000000000e+10,-9.693000000000000682e+01
1.188595420000000000e+10,-9.685999999999999943e+01
1.188595440000000000e+10,-9.743000000000000682e+01
1.188595460000000000e+10,-9.776999999999999602e+01
1.188595480000000000e+10,-9.835999999999999943e+01
1.188595500000000000e+10,-9.809000000000000341e+01
1.188595520000000000e+10,-9.825000000000000000e+01
1.188595540000000000e+10,-9.776999999999999602e+01
1.188595560000000000e+10,-9.912000000000000455e+01
1.188595580000000000e+10,-9.915999999999999659e+01
1.188595600000000000e+10,-9.904000000000000625e+01
1.188595620000000000e+10,-9.809000000000000341e+01
1.188595640000000000e+10,-9.785999999999999943e+01
1.188595660000000000e+10,-9.809000000000000341e+01
1.188595680000000000e+10,-9.845000000000000284e+01
1.188595700000000000e+10,-9.756000000000000227e+01
1.188595720000000000e+10,-9.776000000000000512e+01
1.188595740000000000e+10,-9.864000000000000057e+01
1.188595760000000000e+10,-9.795000000000000284e+01
1.188595780000000000e+10,-9.742000000000000171e+01
1.188595800000000000e+10,-9.804999999999999716e+01
1.188595820000000000e+10,-9.810000000000000853e+01
1.188595840000000000e+10,-9.885000000000000853e+01
1.188595860000000000e+10,-9.800000000000000000e+01
1.188595880000000000e+10,-9.818000000000000682e+01
1.188595900000000000e+10,-9.854999999999999716e+01
1.188595920000000000e+10,-9.832000000000000739e+01
1.188595940000000000e+10,-9.735000000000000853e+01
1.188595960000000000e+10,-9.673000000000000398e+01
1.188595980000000000e+10,-9.749000000000000909e+01
1.188596000000000000e+10,-9.746000000000000796e+01
1.188596020000000000e+10,-9.743000000000000682e+01
1.188596040000000000e+10,-9.829999999999999716e+01
1.188596060000000000e+10,-9.842000000000000171e+01
1.188596080000000000e+10,-9.840999999999999659e+01
1.188596100000000000e+10,-9.834000000000000341e+01
1.188596120000000000e+10,-9.803000000000000114e+01
1.188596140000000000e+10,-9.873000000000000398e+01
1.188596160000000000e+10,-9.832999999999999829e+01
1.188596180000000000e+10,-9.829000000000000625e+01
1.188596200000000000e+10,-9.720000000000000284e+01
1.188596220000000000e+10,-9.662999999999999545e+01
1.188596240000000000e+10,-9.729000000000000625e+01
1.188596260000000000e+10,-9.737999999999999545e+01
1.188596280000000000e+10,-9.739000000000000057e+01
1.188596300000000000e+10,-9.771000000000000796e+01
1.188596320000000000e+10,-9.762000000000000455e+01
1.188596340000000000e+10,-9.854999999999999716e+01
1.188596360000000000e+10,-9.829000000000000625e+01
1.188596380000000000e+10,-9.737000000000000455e+01
1.188596400000000000e+10,-9.785999999999999943e+01
1.188596420000000000e+10,-9.773000000000000398e+01
1.188596440000000000e+10,-9.840999999999999659e+01
1.188596460000000000e+10,-9.843000000000000682e+01
1.188596480000000000e+10,-9.737999999999999545e+01
1.188596500000000000e+10,-9.676999999999999602e+01
1.188596520000000000e+10,-9.700000000000000000e+01
1.188596540000000000e+10,-9.726999999999999602e+01
1.188596560000000000e+10,-9.812000000000000455e+01
1.188596580000000000e+10,-9.790999999999999659e+01
1.188596600000000000e+10,-9.773000000000000398e+01
1.188596620000000000e+10,-9.818000000000000682e+01
1.188596640000000000e+10,-9.868999999999999773e+01
1.188596660000000000e+10,-9.859000000000000341e+01
1.188596680000000000e+10,-9.803000000000000114e+01
1.188596700000000000e+10,-9.765999999999999659e+01
1.188596720000000000e+10,-9.818000000000000682e+01
1.188596740000000000e+10,-9.776999999999999602e+01
1.188596760000000000e+10,-9.768000000000000682e+01
1.188596780000000000e+10,-9.850000000000000000e+01
1.188596800000000000e+10,-9.823000000000000398e+01
1.188596820000000000e+10,-9.814000000000000057e+01
1.188596840000000000e+10,-9.765000000000000568e+01
1.188596860000000000e+10,-9.737000000000000455e+01
1.188596880000000000e+10,-9.762000000000000455e+01
1.188596900000000000e+10,-9.726000000000000512e+01
1.188596920000000000e+10,-9.771000000000000796e+01
1.188596940000000000e+10,-9.760999999999999943e+01
1.188596960000000000e+10,-9.773000000000000398e+01
1.188596980000000000e+10,-9.824000000000000909e+01
1.188597000000000000e+10,-9.773000000000000398e+01
1.188597020000000000e+10,-9.764000000000000057e+01
1.188597040000000000e+10,-9.773000000000000398e+01
1.188597060000000000e+10,-9.796000000000000796e+01
1.188597080000000000e+10,-9.815000000000000568e+01
1.188597100000000000e+10,-9.789000000000000057e+01
1.188597120000000000e+10,-9.793999999999999773e+01
1.188597140000000000e+10,-9.782000000000000739e+01
1.188597160000000000e+10,-9.685999999999999943e+01
1.188597180000000000e+10,-9.710000000000000853e+01
1.188597200000000000e+10,-9.776999999999999602e+01
1.188597220000000000e+10,-9.723000000000000398e+01
1.188597240000000000e+10,-9.768999999999999773e+01
1.188597260000000000e+10,-9.726999999999999602e+01
1.188597280000000000e+10,-9.665000000000000568e+01
1.188597300000000000e+10,-9.714000000000000057e+01
1.188597320000000000e+10,-9.746999999999999886e+01
1.188597340000000000e+10,-9.754999999999999716e+01
1.188597360000000000e+10,-9.768000000000000682e+01
1.188597380000000000e+10,-9.807999999999999829e+01
1.188597400000000000e+10,-9.848000000000000398e+01
1.188597420000000000e+10,-9.826999999999999602e+01
1.188597440000000000e+10,-9.760999999999999943e+01
1.188597460000000000e+10,-9.685999999999999943e+01
1.188597480000000000e+10,-9.696000000000000796e+01
1.188597500000000000e+10,-9.679000000000000625e+01
1.188597520000000000e+10,-9.679000000000000625e+01
1.188597540000000000e+10,-9.712999999999999545e+01
1.188597560000000000e+10,-9.757999999999999829e+01
1.188597580000000000e+10,-9.771000000000000796e+01
1.188597600000000000e+10,-9.709000000000000341e+01
1.188597620000000000e+10,-9.668999999999999773e+01
1.188597640000000000e+10,-9.751999999999999602e+01
1.188597660000000000e+10,-9.770000000000000284e+01
1.188597680000000000e+10,-9.751000000000000512e+01
1.188597700000000000e+10,-9.718000000000000682e+01
1.188597720000000000e+10,-9.698000000000000398e+01
1.188597740000000000e+10,-9.726999999999999602e+01
1.188597760000000000e+10,-9.729000000000000625e+01
1.188597780000000000e+10,-9.764000000000000057e+01
1.188597800000000000e+10,-9.815000000000000568e+01
1.188597820000000000e+10,-9.814000000000000057e+01
1.188597840000000000e+10,-9.782000000000000739e+01
1.188597860000000000e+10,-9.782000000000000739e+01
1.188597880000000000e+10,-9.776999999999999602e+01
1.188597900000000000e+10,-9.773000000000000398e+01
1.188597920000000000e+10,-9.765000000000000568e+01
1.188597940000000000e+10,-9.746000000000000796e+01
1.188597960000000000e+10,-9.764000000000000057e+01
1.188597980000000000e+10,-9.814000000000000057e+01
1.188598000000000000e+10,-9.776000000000000512e+01
1.188598020000000000e+10,-9.760000000000000853e+01
1.188598040000000000e+10,-9.832999999999999829e+01
1.188598060000000000e+10,-9.868999999999999773e+01
1.188598080000000000e+10,-9.854999999999999716e+01
1.188598100000000000e+10,-9.828000000000000114e+01
1.188598120000000000e+10,-9.823000000000000398e+01
1.188598140000000000e+10,-9.764000000000000057e+01
1.188598160000000000e+10,-9.723000000000000398e+01
1.188598180000000000e+10,-9.779999999999999716e+01
1.188598200000000000e+10,-9.762999999999999545e+01
1.188598220000000000e+10,-9.776999999999999602e+01
1.188598240000000000e+10,-9.800000000000000000e+01
1.188598260000000000e+10,-9.812000000000000455e+01
1.188598280000000000e+10,-9.826999999999999602e+01
1.188598300000000000e+10,-9.864000000000000057e+01
1.188598320000000000e+10,-9.823000000000000398e+01
1.188598340000000000e+10,-9.832000000000000739e+01
1.188598360000000000e+10,-9.832000000000000739e+01
1.188598380000000000e+10,-9.714000000000000057e+01
1.188598400000000000e+10,-9.675000000000000000e+01
1.188598420000000000e+10,-9.749000000000000909e+01
1.188598440000000000e+10,-9.762000000000000455e+01
1.188598460000000000e+10,-9.723000000000000398e+01
1.188598480000000000e+10,-9.726000000000000512e+01
1.188598500000000000e+10,-9.757999999999999829e+01
1.188598520000000000e+10,-9.759000000000000341e+01
1.188598540000000000e+10,-9.800000000000000000e+01
1.188598560000000000e+10,-9.804999999999999716e+01
1.188598580000000000e+10,-9.826999999999999602e+01
1.188598600000000000e+10,-9.832000000000000739e+01
1.188598620000000000e+10,-9.817000000000000171e+01
1.188598640000000000e+10,-9.803000000000000114e+01
1.188598660000000000e+10,-9.767000000000000171e+01
1.188598680000000000e+10,-9.828000000000000114e+01
1.188598700000000000e+10,-9.849000000000000909e+01
1.188598720000000000e+10,-9.750000000000000000e+01
1.188598740000000000e+10,-9.771000000000000796e+01
1.188598760000000000e+10,-9.732000000000000739e+01
1.188598780000000000e+10,-9.750000000000000000e+01
1.188598800000000000e+10,-9.804999999999999716e+01
1.188598820000000000e+10,-9.814000000000000057e+01
1.188598840000000000e+10,-9.870000000000000284e+01
1.188598860000000000e+10,-9.842000000000000171e+01
1.188598880000000000e+10,-9.810000000000000853e+01
1.188598900000000000e+10,-9.796000000000000796e+01
1.188598920000000000e+10,-9.787999999999999545e+01
1.188598940000000000e+10,-9.818999999999999773e+01
1.188598960000000000e+10,-9.846000000000000796e+01
1.188598980000000000e+10,-9.840999999999999659e+01
1.188599000000000000e+10,-9.826000000000000512e+01
1.188599020000000000e+10,-9.846999999999999886e+01
1.188599040000000000e+10,-9.785000000000000853e+01
1.188599060000000000e+10,-9.724000000000000909e+01
1.188599080000000000e+10,-9.717000000000000171e+01
1.188599100000000000e+10,-9.762000000000000455e+01
1.188599120000000000e+10,-9.812000000000000455e+01
1.188599140000000000e+10,-9.749000000000000909e+01
1.188599160000000000e+10,-9.707000000000000739e+01
1.188599180000000000e+10,-9.778000000000000114e+01
1.188599200000000000e+10,-9.804000000000000625e+01
1.188599220000000000e+10,-9.673000000000000398e+01
1.188599240000000000e+10,-9.681000000000000227e+01
1.188599260000000000e+10,-9.737000000000000455e+01
1.188599280000000000e+10,-9.737000000000000455e+01
1.188599300000000000e+10,-9.700000000000000000e+01
1.188599320000000000e+10,-9.662999999999999545e+01
1.188599340000000000e+10,-9.782000000000000739e+01
1.188599360000000000e+10,-9.743999999999999773e+01
1.188599380000000000e+10,-9.701999999999999602e+01
1.188599400000000000e+10,-9.645000000000000284e+01
1.188599420000000000e+10,-9.690000000000000568e+01
1.188599440000000000e+10,-9.764000000000000057e+01
1.188599460000000000e+10,-9.807000000000000739e+01
1.188599480000000000e+10,-9.729999999999999716e+01
1.188599500000000000e+10,-9.670000000000000284e+01
1.188599520000000000e+10,-9.796000000000000796e+01
1.188599540000000000e+10,-9.864000000000000057e+01
1.188599560000000000e+10,-9.834000000000000341e+01
1.188599580000000000e+10,-9.860000000000000853e+01
1.188599600000000000e+10,-9.850000000000000000e+01
1.188599620000000000e+10,-9.825000000000000000e+01
1.188599640000000000e+10,-9.778000000000000114e+01
1.188599660000000000e+10,-9.834000000000000341e+01
1.188599680000000000e+10,-9.835999999999999943e+01
1.188599700000000000e+10,-9.829000000000000625e+01
1.188599720000000000e+10,-9.723000000000000398e+01
1.188599740000000000e+10,-9.650000000000000000e+01
1.188599760000000000e+10,-9.757999999999999829e+01
1.188599780000000000e+10,-9.696000000000000796e+01
1.188599800000000000e+10,-9.820000000000000284e+01
1.188599820000000000e+10,-9.843999999999999773e+01
1.188599840000000000e+10,-9.751999999999999602e+01
1.188599860000000000e+10,-9.704999999999999716e+01
1.188599880000000000e+10,-9.665999999999999659e+01
1.188599900000000000e+10,-9.712000000000000455e+01
1.188599920000000000e+10,-9.785999999999999943e+01
1.188599940000000000e+10,-9.843000000000000682e+01
1.188599960000000000e+10,-9.837999999999999545e+01
1.188599980000000000e+10,-9.814000000000000057e+01
1.188600000000000000e+10,-9.837000000000000455e+01
1.188600020000000000e+10,-9.790999999999999659e+01
1.188600040000000000e+10,-9.800000000000000000e+01
1.188600060000000000e+10,-9.775000000000000000e+01
1.188600080000000000e+10,-9.767000000000000171e+01
1.188600100000000000e+10,-9.768999999999999773e+01
1.188600120000000000e+10,-9.826999999999999602e+01
1.188600140000000000e+10,-9.759000000000000341e+01
1.188600160000000000e+10,-9.814000000000000057e+01
1.188600180000000000e+10,-9.801000000000000512e+01
1.188600200000000000e+10,-9.726000000000000512e+01
1.188600220000000000e+10,-9.706000000000000227e+01
1.188600240000000000e+10,-9.679000000000000625e+01
1.188600260000000000e+10,-9.746999999999999886e+01
1.188600280000000000e+10,-9.782999999999999829e+01
1.188600300000000000e+10,-9.762999999999999545e+01
1.188600320000000000e+10,-9.781000000000000227e+01
1.188600340000000000e+10,-9.754000000000000625e+01
1.188600360000000000e+10,-9.807000000000000739e+01
1.188600380000000000e+10,-9.731000000000000227e+01
1.188600400000000000e+10,-9.757000000000000739e+01
1.188600420000000000e+10,-9.801999999999999602e+01
1.188600440000000000e+10,-9.817000000000000171e+01
1.188600460000000000e+10,-9.843999999999999773e+01
1.188600480000000000e+10,-9.740000000000000568e+01
1.188600500000000000e+10,-9.687000000000000455e+01
1.188600520000000000e+10,-9.684000000000000341e+01
1.188600540000000000e+10,-9.657000000000000739e+01
1.188600560000000000e+10,-9.618000000000000682e+01
1.188600580000000000e+10,-9.759000000000000341e+01
1.188600600000000000e+10,-9.814000000000000057e+01
1.188600620000000000e+10,-9.776999999999999602e+01
1.188600640000000000e+10,-9.829000000000000625e+01
1.188600660000000000e+10,-9.795000000000000284e+01
1.188600680000000000e+10,-9.762999999999999545e+01
1.188600700000000000e+10,-9.746000000000000796e+01
1.188600720000000000e+10,-9.698000000000000398e+01
1.188600740000000000e+10,-9.709000000000000341e+01
1.188600760000000000e+10,-9.820000000000000284e+01
1.188600780000000000e+10,-9.750000000000000000e+01
1.188600800000000000e+10,-9.810999999999999943e+01
1.188600820000000000e+10,-9.804999999999999716e+01
1.188600840000000000e+10,-9.782999999999999829e+01
1.188600860000000000e+10,-9.854999999999999716e+01
1.188600880000000000e+10,-9.765999999999999659e+01
1.188600900000000000e+10,-9.764000000000000057e+01
1.188600920000000000e+10,-9.726000000000000512e+01
1.188600940000000000e+10,-9.562000000000000455e+01
1.188600960000000000e+10,-9.385000000000000853e+01
1.188600980000000000e+10,-9.087999999999999545e+01
1.188601000000000000e+10,-8.817000000000000171e+01
1.188601020000000000e+10,-8.601000000000000512e+01
1.188601040000000000e+10,-8.410999999999999943e+01
1.188601060000000000e+10,-8.371000000000000796e+01
1.188601080000000000e+10,-8.365999999999999659e+01
1.188601100000000000e+10,-8.335999999999999943e+01
1.188601120000000000e+10,-8.462000000000000455e+01
1.188601140000000000e+10,-8.632999999999999829e+01
1.188601160000000000e+10,-8.810999999999999943e+01
1.188601180000000000e+10,-9.051000000000000512e+01
1.188601200000000000e+10,-9.295000000000000284e+01
1.188601220000000000e+10,-9.564000000000000057e+01
1.188601240000000000e+10,-9.715000000000000568e+01
1.188601260000000000e+10,-9.728000000000000114e+01
1.188601280000000000e+10,-9.768000000000000682e+01
1.188601300000000000e+10,-9.795000000000000284e+01
1.188601320000000000e+10,-9.782000000000000739e+01
1.188601340000000000e+10,-9.690999999999999659e+01
1.188601360000000000e+10,-9.651000000000000512e+01
1.188601380000000000e+10,-9.765999999999999659e+01
1.188601400000000000e+10,-9.871999999999999886e+01
1.188601420000000000e+10,-9.853000000000000114e+01
1.188601440000000000e+10,-9.829000000000000625e+01
1.188601460000000000e+10,-9.759000000000000341e+01
1.188601480000000000e+10,-9.790999999999999659e+01
1.188601500000000000e+10,-9.793999999999999773e+01
1.188601520000000000e+10,-9.796999999999999886e+01
1.188601540000000000e+10,-9.757999999999999829e+01
1.188601560000000000e+10,-9.762000000000000455e+01
1.188601580000000000e+10,-9.715999999999999659e+01
1.188601600000000000e+10,-9.682000000000000739e+01
1.188601620000000000e+10,-9.710000000000000853e+01
1.188601640000000000e+10,-9.692000000000000171e+01
1.188601660000000000e+10,-9.668999999999999773e+01
1.188601680000000000e+10,-9.653000000000000114e+01
1.188601700000000000e+10,-9.759000000000000341e+01
1.188601720000000000e+10,-9.806000000000000227e+01
1.188601740000000000e+10,-9.846000000000000796e+01
1.188601760000000000e+10,-9.773000000000000398e+01
1.188601780000000000e+10,-9.754999999999999716e+01
1.188601800000000000e+10,-9.821999999999999886e+01
1.188601820000000000e+10,-9.850000000000000000e+01
1.188601840000000000e+10,-9.857000000000000739e+01
1.188601860000000000e+10,-9.757999999999999829e+01
1.188601880000000000e+10,-9.718999999999999773e+01
1.188601900000000000e+10,-9.774000000000000909e+01
1.188601920000000000e+10,-9.825000000000000000e+01
1.188601940000000000e+10,-9.790999999999999659e+01
1.188601960000000000e+10,-9.831000000000000227e+01
1.188601980000000000e+10,-9.792000000000000171e+01
1.188602000000000000e+10,-9.768999999999999773e+01
1.188602020000000000e+10,-9.729999999999999716e+01
1.188602040000000000e+10,-9.804000000000000625e+01
1.188602060000000000e+10,-9.828000000000000114e+01
1.188602080000000000e+10,-9.757000000000000739e+01
1.188602100000000000e+10,-9.796999999999999886e+01
1.188602120000000000e+10,-9.776999999999999602e+01
1.188602140000000000e+10,-9.826999999999999602e+01
1.188602160000000000e+10,-9.826999999999999602e+01
1.188602180000000000e+10,-9.796000000000000796e+01
1.188602200000000000e+10,-9.759000000000000341e+01
1.188602220000000000e+10,-9.775000000000000000e+01
1.188602240000000000e+10,-9.773000000000000398e+01
1.188602260000000000e+10,-9.776999999999999602e+01
1.188602280000000000e+10,-9.781000000000000227e+01
1.188602300000000000e+10,-9.809000000000000341e+01
1.188602320000000000e+10,-9.760999999999999943e+01
1.188602340000000000e+10,-9.726999999999999602e+01
1.188602360000000000e+10,-9.793999999999999773e+01
1.188602380000000000e+10,-9.835000000000000853e+01
1.188602400000000000e+10,-9.800000000000000000e+01
1.188602420000000000e+10,-9.746000000000000796e+01
1.188602440000000000e+10,-9.825000000000000000e+01
1.188602460000000000e+10,-9.843000000000000682e+01
1.188602480000000000e+10,-9.745000000000000284e+01
1.188602500000000000e+10,-9.762000000000000455e+01
1.188602520000000000e+10,-9.768000000000000682e+01
1.188602540000000000e+10,-9.795000000000000284e+01
1.188602560000000000e+10,-9.829999999999999716e+01
1.188602580000000000e+10,-9.765999999999999659e+01
1.188602600000000000e+10,-9.714000000000000057e+01
1.188602620000000000e+10,-9.673000000000000398e+01
1.188602640000000000e+10,-9.773000000000000398e+01
1.188602660000000000e+10,-9.792000000000000171e+01
1.188602680000000000e+10,-9.768000000000000682e+01
1.188602700000000000e+10,-9.776999999999999602e+01
1.188602720000000000e+10,-9.792000000000000171e+01
1.188602740000000000e+10,-9.787999999999999545e+01
1.188602760000000000e+10,-9.735999999999999943e+01
1.188602780000000000e+10,-9.764000000000000057e+01
1.188602800000000000e+10,-9.750000000000000000e+01
1.188602820000000000e+10,-9.796000000000000796e+01
1.188602840000000000e+10,-9.793999999999999773e+01
1.188602860000000000e+10,-9.821000000000000796e+01
1.188602880000000000e+10,-9.754999999999999716e+01
1.188602900000000000e+10,-9.776999999999999602e+01
1.188602920000000000e+10,-9.821999999999999886e+01
1.188602940000000000e+10,-9.810000000000000853e+01
1.188602960000000000e+10,-9.862000000000000455e+01
1.188602980000000000e+10,-9.754999999999999716e+01
1.188603000000000000e+10,-9.737000000000000455e+01
1.188603020000000000e+10,-9.842000000000000171e+01
1.188603040000000000e+10,-9.832000000000000739e+01
1.188603060000000000e+10,-9.818000000000000682e+01
1.188603080000000000e+10,-9.782000000000000739e+01
1.188603100000000000e+10,-9.768000000000000682e+01
1.188603120000000000e+10,-9.760999999999999943e+01
1.188603140000000000e+10,-9.807999999999999829e+01
1.188603160000000000e+10,-9.876000000000000512e+01
1.188603180000000000e+10,-9.750000000000000000e+01
1.188603200000000000e+10,-9.804999999999999716e+01
1.188603220000000000e+10,-9.776999999999999602e+01
1.188603240000000000e+10,-9.879999999999999716e+01
1.188603260000000000e+10,-9.820000000000000284e+01
1.188603280000000000e+10,-9.790999999999999659e+01
1.188603300000000000e+10,-9.817000000000000171e+01
1.188603320000000000e+10,-9.712000000000000455e+01
1.188603340000000000e+10,-9.681000000000000227e+01
1.188603360000000000e+10,-9.759000000000000341e+01
1.188603380000000000e+10,-9.687999999999999545e+01
1.188603400000000000e+10,-9.712000000000000455e+01
1.188603420000000000e+10,-9.801999999999999602e+01
1.188603440000000000e+10,-9.804000000000000625e+01
1.188603460000000000e+10,-9.815999999999999659e+01
1.188603480000000000e+10,-9.859000000000000341e+01
1.188603500000000000e+10,-9.840999999999999659e+01
1.188603520000000000e+10,-9.746000000000000796e+01
1.188603540000000000e+10,-9.723000000000000398e+01
1.188603560000000000e+10,-9.790999999999999659e+01
1.188603580000000000e+10,-9.671000000000000796e+01
1.188603600000000000e+10,-9.698000000000000398e+01
1.188603620000000000e+10,-9.700000000000000000e+01
1.188603640000000000e+10,-9.623000000000000398e+01
1.188603660000000000e+10,-9.614000000000000057e+01
1.188603680000000000e+10,-9.723000000000000398e+01
1.188603700000000000e+10,-9.887999999999999545e+01
1.188603720000000000e+10,-9.843999999999999773e+01
1.188603740000000000e+10,-9.829000000000000625e+01
1.188603760000000000e+10,-9.751000000000000512e+01
1.188603780000000000e+10,-9.778000000000000114e+01
1.188603800000000000e+10,-9.701999999999999602e+01
1.188603820000000000e+10,-9.671999999999999886e+01
1.188603840000000000e+10,-9.796999999999999886e+01
1.188603860000000000e+10,-9.771999999999999886e+01
1.188603880000000000e+10,-9.732000000000000739e+01
1.188603900000000000e+10,-9.812000000000000455e+01
1.188603920000000000e+10,-9.776999999999999602e+01
1.188603940000000000e+10,-9.760999999999999943e+01
1.188603960000000000e+10,-9.773000000000000398e+01
1.188603980000000000e+10,-9.804999999999999716e+01
1.188604000000000000e+10,-9.812999999999999545e+01
1.188604020000000000e+10,-9.812000000000000455e+01
1.188604040000000000e+10,-9.751999999999999602e+01
1.188604060000000000e+10,-9.768000000000000682e+01
1.188604080000000000e+10,-9.810999999999999943e+01
1.188604100000000000e+10,-9.782000000000000739e+01
1.188604120000000000e+10,-9.796999999999999886e+01
1.188604140000000000e+10,-9.795000000000000284e+01
1.188604160000000000e+10,-9.815000000000000568e+01
1.188604180000000000e+10,-9.814000000000000057e+01
1.188604200000000000e+10,-9.809000000000000341e+01
1.188604220000000000e+10,-9.825000000000000000e+01
1.188604240000000000e+10,-9.754999999999999716e+01
1.188604260000000000e+10,-9.801999999999999602e+01
1.188604280000000000e+10,-9.773000000000000398e+01
1.188604300000000000e+10,-9.715999999999999659e+01
1.188604320000000000e+10,-9.723000000000000398e+01
1.188604340000000000e+10,-9.679000000000000625e+01
1.188604360000000000e+10,-9.620000000000000284e+01
1.188604380000000000e+10,-9.585000000000000853e+01
1.188604400000000000e+10,-9.729000000000000625e+01
1.188604420000000000e+10,-9.700000000000000000e+01
1.188604440000000000e+10,-9.748000000000000398e+01
1.188604460000000000e+10,-9.790999999999999659e+01
1.188604480000000000e+10,-9.750000000000000000e+01
1.188604500000000000e+10,-9.773000000000000398e+01
1.188604520000000000e+10,-9.770000000000000284e+01
1.188604540000000000e+10,-9.732000000000000739e+01
1.188604560000000000e+10,-9.889000000000000057e+01
1.188604580000000000e+10,-9.895000000000000284e+01
1.188604600000000000e+10,-9.890000000000000568e+01
1.188604620000000000e+10,-9.903000000000000114e+01
1.188604640000000000e+10,-9.845000000000000284e+01
1.188604660000000000e+10,-9.826999999999999602e+01
1.188604680000000000e+10,-9.807999999999999829e+01
1.188604700000000000e+10,-9.778000000000000114e+01
1.188604720000000000e+10,-9.803000000000000114e+01
1.188604740000000000e+10,-9.771999999999999886e+01
1.188604760000000000e+10,-9.790000000000000568e+01
1.188604780000000000e+10,-9.724000000000000909e+01
1.188604800000000000e+10,-9.762999999999999545e+01
1.188604820000000000e+10,-9.809000000000000341e+01
1.188604840000000000e+10,-9.782000000000000739e+01
1.188604860000000000e+10,-9.765999999999999659e+01
1.188604880000000000e+10,-9.809000000000000341e+01
1.188604900000000000e+10,-9.751000000000000512e+01
1.188604920000000000e+10,-9.646999999999999886e+01
1.188604940000000000e+10,-9.687999999999999545e+01
1.188604960000000000e+10,-9.812000000000000455e+01
1.188604980000000000e+10,-9.814000000000000057e+01
1.188605000000000000e+10,-9.845000000000000284e+01
1.301795000000000000e+10,-9.323000000000000398e+01
1.301795020000000000e+10,-9.318000000000000682e+01
1.301795040000000000e+10,-9.315999999999999659e+01
1.301795060000000000e+10,-9.259000000000000341e+01
1.301795080000000000e+10,-9.256000000000000227e+01
1.301795100000000000e+10,-9.193000000000000682e+01
1.301795120000000000e+10,-9.226000000000000512e+01
1.301795140000000000e+10,-9.340999999999999659e+01
1.301795160000000000e+10,-9.318999999999999773e+01
1.301795180000000000e+10,-9.317000000000000171e+01
1.301795200000000000e+10,-9.254999999999999716e+01
1.301795220000000000e+10,-9.271000000000000796e+01
1.301795240000000000e+10,-9.342000000000000171e+01
1.301795260000000000e+10,-9.250000000000000000e+01
1.301795280000000000e+10,-9.264000000000000057e+01
1.301795300000000000e+10,-9.362999999999999545e+01
1.301795320000000000e+10,-9.320000000000000284e+01
1.301795340000000000e+10,-9.281000000000000227e+01
1.301795360000000000e+10,-9.285999999999999943e+01
1.301795380000000000e+10,-9.287999999999999545e+01
1.301795400000000000e+10,-9.290000000000000568e+01
1.301795420000000000e+10,-9.343999999999999773e+01
1.301795440000000000e+10,-9.332000000000000739e+01
1.301795460000000000e+10,-9.318000000000000682e+01
1.301795480000000000e+10,-9.351000000000000512e+01
1.301795500000000000e+10,-9.314000000000000057e+01
1.301795520000000000e+10,-9.365000000000000568e+01
1.301795540000000000e+10,-9.329999999999999716e+01
1.301795560000000000e+10,-9.240000000000000568e+01
1.301795580000000000e+10,-9.317000000000000171e+01
1.301795600000000000e+10,-9.357999999999999829e+01
1.301795620000000000e+10,-9.359000000000000341e+01
1.301795640000000000e+10,-9.335999999999999943e+01
1.301795660000000000e+10,-9.260999999999999943e+01
1.301795680000000000e+10,-9.262000000000000455e+01
1.301795700000000000e+10,-9.229999999999999716e+01
1.301795720000000000e+10,-9.304999999999999716e+01
1.301795740000000000e+10,-9.268000000000000682e+01
1.301795760000000000e+10,-9.306000000000000227e+01
1.301795780000000000e+10,-9.357999999999999829e+01
1.301795800000000000e+10,-9.323999999999999488e+01
1.301795820000000000e+10,-9.364000000000000057e+01
1.301795840000000000e+10,-9.312999999999999545e+01
1.301795860000000000e+10,-9.318000000000000682e+01
1.301795880000000000e+10,-9.285999999999999943e+01
1.301795900000000000e+10,-9.276999999999999602e+01
1.301795920000000000e+10,-9.353000000000000114e+01
1.301795940000000000e+10,-9.270000000000000284e+01
1.301795960000000000e+10,-9.307999999999999829e+01
1.301795980000000000e+10,-9.295000000000000284e+01
1.301796000000000000e+10,-9.285999999999999943e+01
1.301796020000000000e+10,-9.298000000000000398e+01
1.301796040000000000e+10,-9.353000000000000114e+01
1.301796060000000000e+10,-9.271000000000000796e+01
1.301796080000000000e+10,-9.232999999999999829e+01
1.301796100000000000e+10,-9.240000000000000568e+01
1.301796120000000000e+10,-9.231000000000000227e+01
1.301796140000000000e+10,-9.221999999999999886e+01
1.301796160000000000e+10,-9.271000000000000796e+01
1.301796180000000000e+10,-9.362999999999999545e+01
1.301796200000000000e+10,-9.373999999999999488e+01
1.301796220000000000e+10,-9.285999999999999943e+01
1.301796240000000000e+10,-9.304000000000000625e+01
1.301796260000000000e+10,-9.307000000000000739e+01
1.301796280000000000e+10,-9.290000000000000568e+01
1.301796300000000000e+10,-9.210999999999999943e+01
1.301796320000000000e+10,-9.192000000000000171e+01
1.301796340000000000e+10,-9.229000000000000625e+01
1.301796360000000000e+10,-9.285999999999999943e+01
1.301796380000000000e+10,-9.389000000000000057e+01
1.301796400000000000e+10,-9.393000000000000682e+01
1.301796420000000000e+10,-9.410000000000000853e+01
1.301796440000000000e+10,-9.373999999999999488e+01
1.301796460000000000e+10,-9.257999999999999829e+01
1.301796480000000000e+10,-9.293000000000000682e+01
1.301796500000000000e+10,-9.329000000000000625e+01
1.301796520000000000e+10,-9.295000000000000284e+01
1.301796540000000000e+10,-9.264000000000000057e+01
1.301796560000000000e+10,-9.303000000000000114e+01
1.301796580000000000e+10,-9.340000000000000568e+01
1.301796600000000000e+10,-9.357999999999999829e+01
1.301796620000000000e+10,-9.323999999999999488e+01
1.301796640000000000e+10,-9.284000000000000341e+01
1.301796660000000000e+10,-9.321000000000000796e+01
1.301796680000000000e+10,-9.282000000000000739e+01
1.301796700000000000e+10,-9.259000000000000341e+01
1.301796720000000000e+10,-9.293000000000000682e+01
1.301796740000000000e+10,-9.296999999999999886e+01
1.301796760000000000e+10,-9.285999999999999943e+01
1.301796780000000000e+10,-9.254999999999999716e+01
1.301796800000000000e+10,-9.318999999999999773e+01
1.301796820000000000e+10,-9.290000000000000568e+01
1.301796840000000000e+10,-9.262000000000000455e+01
1.301796860000000000e+10,-9.251000000000000512e+01
1.301796880000000000e+10,-9.223000000000000398e+01
1.301796900000000000e+10,-9.268000000000000682e+01
1.301796920000000000e+10,-9.243999999999999773e+01
1.301796940000000000e+10,-9.243999999999999773e+01
1.301796960000000000e+10,-9.323999999999999488e+01
1.301796980000000000e+10,-9.384000000000000341e+01
1.301797000000000000e+10,-9.296999999999999886e+01
1.301797020000000000e+10,-9.226000000000000512e+01
1.301797040000000000e+10,-9.218999999999999773e+01
1.301797060000000000e+10,-9.332999999999999829e+01
1.301797080000000000e+10,-9.275000000000000000e+01
1.301797100000000000e+10,-9.298000000000000398e+01
1.301797120000000000e+10,-9.345000000000000284e+01
1.301797140000000000e+10,-9.271000000000000796e+01
1.301797160000000000e+10,-9.268000000000000682e+01
1.301797180000000000e+10,-9.334000000000000341e+01
1.301797200000000000e+10,-9.342000000000000171e+01
1.301797220000000000e+10,-9.284000000000000341e+01
1.301797240000000000e+10,-9.306000000000000227e+01
1.301797260000000000e+10,-9.356000000000000227e+01
1.301797280000000000e+10,-9.373000000000000398e+01
1.301797300000000000e+10,-9.365999999999999659e+01
1.301797320000000000e+10,-9.209000000000000341e+01
1.301797340000000000e+10,-9.229999999999999716e+01
1.301797360000000000e+10,-9.210000000000000853e+01
1.301797380000000000e+10,-9.296999999999999886e+01
1.301797400000000000e+10,-9.335000000000000853e+01
1.301797420000000000e+10,-9.312999999999999545e+01
1.301797440000000000e+10,-9.182999999999999829e+01
1.301797460000000000e+10,-9.143000000000000682e+01
1.301797480000000000e+10,-9.321999999999999886e+01
1.301797500000000000e+10,-9.251999999999999602e+01
1.301797520000000000e+10,-9.295000000000000284e+01
1.301797540000000000e+10,-9.296999999999999886e+01
1.301797560000000000e+10,-9.273000000000000398e+01
1.301797580000000000e+10,-9.320000000000000284e+01
1.301797600000000000e+10,-9.307000000000000739e+01
1.301797620000000000e+10,-9.290000000000000568e+01
1.301797640000000000e+10,-9.254999999999999716e+01
1.301797660000000000e+10,-9.306000000000000227e+01
1.301797680000000000e+10,-9.298000000000000398e+01
1.301797700000000000e+10,-9.240999999999999659e+01
1.301797720000000000e+10,-9.329000000000000625e+01
1.301797740000000000e+10,-9.295000000000000284e+01
1.301797760000000000e+10,-9.360999999999999943e+01
1.301797780000000000e+10,-9.376000000000000512e+01
1.301797800000000000e+10,-9.346999999999999886e+01
1.301797820000000000e+10,-9.407000000000000739e+01
1.301797840000000000e+10,-9.314000000000000057e+01
1.301797860000000000e+10,-9.290999999999999659e+01
1.301797880000000000e+10,-9.276999999999999602e+01
1.301797900000000000e+10,-9.246999999999999886e+01
1.301797920000000000e+10,-9.285000000000000853e+01
1.301797940000000000e+10,-9.304000000000000625e+01
1.301797960000000000e+10,-9.312999999999999545e+01
1.301797980000000000e+10,-9.356000000000000227e+01
1.301798000000000000e+10,-9.326000000000000512e+01
1.301798020000000000e+10,-9.312000000000000455e+01
1.301798040000000000e+10,-9.290000000000000568e+01
1.301798060000000000e+10,-9.268999999999999773e+01
1.301798080000000000e+10,-9.282999999999999829e+01
1.301798100000000000e+10,-9.290000000000000568e+01
1.301798120000000000e+10,-9.251000000000000512e+01
1.301798140000000000e+10,-9.303000000000000114e+01
1.301798160000000000e+10,-9.300000000000000000e+01
1.301798180000000000e+10,-9.256000000000000227e+01
1.301798200000000000e+10,-9.204000000000000625e+01
1.301798220000000000e+10,-9.237999999999999545e+01
1.301798240000000000e+10,-9.235000000000000853e+01
1.301798260000000000e+10,-9.259000000000000341e+01
1.301798280000000000e+10,-9.290000000000000568e+01
1.301798300000000000e+10,-9.254000000000000625e+01
1.301798320000000000e+10,-9.145000000000000284e+01
1.301798340000000000e+10,-9.190000000000000568e+01
1.301798360000000000e+10,-9.257999999999999829e+01
1.301798380000000000e+10,-9.354000000000000625e+01
1.301798400000000000e+10,-9.264000000000000057e+01
1.301798420000000000e+10,-9.335000000000000853e+01
1.301798440000000000e+10,-9.340999999999999659e+01
1.301798460000000000e+10,-9.181000000000000227e+01
1.301798480000000000e+10,-9.156000000000000227e+01
1.301798500000000000e+10,-9.140000000000000568e+01
1.301798520000000000e+10,-9.273999999999999488e+01
1.301798540000000000e+10,-9.271000000000000796e+01
1.301798560000000000e+10,-9.268999999999999773e+01
1.301798580000000000e+10,-9.257999999999999829e+01
1.301798600000000000e+10,-9.226999999999999602e+01
1.301798620000000000e+10,-9.221000000000000796e+01
1.301798640000000000e+10,-9.262000000000000455e+01
1.301798660000000000e+10,-9.321999999999999886e+01
1.301798680000000000e+10,-9.279000000000000625e+01
1.301798700000000000e+10,-9.223000000000000398e+01
1.301798720000000000e+10,-9.162999999999999545e+01
1.301798740000000000e+10,-9.179000000000000625e+01
1.301798760000000000e+10,-9.212000000000000455e+01
1.301798780000000000e+10,-9.248999999999999488e+01
1.301798800000000000e+10,-9.301000000000000512e+01
1.301798820000000000e+10,-9.371999999999999886e+01
1.301798840000000000e+10,-9.317000000000000171e+01
1.301798860000000000e+10,-9.345000000000000284e+01
1.301798880000000000e+10,-9.340000000000000568e+01
1.301798900000000000e+10,-9.340000000000000568e+01
1.301798920000000000e+10,-9.315000000000000568e+01
1.301798940000000000e+10,-9.314000000000000057e+01
1.301798960000000000e+10,-9.323000000000000398e+01
1.301798980000000000e+10,-9.373999999999999488e+01
1.301799000000000000e+10,-9.357000000000000739e+01
1.301799020000000000e+10,-9.334000000000000341e+01
1.301799040000000000e+10,-9.228000000000000114e+01
1.301799060000000000e+10,-9.268000000000000682e+01
1.301799080000000000e+10,-9.332999999999999829e+01
1.301799100000000000e+10,-9.296999999999999886e+01
1.301799120000000000e+10,-9.271999999999999886e+01
1.301799140000000000e+10,-9.295000000000000284e+01
1.301799160000000000e+10,-9.289000000000000057e+01
1.301799180000000000e+10,-9.343000000000000682e+01
1.301799200000000000e+10,-9.357000000000000739e+01
1.301799220000000000e+10,-9.350000000000000000e+01
1.301799240000000000e+10,-9.300000000000000000e+01
1.301799260000000000e+10,-9.285000000000000853e+01
1.301799280000000000e+10,-9.360000000000000853e+01
1.301799300000000000e+10,-9.204000000000000625e+01
1.301799320000000000e+10,-9.275000000000000000e+01
1.301799340000000000e+10,-9.323999999999999488e+01
1.301799360000000000e+10,-9.265000000000000568e+01
1.301799380000000000e+10,-9.229000000000000625e+01
1.301799400000000000e+10,-9.282999999999999829e+01
1.301799420000000000e+10,-9.331000000000000227e+01
1.301799440000000000e+10,-9.293000000000000682e+01
1.301799460000000000e+10,-9.345000000000000284e+01
1.301799480000000000e+10,-9.353000000000000114e+01
1.301799500000000000e+10,-9.350000000000000000e+01
1.301799520000000000e+10,-9.331000000000000227e+01
1.301799540000000000e+10,-9.295000000000000284e+01
1.301799560000000000e+10,-9.337000000000000455e+01
1.301799580000000000e+10,-9.268000000000000682e+01
1.301799600000000000e+10,-9.307000000000000739e+01
1.301799620000000000e+10,-9.200000000000000000e+01
1.301799640000000000e+10,-9.207000000000000739e+01
1.301799660000000000e+10,-9.235999999999999943e+01
1.301799680000000000e+10,-9.284000000000000341e+01
1.301799700000000000e+10,-9.335000000000000853e+01
1.301799720000000000e+10,-9.359000000000000341e+01
1.301799740000000000e+10,-9.335000000000000853e+01
1.301799760000000000e+10,-9.332000000000000739e+01
1.301799780000000000e+10,-9.445000000000000284e+01
1.301799800000000000e+10,-9.368000000000000682e+01
1.301799820000000000e+10,-9.357999999999999829e+01
1.301799840000000000e+10,-9.171999999999999886e+01
1.301799860000000000e+10,-9.132000000000000739e+01
1.301799880000000000e+10,-9.307999999999999829e+01
1.301799900000000000e+10,-9.334000000000000341e+01
1.301799920000000000e+10,-9.284000000000000341e+01
1.301799940000000000e+10,-9.245000000000000284e+01
1.301799960000000000e+10,-9.331000000000000227e+01
1.301799980000000000e+10,-9.321000000000000796e+01
1.301800000000000000e+10,-9.287999999999999545e+01
1.301800020000000000e+10,-9.312999999999999545e+01
1.301800040000000000e+10,-9.287999999999999545e+01
1.301800060000000000e+10,-9.262999999999999545e+01
1.301800080000000000e+10,-9.343000000000000682e+01
1.301800100000000000e+10,-9.329000000000000625e+01
1.301800120000000000e+10,-9.259000000000000341e+01
1.301800140000000000e+10,-9.226999999999999602e+01
1.301800160000000000e+10,-9.309000000000000341e+01
1.301800180000000000e+10,-9.290000000000000568e+01
1.301800200000000000e+10,-9.295000000000000284e+01
1.301800220000000000e+10,-9.375000000000000000e+01
1.301800240000000000e+10,-9.315000000000000568e+01
1.301800260000000000e+10,-9.326999999999999602e+01
1.301800280000000000e+10,-9.342000000000000171e+01
1.301800300000000000e+10,-9.315999999999999659e+01
1.301800320000000000e+10,-9.329000000000000625e+01
1.301800340000000000e+10,-9.332999999999999829e+01
1.301800360000000000e+10,-9.417000000000000171e+01
1.301800380000000000e+10,-9.273999999999999488e+01
1.301800400000000000e+10,-9.293999999999999773e+01
1.301800420000000000e+10,-9.343000000000000682e+01
1.301800440000000000e+10,-9.335999999999999943e+01
1.301800460000000000e+10,-9.343000000000000682e+01
1.301800480000000000e+10,-9.259000000000000341e+01
1.301800500000000000e+10,-9.237999999999999545e+01
1.301800520000000000e+10,-9.237000000000000455e+01
1.301800540000000000e+10,-9.343000000000000682e+01
1.301800560000000000e+10,-9.326999999999999602e+01
1.301800580000000000e+10,-9.309000000000000341e+01
1.301800600000000000e+10,-9.254999999999999716e+01
1.301800620000000000e+10,-9.215000000000000568e+01
1.301800640000000000e+10,-9.314000000000000057e+01
1.301800660000000000e+10,-9.329999999999999716e+01
1.301800680000000000e+10,-9.364000000000000057e+01
1.301800700000000000e+10,-9.368999999999999773e+01
1.301800720000000000e+10,-9.387999999999999545e+01
1.301800740000000000e+10,-9.271000000000000796e+01
1.301800760000000000e+10,-9.276000000000000512e+01
1.301800780000000000e+10,-9.296999999999999886e+01
1.301800800000000000e+10,-9.264000000000000057e+01
1.301800820000000000e+10,-9.295000000000000284e+01
1.301800840000000000e+10,-9.367000000000000171e+01
1.301800860000000000e+10,-9.321999999999999886e+01
1.301800880000000000e+10,-9.300000000000000000e+01
1.301800900000000000e+10,-9.304999999999999716e+01
1.301800920000000000e+10,-9.298000000000000398e+01
1.301800940000000000e+10,-9.331000000000000227e+01
1.301800960000000000e+10,-9.314000000000000057e+01
1.301800980000000000e+10,-9.323000000000000398e+01
1.301801000000000000e+10,-9.304999999999999716e+01
1.301801020000000000e+10,-9.325000000000000000e+01
1.301801040000000000e+10,-9.240000000000000568e+01
1.301801060000000000e+10,-9.295000000000000284e+01
1.301801080000000000e+10,-9.210999999999999943e+01
1.301801100000000000e+10,-9.118000000000000682e+01
1.301801120000000000e+10,-9.115999999999999659e+01
1.301801140000000000e+10,-8.981000000000000227e+01
1.301801160000000000e+10,-8.943000000000000682e+01
1.301801180000000000e+10,-9.015999999999999659e+01
1.301801200000000000e+10,-9.104000000000000625e+01
1.301801220000000000e+10,-9.179000000000000625e+01
1.301801240000000000e+10,-9.212000000000000455e+01
1.301801260000000000e+10,-9.243999999999999773e+01
1.301801280000000000e+10,-9.331000000000000227e+01
1.301801300000000000e+10,-9.235000000000000853e+01
1.301801320000000000e+10,-9.226999999999999602e+01
1.301801340000000000e+10,-9.298000000000000398e+01
1.301801360000000000e+10,-9.285999999999999943e+01
1.301801380000000000e+10,-9.340000000000000568e+01
1.301801400000000000e+10,-9.285999999999999943e+01
1.301801420000000000e+10,-9.268000000000000682e+01
1.301801440000000000e+10,-9.321000000000000796e+01
1.301801460000000000e+10,-9.289000000000000057e+01
1.301801480000000000e+10,-9.257999999999999829e+01
1.301801500000000000e+10,-9.290999999999999659e+01
1.301801520000000000e+10,-9.262000000000000455e+01
1.301801540000000000e+10,-9.295000000000000284e+01
1.301801560000000000e+10,-9.332000000000000739e+01
1.301801580000000000e+10,-9.357000000000000739e+01
1.301801600000000000e+10,-9.360000000000000853e+01
1.301801620000000000e+10,-9.287999999999999545e+01
1.301801640000000000e+10,-9.340000000000000568e+01
1.301801660000000000e+10,-9.345000000000000284e+01
1.301801680000000000e+10,-9.326999999999999602e+01
1.301801700000000000e+10,-9.223999999999999488e+01
1.301801720000000000e+10,-9.296000000000000796e+01
1.301801740000000000e+10,-9.314000000000000057e+01
1.301801760000000000e+10,-9.315999999999999659e+01
1.301801780000000000e+10,-9.303000000000000114e+01
1.301801800000000000e+10,-9.301000000000000512e+01
1.301801820000000000e+10,-9.295000000000000284e+01
1.301801840000000000e+10,-9.290000000000000568e+01
1.301801860000000000e+10,-9.329000000000000625e+01
1.301801880000000000e+10,-9.273999999999999488e+01
1.301801900000000000e+10,-9.204999999999999716e+01
1.301801920000000000e+10,-9.273999999999999488e+01
1.301801940000000000e+10,-9.318000000000000682e+01
1.301801960000000000e+10,-9.304999999999999716e+01
1.301801980000000000e+10,-9.370000000000000284e+01
1.301802000000000000e+10,-9.295000000000000284e+01
1.301802020000000000e+10,-9.132999999999999829e+01
1.301802040000000000e+10,-9.176999999999999602e+01
1.301802060000000000e+10,-9.354000000000000625e+01
1.301802080000000000e+10,-9.359000000000000341e+01
1.301802100000000000e+10,-9.332999999999999829e+01
1.301802120000000000e+10,-9.329000000000000625e+01
1.301802140000000000e+10,-9.293000000000000682e+01
1.301802160000000000e+10,-9.235999999999999943e+01
1.301802180000000000e+10,-9.225000000000000000e+01
1.301802200000000000e+10,-9.273999999999999488e+01
1.301802220000000000e+10,-9.268000000000000682e+01
1.301802240000000000e+10,-9.281000000000000227e+01
1.301802260000000000e+10,-9.284000000000000341e+01
1.301802280000000000e+10,-9.325000000000000000e+01
1.301802300000000000e+10,-9.329999999999999716e+01
1.301802320000000000e+10,-9.287000000000000455e+01
1.301802340000000000e+10,-9.318000000000000682e+01
1.301802360000000000e+10,-9.323000000000000398e+01
1.301802380000000000e+10,-9.290000000000000568e+01
1.301802400000000000e+10,-9.264000000000000057e+01
1.301802420000000000e+10,-9.285999999999999943e+01
1.301802440000000000e+10,-9.335000000000000853e+01
1.301802460000000000e+10,-9.262000000000000455e+01
1.301802480000000000e+10,-9.248000000000000398e+01
1.301802500000000000e+10,-9.271999999999999886e+01
1.301802520000000000e+10,-9.356000000000000227e+01
1.301802540000000000e+10,-9.298999999999999488e+01
1.301802560000000000e+10,-9.262000000000000455e+01
1.301802580000000000e+10,-9.379000000000000625e+01
1.301802600000000000e+10,-9.312999999999999545e+01
1.301802620000000000e+10,-9.276999999999999602e+01
1.301802640000000000e+10,-9.357000000000000739e+01
1.301802660000000000e+10,-9.385999999999999943e+01
1.301802680000000000e+10,-9.379000000000000625e+01
1.301802700000000000e+10,-9.354000000000000625e+01
1.301802720000000000e+10,-9.329999999999999716e+01
1.301802740000000000e+10,-9.321000000000000796e+01
1.301802760000000000e+10,-9.309000000000000341e+01
1.301802780000000000e+10,-9.256000000000000227e+01
1.301802800000000000e+10,-9.271999999999999886e+01
1.301802820000000000e+10,-9.234000000000000341e+01
1.301802840000000000e+10,-9.290000000000000568e+01
1.301802860000000000e+10,-9.260999999999999943e+01
1.301802880000000000e+10,-9.340999999999999659e+01
1.301802900000000000e+10,-9.395000000000000284e+01
1.301802920000000000e+10,-9.390999999999999659e+01
1.301802940000000000e+10,-9.398999999999999488e+01
1.301802960000000000e+10,-9.346000000000000796e+01
1.301802980000000000e+10,-9.376999999999999602e+01
1.301803000000000000e+10,-9.317000000000000171e+01
1.301803020000000000e+10,-9.370000000000000284e+01
1.301803040000000000e+10,-9.350000000000000000e+01
1.301803060000000000e+10,-9.335000000000000853e+01
1.301803080000000000e+10,-9.337999999999999545e+01
1.301803100000000000e+10,-9.287000000000000455e+01
1.301803120000000000e+10,-9.281000000000000227e+01
1.301803140000000000e+10,-9.293999999999999773e+01
1.301803160000000000e+10,-9.281000000000000227e+01
1.301803180000000000e+10,-9.226999999999999602e+01
1.301803200000000000e+10,-9.190000000000000568e+01
1.301803220000000000e+10,-9.323999999999999488e+01
1.301803240000000000e+10,-9.310000000000000853e+01
1.301803260000000000e+10,-9.300000000000000000e+01
1.301803280000000000e+10,-9.253000000000000114e+01
1.301803300000000000e+10,-9.357000000000000739e+01
1.301803320000000000e+10,-9.398999999999999488e+01
1.301803340000000000e+10,-9.395000000000000284e+01
1.301803360000000000e+10,-9.306000000000000227e+01
1.301803380000000000e+10,-9.271000000000000796e+01
1.301803400000000000e+10,-9.231000000000000227e+01
1.301803420000000000e+10,-9.304999999999999716e+01
1.301803440000000000e+10,-9.300000000000000000e+01
1.301803460000000000e+10,-9.335999999999999943e+01
1.301803480000000000e+10,-9.304999999999999716e+01
1.301803500000000000e+10,-9.317000000000000171e+01
1.301803520000000000e+10,-9.304000000000000625e+01
1.301803540000000000e+10,-9.348000000000000398e+01
1.301803560000000000e+10,-9.395000000000000284e+01
1.301803580000000000e+10,-9.318000000000000682e+01
1.301803600000000000e+10,-9.278000000000000114e+01
1.301803620000000000e+10,-9.235999999999999943e+01
1.301803640000000000e+10,-9.262999999999999545e+01
1.301803660000000000e+10,-9.284000000000000341e+01
1.301803680000000000e+10,-9.212000000000000455e+01
1.301803700000000000e+10,-9.189000000000000057e+01
1.301803720000000000e+10,-9.268999999999999773e+01
1.301803740000000000e+10,-9.340999999999999659e+01
1.301803760000000000e+10,-9.376999999999999602e+01
1.301803780000000000e+10,-9.325000000000000000e+01
1.301803800000000000e+10,-9.320000000000000284e+01
1.301803820000000000e+10,-9.257999999999999829e+01
1.301803840000000000e+10,-9.287999999999999545e+01
1.301803860000000000e+10,-9.229999999999999716e+01
1.301803880000000000e+10,-9.135999999999999943e+01
1.301803900000000000e+10,-9.190000000000000568e+01
1.301803920000000000e+10,-9.282999999999999829e+01
1.301803940000000000e+10,-9.296999999999999886e+01
1.301803960000000000e+10,-9.245000000000000284e+01
1.301803980000000000e+10,-9.215999999999999659e+01
1.301804000000000000e+10,-9.187999999999999545e+01
1.301804020000000000e+10,-9.245000000000000284e+01
1.301804040000000000e+10,-9.335000000000000853e+01
1.301804060000000000e+10,-9.310000000000000853e+01
1.301804080000000000e+10,-9.314000000000000057e+01
1.301804100000000000e+10,-9.285999999999999943e+01
1.301804120000000000e+10,-9.235999999999999943e+01
1.301804140000000000e+10,-9.226000000000000512e+01
1.301804160000000000e+10,-9.312999999999999545e+01
1.301804180000000000e+10,-9.329999999999999716e+01
1.301804200000000000e+10,-9.332000000000000739e+01
1.301804220000000000e+10,-9.365999999999999659e+01
1.301804240000000000e+10,-9.264000000000000057e+01
1.301804260000000000e+10,-9.235999999999999943e+01
1.301804280000000000e+10,-9.342000000000000171e+01
1.301804300000000000e+10,-9.323000000000000398e+01
1.301804320000000000e+10,-9.282000000000000739e+01
1.301804340000000000e+10,-9.229000000000000625e+01
1.301804360000000000e+10,-9.212000000000000455e+01
1.301804380000000000e+10,-9.285999999999999943e+01
1.301804400000000000e+10,-9.364000000000000057e+01
1.301804420000000000e+10,-9.343000000000000682e+01
1.301804440000000000e+10,-9.335999999999999943e+01
1.301804460000000000e+10,-9.271000000000000796e+01
1.301804480000000000e+10,-9.245000000000000284e+01
1.301804500000000000e+10,-9.282999999999999829e+01
1.301804520000000000e+10,-9.339000000000000057e+01
1.301804540000000000e+10,-9.278000000000000114e+01
1.301804560000000000e+10,-9.278000000000000114e+01
1.301804580000000000e+10,-9.250000000000000000e+01
1.301804600000000000e+10,-9.282000000000000739e+01
1.301804620000000000e+10,-9.293000000000000682e+01
1.301804640000000000e+10,-9.340000000000000568e+01
1.301804660000000000e+10,-9.335000000000000853e+01
1.301804680000000000e+10,-9.292000000000000171e+01
1.301804700000000000e+10,-9.207000000000000739e+01
1.301804720000000000e+10,-9.198000000000000398e+01
1.301804740000000000e+10,-9.346999999999999886e+01
1.301804760000000000e+10,-9.325000000000000000e+01
1.301804780000000000e+10,-9.345000000000000284e+01
1.301804800000000000e+10,-9.371999999999999886e+01
1.301804820000000000e+10,-9.339000000000000057e+01
1.301804840000000000e+10,-9.337999999999999545e+01
1.301804860000000000e+10,-9.357000000000000739e+01
1.301804880000000000e+10,-9.318000000000000682e+01
1.301804900000000000e+10,-9.354999999999999716e+01
1.301804920000000000e+10,-9.320000000000000284e+01
1.301804940000000000e+10,-9.370000000000000284e+01
1.301804960000000000e+10,-9.345000000000000284e+01
1.301804980000000000e+10,-9.259000000000000341e+01
1.301805000000000000e+10,-9.301999999999999602e+01
1.414995000000000000e+10,-9.729000000000000625e+01
1.414995020000000000e+10,-9.687000000000000455e+01
1.414995040000000000e+10,-9.745000000000000284e+01
1.414995060000000000e+10,-9.700000000000000000e+01
1.414995080000000000e+10,-9.662999999999999545e+01
1.414995100000000000e+10,-9.607000000000000739e+01
1.414995120000000000e+10,-9.604999999999999716e+01
1.414995140000000000e+10,-9.707000000000000739e+01
1.414995160000000000e+10,-9.725000000000000000e+01
1.414995180000000000e+10,-9.712000000000000455e+01
1.414995200000000000e+10,-9.703000000000000114e+01
1.414995220000000000e+10,-9.728000000000000114e+01
1.414995240000000000e+10,-9.729999999999999716e+01
1.414995260000000000e+10,-9.729000000000000625e+01
1.414995280000000000e+10,-9.635000000000000853e+01
1.414995300000000000e+10,-9.607999999999999829e+01
1.414995320000000000e+10,-9.675000000000000000e+01
1.414995340000000000e+10,-9.632000000000000739e+01
1.414995360000000000e+10,-9.599000000000000909e+01
1.414995380000000000e+10,-9.600000000000000000e+01
1.414995400000000000e+10,-9.667000000000000171e+01
1.414995420000000000e+10,-9.628000000000000114e+01
1.414995440000000000e+10,-9.649000000000000909e+01
1.414995460000000000e+10,-9.687000000000000455e+01
1.414995480000000000e+10,-9.710999999999999943e+01
1.414995500000000000e+10,-9.700000000000000000e+01
1.414995520000000000e+10,-9.724000000000000909e+01
1.414995540000000000e+10,-9.712999999999999545e+01
1.414995560000000000e+10,-9.693000000000000682e+01
1.414995580000000000e+10,-9.660000000000000853e+01
1.414995600000000000e+10,-9.707999999999999829e+01
1.414995620000000000e+10,-9.715000000000000568e+01
1.414995640000000000e+10,-9.779999999999999716e+01
1.414995660000000000e+10,-9.665999999999999659e+01
1.414995680000000000e+10,-9.621000000000000796e+01
1.414995700000000000e+10,-9.579999999999999716e+01
1.414995720000000000e+10,-9.700000000000000000e+01
1.414995740000000000e+10,-9.710000000000000853e+01
1.414995760000000000e+10,-9.701999999999999602e+01
1.414995780000000000e+10,-9.662999999999999545e+01
1.414995800000000000e+10,-9.740000000000000568e+01
1.414995820000000000e+10,-9.698000000000000398e+01
1.414995840000000000e+10,-9.665999999999999659e+01
1.414995860000000000e+10,-9.735000000000000853e+01
1.414995880000000000e+10,-9.660999999999999943e+01
1.414995900000000000e+10,-9.637000000000000455e+01
1.414995920000000000e+10,-9.637000000000000455e+01
1.414995940000000000e+10,-9.615999999999999659e+01
1.414995960000000000e+10,-9.657999999999999829e+01
1.414995980000000000e+10,-9.682999999999999829e+01
1.414996000000000000e+10,-9.670000000000000284e+01
1.414996020000000000e+10,-9.726999999999999602e+01
1.414996040000000000e+10,-9.698000000000000398e+01
1.414996060000000000e+10,-9.610999999999999943e+01
1.414996080000000000e+10,-9.571000000000000796e+01
1.414996100000000000e+10,-9.635000000000000853e+01
1.414996120000000000e+10,-9.649000000000000909e+01
1.414996140000000000e+10,-9.668000000000000682e+01
1.414996160000000000e+10,-9.729000000000000625e+01
1.414996180000000000e+10,-9.692000000000000171e+01
1.414996200000000000e+10,-9.739000000000000057e+01
1.414996220000000000e+10,-9.737000000000000455e+01
1.414996240000000000e+10,-9.717000000000000171e+01
1.414996260000000000e+10,-9.671000000000000796e+01
1.414996280000000000e+10,-9.714000000000000057e+01
1.414996300000000000e+10,-9.650000000000000000e+01
1.414996320000000000e+10,-9.635999999999999943e+01
1.414996340000000000e+10,-9.596999999999999886e+01
1.414996360000000000e+10,-9.629999999999999716e+01
1.414996380000000000e+10,-9.584000000000000341e+01
1.414996400000000000e+10,-9.610000000000000853e+01
1.414996420000000000e+10,-9.637000000000000455e+01
1.414996440000000000e+10,-9.590999999999999659e+01
1.414996460000000000e+10,-9.553000000000000114e+01
1.414996480000000000e+10,-9.607999999999999829e+01
1.414996500000000000e+10,-9.679999999999999716e+01
1.414996520000000000e+10,-9.654000000000000625e+01
1.414996540000000000e+10,-9.692000000000000171e+01
1.414996560000000000e+10,-9.726000000000000512e+01
1.414996580000000000e+10,-9.698000000000000398e+01
1.414996600000000000e+10,-9.592000000000000171e+01
1.414996620000000000e+10,-9.604000000000000625e+01
1.414996640000000000e+10,-9.735999999999999943e+01
1.414996660000000000e+10,-9.742000000000000171e+01
1.414996680000000000e+10,-9.735999999999999943e+01
1.414996700000000000e+10,-9.732999999999999829e+01
1.414996720000000000e+10,-9.728000000000000114e+01
1.414996740000000000e+10,-9.665999999999999659e+01
1.414996760000000000e+10,-9.626000000000000512e+01
1.414996780000000000e+10,-9.682000000000000739e+01
1.414996800000000000e+10,-9.676000000000000512e+01
1.414996820000000000e+10,-9.635999999999999943e+01
1.414996840000000000e+10,-9.679999999999999716e+01
1.414996860000000000e+10,-9.643999999999999773e+01
1.414996880000000000e+10,-9.679000000000000625e+01
1.414996900000000000e+10,-9.804000000000000625e+01
1.414996920000000000e+10,-9.707999999999999829e+01
1.414996940000000000e+10,-9.760999999999999943e+01
1.414996960000000000e+10,-9.757999999999999829e+01
1.414996980000000000e+10,-9.717000000000000171e+01
1.414997000000000000e+10,-9.717000000000000171e+01
1.414997020000000000e+10,-9.696999999999999886e+01
1.414997040000000000e+10,-9.729999999999999716e+01
1.414997060000000000e+10,-9.762999999999999545e+01
1.414997080000000000e+10,-9.685999999999999943e+01
1.414997100000000000e+10,-9.590999999999999659e+01
1.414997120000000000e+10,-9.693000000000000682e+01
1.414997140000000000e+10,-9.710000000000000853e+01
1.414997160000000000e+10,-9.704000000000000625e+01
1.414997180000000000e+10,-9.684000000000000341e+01
1.414997200000000000e+10,-9.675000000000000000e+01
1.414997220000000000e+10,-9.793999999999999773e+01
1.414997240000000000e+10,-9.776000000000000512e+01
1.414997260000000000e+10,-9.603000000000000114e+01
1.414997280000000000e+10,-9.564000000000000057e+01
1.414997300000000000e+10,-9.628000000000000114e+01
1.414997320000000000e+10,-9.654000000000000625e+01
1.414997340000000000e+10,-9.599000000000000909e+01
1.414997360000000000e+10,-9.693999999999999773e+01
1.414997380000000000e+10,-9.759000000000000341e+01
1.414997400000000000e+10,-9.785000000000000853e+01
1.414997420000000000e+10,-9.735999999999999943e+01
1.414997440000000000e+10,-9.717000000000000171e+01
1.414997460000000000e+10,-9.615000000000000568e+01
1.414997480000000000e+10,-9.639000000000000057e+01
1.414997500000000000e+10,-9.701999999999999602e+01
1.414997520000000000e+10,-9.662999999999999545e+01
1.414997540000000000e+10,-9.667000000000000171e+01
1.414997560000000000e+10,-9.693999999999999773e+01
1.414997580000000000e+10,-9.596999999999999886e+01
1.414997600000000000e+10,-9.568000000000000682e+01
1.414997620000000000e+10,-9.676999999999999602e+01
1.414997640000000000e+10,-9.639000000000000057e+01
1.414997660000000000e+10,-9.650000000000000000e+01
1.414997680000000000e+10,-9.700000000000000000e+01
1.414997700000000000e+10,-9.646999999999999886e+01
1.414997720000000000e+10,-9.645000000000000284e+01
1.414997740000000000e+10,-9.650000000000000000e+01
1.414997760000000000e+10,-9.624000000000000909e+01
1.414997780000000000e+10,-9.612000000000000455e+01
1.414997800000000000e+10,-9.637999999999999545e+01
1.414997820000000000e+10,-9.678000000000000114e+01
1.414997840000000000e+10,-9.653000000000000114e+01
1.414997860000000000e+10,-9.690000000000000568e+01
1.414997880000000000e+10,-9.773000000000000398e+01
1.414997900000000000e+10,-9.612999999999999545e+01
1.414997920000000000e+10,-9.590999999999999659e+01
1.414997940000000000e+10,-9.676000000000000512e+01
1.414997960000000000e+10,-9.749000000000000909e+01
1.414997980000000000e+10,-9.745000000000000284e+01
1.414998000000000000e+10,-9.754999999999999716e+01
1.414998020000000000e+10,-9.668000000000000682e+01
1.414998040000000000e+10,-9.628000000000000114e+01
1.414998060000000000e+10,-9.776000000000000512e+01
1.414998080000000000e+10,-9.660000000000000853e+01
1.414998100000000000e+10,-9.623000000000000398e+01
1.414998120000000000e+10,-9.662000000000000455e+01
1.414998140000000000e+10,-9.746999999999999886e+01
1.414998160000000000e+10,-9.703000000000000114e+01
1.414998180000000000e+10,-9.676999999999999602e+01
1.414998200000000000e+10,-9.653000000000000114e+01
1.414998220000000000e+10,-9.681000000000000227e+01
1.414998240000000000e+10,-9.703000000000000114e+01
1.414998260000000000e+10,-9.609000000000000341e+01
1.414998280000000000e+10,-9.607999999999999829e+01
1.414998300000000000e+10,-9.607999999999999829e+01
1.414998320000000000e+10,-9.635999999999999943e+01
1.414998340000000000e+10,-9.635000000000000853e+01
1.414998360000000000e+10,-9.712999999999999545e+01
1.414998380000000000e+10,-9.793999999999999773e+01
1.414998400000000000e+10,-9.721999999999999886e+01
1.414998420000000000e+10,-9.704999999999999716e+01
1.414998440000000000e+10,-9.740000000000000568e+01
1.414998460000000000e+10,-9.681000000000000227e+01
1.414998480000000000e+10,-9.668000000000000682e+01
1.414998500000000000e+10,-9.685000000000000853e+01
1.414998520000000000e+10,-9.720000000000000284e+01
1.414998540000000000e+10,-9.707999999999999829e+01
1.414998560000000000e+10,-9.726000000000000512e+01
1.414998580000000000e+10,-9.676000000000000512e+01
1.414998600000000000e+10,-9.671000000000000796e+01
1.414998620000000000e+10,-9.757999999999999829e+01
1.414998640000000000e+10,-9.778000000000000114e+01
1.414998660000000000e+10,-9.703000000000000114e+01
1.414998680000000000e+10,-9.721000000000000796e+01
1.414998700000000000e+10,-9.707999999999999829e+01
1.414998720000000000e+10,-9.754999999999999716e+01
1.414998740000000000e+10,-9.717000000000000171e+01
1.414998760000000000e+10,-9.757999999999999829e+01
1.414998780000000000e+10,-9.676000000000000512e+01
1.414998800000000000e+10,-9.629999999999999716e+01
1.414998820000000000e+10,-9.657000000000000739e+01
1.414998840000000000e+10,-9.665000000000000568e+01
1.414998860000000000e+10,-9.651999999999999602e+01
1.414998880000000000e+10,-9.701999999999999602e+01
1.414998900000000000e+10,-9.689000000000000057e+01
1.414998920000000000e+10,-9.679999999999999716e+01
1.414998940000000000e+10,-9.662999999999999545e+01
1.414998960000000000e+10,-9.720000000000000284e+01
1.414998980000000000e+10,-9.689000000000000057e+01
1.414999000000000000e+10,-9.665000000000000568e+01
1.414999020000000000e+10,-9.682999999999999829e+01
1.414999040000000000e+10,-9.664000000000000057e+01
1.414999060000000000e+10,-9.662000000000000455e+01
1.414999080000000000e+10,-9.607999999999999829e+01
1.414999100000000000e+10,-9.604999999999999716e+01
1.414999120000000000e+10,-9.590000000000000568e+01
1.414999140000000000e+10,-9.557999999999999829e+01
1.414999160000000000e+10,-9.731000000000000227e+01
1.414999180000000000e+10,-9.753000000000000114e+01
1.414999200000000000e+10,-9.712999999999999545e+01
1.414999220000000000e+10,-9.712000000000000455e+01
1.414999240000000000e+10,-9.664000000000000057e+01
1.414999260000000000e+10,-9.640999999999999659e+01
1.414999280000000000e+10,-9.623000000000000398e+01
1.414999300000000000e+10,-9.598000000000000398e+01
1.414999320000000000e+10,-9.593000000000000682e+01
1.414999340000000000e+10,-9.610000000000000853e+01
1.414999360000000000e+10,-9.654000000000000625e+01
1.414999380000000000e+10,-9.689000000000000057e+01
1.414999400000000000e+10,-9.674000000000000909e+01
1.414999420000000000e+10,-9.721999999999999886e+01
1.414999440000000000e+10,-9.729999999999999716e+01
1.414999460000000000e+10,-9.599000000000000909e+01
1.414999480000000000e+10,-9.625000000000000000e+01
1.414999500000000000e+10,-9.689000000000000057e+01
1.414999520000000000e+10,-9.678000000000000114e+01
1.414999540000000000e+10,-9.657999999999999829e+01
1.414999560000000000e+10,-9.696999999999999886e+01
1.414999580000000000e+10,-9.721999999999999886e+01
1.414999600000000000e+10,-9.684000000000000341e+01
1.414999620000000000e+10,-9.682000000000000739e+01
1.414999640000000000e+10,-9.726000000000000512e+01
1.414999660000000000e+10,-9.785000000000000853e+01
1.414999680000000000e+10,-9.717000000000000171e+01
1.414999700000000000e+10,-9.665000000000000568e+01
1.414999720000000000e+10,-9.703000000000000114e+01
1.414999740000000000e+10,-9.671000000000000796e+01
1.414999760000000000e+10,-9.704999999999999716e+01
1.414999780000000000e+10,-9.712999999999999545e+01
1.414999800000000000e+10,-9.757000000000000739e+01
1.414999820000000000e+10,-9.765999999999999659e+01
1.414999840000000000e+10,-9.734000000000000341e+01
1.414999860000000000e+10,-9.715000000000000568e+01
1.414999880000000000e+10,-9.643999999999999773e+01
1.414999900000000000e+10,-9.621000000000000796e+01
1.414999920000000000e+10,-9.743999999999999773e+01
1.414999940000000000e+10,-9.720000000000000284e+01
1.414999960000000000e+10,-9.604999999999999716e+01
1.414999980000000000e+10,-9.651000000000000512e+01
1.415000000000000000e+10,-9.732000000000000739e+01
1.415000020000000000e+10,-9.676000000000000512e+01
1.415000040000000000e+10,-9.726000000000000512e+01
1.415000060000000000e+10,-9.724000000000000909e+01
1.415000080000000000e+10,-9.674000000000000909e+01
1.415000100000000000e+10,-9.715000000000000568e+01
1.415000120000000000e+10,-9.687000000000000455e+01
1.415000140000000000e+10,-9.735000000000000853e+01
1.415000160000000000e+10,-9.703000000000000114e+01
1.415000180000000000e+10,-9.726000000000000512e+01
1.415000200000000000e+10,-9.704000000000000625e+01
1.415000220000000000e+10,-9.682999999999999829e+01
1.415000240000000000e+10,-9.621000000000000796e+01
1.415000260000000000e+10,-9.675000000000000000e+01
1.415000280000000000e+10,-9.739000000000000057e+01
1.415000300000000000e+10,-9.687000000000000455e+01
1.415000320000000000e+10,-9.653000000000000114e+01
1.415000340000000000e+10,-9.662000000000000455e+01
1.415000360000000000e+10,-9.726000000000000512e+01
1.415000380000000000e+10,-9.667000000000000171e+01
1.415000400000000000e+10,-9.645000000000000284e+01
1.415000420000000000e+10,-9.612000000000000455e+01
1.415000440000000000e+10,-9.628000000000000114e+01
1.415000460000000000e+10,-9.674000000000000909e+01
1.415000480000000000e+10,-9.695000000000000284e+01
1.415000500000000000e+10,-9.687000000000000455e+01
1.415000520000000000e+10,-9.660000000000000853e+01
1.415000540000000000e+10,-9.635000000000000853e+01
1.415000560000000000e+10,-9.615999999999999659e+01
1.415000580000000000e+10,-9.626000000000000512e+01
1.415000600000000000e+10,-9.762000000000000455e+01
1.415000620000000000e+10,-9.740999999999999659e+01
1.415000640000000000e+10,-9.729999999999999716e+01
1.415000660000000000e+10,-9.639000000000000057e+01
1.415000680000000000e+10,-9.639000000000000057e+01
1.415000700000000000e+10,-9.671000000000000796e+01
1.415000720000000000e+10,-9.654000000000000625e+01
1.415000740000000000e+10,-9.715999999999999659e+01
1.415000760000000000e+10,-9.634000000000000341e+01
1.415000780000000000e+10,-9.571999999999999886e+01
1.415000800000000000e+10,-9.593000000000000682e+01
1.415000820000000000e+10,-9.690000000000000568e+01
1.415000840000000000e+10,-9.642000000000000171e+01
1.415000860000000000e+10,-9.685000000000000853e+01
1.415000880000000000e+10,-9.618000000000000682e+01
1.415000900000000000e+10,-9.590999999999999659e+01
1.415000920000000000e+10,-9.629999999999999716e+01
1.415000940000000000e+10,-9.681000000000000227e+01
1.415000960000000000e+10,-9.721000000000000796e+01
1.415000980000000000e+10,-9.756000000000000227e+01
1.415001000000000000e+10,-9.712000000000000455e+01
1.415001020000000000e+10,-9.673000000000000398e+01
1.415001040000000000e+10,-9.723000000000000398e+01
1.415001060000000000e+10,-9.707000000000000739e+01
1.415001080000000000e+10,-9.687000000000000455e+01
1.415001100000000000e+10,-9.762000000000000455e+01
1.415001120000000000e+10,-9.687000000000000455e+01
1.415001140000000000e+10,-9.656000000000000227e+01
1.415001160000000000e+10,-9.570000000000000284e+01
1.415001180000000000e+10,-9.610000000000000853e+01
1.415001200000000000e+10,-9.632000000000000739e+01
1.415001220000000000e+10,-9.593000000000000682e+01
1.415001240000000000e+10,-9.571000000000000796e+01
1.415001260000000000e+10,-9.650000000000000000e+01
1.415001280000000000e+10,-9.654999999999999716e+01
1.415001300000000000e+10,-9.649000000000000909e+01
1.415001320000000000e+10,-9.598000000000000398e+01
1.415001340000000000e+10,-9.576000000000000512e+01
1.415001360000000000e+10,-9.635000000000000853e+01
1.415001380000000000e+10,-9.679999999999999716e+01
1.415001400000000000e+10,-9.653000000000000114e+01
1.415001420000000000e+10,-9.699000000000000909e+01
1.415001440000000000e+10,-9.693999999999999773e+01
1.415001460000000000e+10,-9.696000000000000796e+01
1.415001480000000000e+10,-9.714000000000000057e+01
1.415001500000000000e+10,-9.718000000000000682e+01
1.415001520000000000e+10,-9.621000000000000796e+01
1.415001540000000000e+10,-9.584000000000000341e+01
1.415001560000000000e+10,-9.721999999999999886e+01
1.415001580000000000e+10,-9.635000000000000853e+01
1.415001600000000000e+10,-9.626000000000000512e+01
1.415001620000000000e+10,-9.678000000000000114e+01
1.415001640000000000e+10,-9.657999999999999829e+01
1.415001660000000000e+10,-9.775000000000000000e+01
1.415001680000000000e+10,-9.682000000000000739e+01
1.415001700000000000e+10,-9.643999999999999773e+01
1.415001720000000000e+10,-9.765999999999999659e+01
1.415001740000000000e+10,-9.776000000000000512e+01
1.415001760000000000e+10,-9.746000000000000796e+01
1.415001780000000000e+10,-9.698000000000000398e+01
1.415001800000000000e+10,-9.645000000000000284e+01
1.415001820000000000e+10,-9.679999999999999716e+01
1.415001840000000000e+10,-9.703000000000000114e+01
1.415001860000000000e+10,-9.628000000000000114e+01
1.415001880000000000e+10,-9.653000000000000114e+01
1.415001900000000000e+10,-9.673000000000000398e+01
1.415001920000000000e+10,-9.703000000000000114e+01
1.415001940000000000e+10,-9.679000000000000625e+01
1.415001960000000000e+10,-9.812000000000000455e+01
1.415001980000000000e+10,-9.779999999999999716e+01
1.415002000000000000e+10,-9.721000000000000796e+01
1.415002020000000000e+10,-9.682999999999999829e+01
1.415002040000000000e+10,-9.735000000000000853e+01
1.415002060000000000e+10,-9.729999999999999716e+01
1.415002080000000000e+10,-9.696999999999999886e+01
1.415002100000000000e+10,-9.685999999999999943e+01
1.415002120000000000e+10,-9.671000000000000796e+01
1.415002140000000000e+10,-9.685999999999999943e+01
1.415002160000000000e+10,-9.726000000000000512e+01
1.415002180000000000e+10,-9.618000000000000682e+01
1.415002200000000000e+10,-9.578000000000000114e+01
1.415002220000000000e+10,-9.546999999999999886e+01
1.415002240000000000e+10,-9.653000000000000114e+01
1.415002260000000000e+10,-9.689000000000000057e+01
1.415002280000000000e+10,-9.723000000000000398e+01
1.415002300000000000e+10,-9.764000000000000057e+01
1.415002320000000000e+10,-9.776000000000000512e+01
1.415002340000000000e+10,-9.662000000000000455e+01
1.415002360000000000e+10,-9.625000000000000000e+01
1.415002380000000000e+10,-9.726000000000000512e+01
1.415002400000000000e+10,-9.737000000000000455e+01
1.415002420000000000e+10,-9.759000000000000341e+01
1.415002440000000000e+10,-9.714000000000000057e+01
1.415002460000000000e+10,-9.674000000000000909e+01
1.415002480000000000e+10,-9.759000000000000341e+01
1.415002500000000000e+10,-9.565000000000000568e+01
1.415002520000000000e+10,-9.606000000000000227e+01
1.415002540000000000e+10,-9.595000000000000284e+01
1.415002560000000000e+10,-9.764000000000000057e+01
1.415002580000000000e+10,-9.724000000000000909e+01
1.415002600000000000e+10,-9.754000000000000625e+01
1.415002620000000000e+10,-9.679999999999999716e+01
1.415002640000000000e+10,-9.700000000000000000e+01
1.415002660000000000e+10,-9.657999999999999829e+01
1.415002680000000000e+10,-9.618999999999999773e+01
1.415002700000000000e+10,-9.504000000000000625e+01
1.415002720000000000e+10,-9.473000000000000398e+01
1.415002740000000000e+10,-9.621000000000000796e+01
1.415002760000000000e+10,-9.581000000000000227e+01
1.415002780000000000e+10,-9.571999999999999886e+01
1.415002800000000000e+10,-9.632000000000000739e+01
1.415002820000000000e+10,-9.635000000000000853e+01
1.415002840000000000e+10,-9.718999999999999773e+01
1.415002860000000000e+10,-9.740999999999999659e+01
1.415002880000000000e+10,-9.643000000000000682e+01
1.415002900000000000e+10,-9.635999999999999943e+01
1.415002920000000000e+10,-9.687000000000000455e+01
1.415002940000000000e+10,-9.634000000000000341e+01
1.415002960000000000e+10,-9.673000000000000398e+01
1.415002980000000000e+10,-9.626000000000000512e+01
1.415003000000000000e+10,-9.671000000000000796e+01
1.415003020000000000e+10,-9.690000000000000568e+01
1.415003040000000000e+10,-9.660000000000000853e+01
1.415003060000000000e+10,-9.618999999999999773e+01
1.415003080000000000e+10,-9.685000000000000853e+01
1.415003100000000000e+10,-9.637000000000000455e+01
1.415003120000000000e+10,-9.646999999999999886e+01
1.415003140000000000e+10,-9.692000000000000171e+01
1.415003160000000000e+10,-9.637999999999999545e+01
1.415003180000000000e+10,-9.624000000000000909e+01
1.415003200000000000e+10,-9.637000000000000455e+01
1.415003220000000000e+10,-9.615999999999999659e+01
1.415003240000000000e+10,-9.582999999999999829e+01
1.415003260000000000e+10,-9.615999999999999659e+01
1.415003280000000000e+10,-9.668000000000000682e+01
1.415003300000000000e+10,-9.726000000000000512e+01
1.415003320000000000e+10,-9.653000000000000114e+01
1.415003340000000000e+10,-9.709000000000000341e+01
1.415003360000000000e+10,-9.696000000000000796e+01
1.415003380000000000e+10,-9.726000000000000512e+01
1.415003400000000000e+10,-9.618999999999999773e+01
1.415003420000000000e+10,-9.675000000000000000e+01
1.415003440000000000e+10,-9.771000000000000796e+01
1.415003460000000000e+10,-9.720000000000000284e+01
1.415003480000000000e+10,-9.706000000000000227e+01
1.415003500000000000e+10,-9.660000000000000853e+01
1.415003520000000000e+10,-9.723000000000000398e+01
1.415003540000000000e+10,-9.760000000000000853e+01
1.415003560000000000e+10,-9.724000000000000909e+01
1.415003580000000000e+10,-9.689000000000000057e+01
1.415003600000000000e+10,-9.642000000000000171e+01
1.415003620000000000e+10,-9.685000000000000853e+01
1.415003640000000000e+10,-9.671000000000000796e+01
1.415003660000000000e+10,-9.676000000000000512e+01
1.415003680000000000e+10,-9.721999999999999886e+01
1.415003700000000000e+10,-9.635000000000000853e+01
1.415003720000000000e+10,-9.662000000000000455e+01
1.415003740000000000e+10,-9.639000000000000057e+01
1.415003760000000000e+10,-9.690999999999999659e+01
1.415003780000000000e+10,-9.657999999999999829e+01
1.415003800000000000e+10,-9.660999999999999943e+01
1.415003820000000000e+10,-9.610000000000000853e+01
1.415003840000000000e+10,-9.571000000000000796e+01
1.415003860000000000e+10,-9.618999999999999773e+01
1.415003880000000000e+10,-9.759000000000000341e+01
1.415003900000000000e+10,-9.767000000000000171e+01
1.415003920000000000e+10,-9.771000000000000796e+01
1.415003940000000000e+10,-9.732000000000000739e+01
1.415003960000000000e+10,-9.760999999999999943e+01
1.415003980000000000e+10,-9.771000000000000796e+01
1.415004000000000000e+10,-9.732999999999999829e+01
1.415004020000000000e+10,-9.745000000000000284e+01
1.415004040000000000e+10,-9.682999999999999829e+01
1.415004060000000000e+10,-9.671000000000000796e+01
1.415004080000000000e+10,-9.739000000000000057e+01
1.415004100000000000e+10,-9.754999999999999716e+01
1.415004120000000000e+10,-9.701999999999999602e+01
1.415004140000000000e+10,-9.665999999999999659e+01
1.415004160000000000e+10,-9.685999999999999943e+01
1.415004180000000000e+10,-9.635000000000000853e+01
1.415004200000000000e+10,-9.667000000000000171e+01
1.415004220000000000e+10,-9.767000000000000171e+01
1.415004240000000000e+10,-9.790000000000000568e+01
1.415004260000000000e+10,-9.729000000000000625e+01
1.415004280000000000e+10,-9.692000000000000171e+01
1.415004300000000000e+10,-9.740000000000000568e+01
1.415004320000000000e+10,-9.707999999999999829e+01
1.415004340000000000e+10,-9.749000000000000909e+01
1.415004360000000000e+10,-9.743999999999999773e+01
1.415004380000000000e+10,-9.717000000000000171e+01
1.415004400000000000e+10,-9.682000000000000739e+01
1.415004420000000000e+10,-9.662000000000000455e+01
1.415004440000000000e+10,-9.664000000000000057e+01
1.415004460000000000e+10,-9.648000000000000398e+01
1.415004480000000000e+10,-9.674000000000000909e+01
1.415004500000000000e+10,-9.615000000000000568e+01
1.415004520000000000e+10,-9.637999999999999545e+01
1.415004540000000000e+10,-9.706000000000000227e+01
1.415004560000000000e+10,-9.724000000000000909e+01
1.415004580000000000e+10,-9.712000000000000455e+01
1.415004600000000000e+10,-9.707000000000000739e+01
1.415004620000000000e+10,-9.740000000000000568e+01
1.415004640000000000e+10,-9.768999999999999773e+01
1.415004660000000000e+10,-9.668999999999999773e+01
1.415004680000000000e+10,-9.615000000000000568e+01
1.415004700000000000e+10,-9.643000000000000682e+01
1.415004720000000000e+10,-9.635000000000000853e+01
1.415004740000000000e+10,-9.609000000000000341e+01
1.415004760000000000e+10,-9.667000000000000171e+01
1.415004780000000000e+10,-9.704000000000000625e+01
1.415004800000000000e+10,-9.740999999999999659e+01
1.415004820000000000e+10,-9.729000000000000625e+01
1.415004840000000000e+10,-9.712000000000000455e+01
1.415004860000000000e+10,-9.673000000000000398e+01
1.415004880000000000e+10,-9.703000000000000114e+01
1.415004900000000000e+10,-9.707000000000000739e+01
1.415004920000000000e+10,-9.629999999999999716e+01
1.415004940000000000e+10,-9.628000000000000114e+01
1.415004960000000000e+10,-9.696000000000000796e+01
1.415004980000000000e+10,-9.703000000000000114e+01
1.415005000000000000e+10,-9.734000000000000341e+01
1.528195000000000000e+10,-9.685000000000000853e+01
1.528195020000000000e+10,-9.625000000000000000e+01
1.528195040000000000e+10,-9.617000000000000171e+01
1.528195060000000000e+10,-9.648000000000000398e+01
1.528195080000000000e+10,-9.695000000000000284e+01
1.528195100000000000e+10,-9.751000000000000512e+01
1.528195120000000000e+10,-9.667000000000000171e+01
1.528195140000000000e+10,-9.665999999999999659e+01
1.528195160000000000e+10,-9.690000000000000568e+01
1.528195180000000000e+10,-9.682999999999999829e+01
1.528195200000000000e+10,-9.635000000000000853e+01
1.528195220000000000e+10,-9.607999999999999829e+01
1.528195240000000000e+10,-9.634000000000000341e+01
1.528195260000000000e+10,-9.626999999999999602e+01
1.528195280000000000e+10,-9.703000000000000114e+01
1.528195300000000000e+10,-9.681000000000000227e+01
1.528195320000000000e+10,-9.662999999999999545e+01
1.528195340000000000e+10,-9.651999999999999602e+01
1.528195360000000000e+10,-9.685999999999999943e+01
1.528195380000000000e+10,-9.653000000000000114e+01
1.528195400000000000e+10,-9.704999999999999716e+01
1.528195420000000000e+10,-9.684000000000000341e+01
1.528195440000000000e+10,-9.704999999999999716e+01
1.528195460000000000e+10,-9.665999999999999659e+01
1.528195480000000000e+10,-9.704999999999999716e+01
1.528195500000000000e+10,-9.700000000000000000e+01
1.528195520000000000e+10,-9.657999999999999829e+01
1.528195540000000000e+10,-9.596000000000000796e+01
1.528195560000000000e+10,-9.556000000000000227e+01
1.528195580000000000e+10,-9.662000000000000455e+01
1.528195600000000000e+10,-9.626999999999999602e+01
1.528195620000000000e+10,-9.626000000000000512e+01
1.528195640000000000e+10,-9.721000000000000796e+01
1.528195660000000000e+10,-9.723000000000000398e+01
1.528195680000000000e+10,-9.737000000000000455e+01
1.528195700000000000e+10,-9.676000000000000512e+01
1.528195720000000000e+10,-9.696999999999999886e+01
1.528195740000000000e+10,-9.718000000000000682e+01
1.528195760000000000e+10,-9.679999999999999716e+01
1.528195780000000000e+10,-9.704999999999999716e+01
1.528195800000000000e+10,-9.715000000000000568e+01
1.528195820000000000e+10,-9.698000000000000398e+01
1.528195840000000000e+10,-9.678000000000000114e+01
1.528195860000000000e+10,-9.721000000000000796e+01
1.528195880000000000e+10,-9.657999999999999829e+01
1.528195900000000000e+10,-9.707999999999999829e+01
1.528195920000000000e+10,-9.642000000000000171e+01
1.528195940000000000e+10,-9.684000000000000341e+01
1.528195960000000000e+10,-9.657999999999999829e+01
1.528195980000000000e+10,-9.671000000000000796e+01
1.528196000000000000e+10,-9.632000000000000739e+01
1.528196020000000000e+10,-9.601000000000000512e+01
1.528196040000000000e+10,-9.614000000000000057e+01
1.528196060000000000e+10,-9.617000000000000171e+01
1.528196080000000000e+10,-9.635000000000000853e+01
1.528196100000000000e+10,-9.624000000000000909e+01
1.528196120000000000e+10,-9.651999999999999602e+01
1.528196140000000000e+10,-9.687000000000000455e+01
1.528196160000000000e+10,-9.590000000000000568e+01
1.528196180000000000e+10,-9.649000000000000909e+01
1.528196200000000000e+10,-9.707999999999999829e+01
1.528196220000000000e+10,-9.701000000000000512e+01
1.528196240000000000e+10,-9.634000000000000341e+01
1.528196260000000000e+10,-9.667000000000000171e+01
1.528196280000000000e+10,-9.651999999999999602e+01
1.528196300000000000e+10,-9.726000000000000512e+01
1.528196320000000000e+10,-9.685999999999999943e+01
1.528196340000000000e+10,-9.693999999999999773e+01
1.528196360000000000e+10,-9.793000000000000682e+01
1.528196380000000000e+10,-9.715999999999999659e+01
1.528196400000000000e+10,-9.731000000000000227e+01
1.528196420000000000e+10,-9.721000000000000796e+01
1.528196440000000000e+10,-9.734000000000000341e+01
1.528196460000000000e+10,-9.748000000000000398e+01
1.528196480000000000e+10,-9.771999999999999886e+01
1.528196500000000000e+10,-9.735000000000000853e+01
1.528196520000000000e+10,-9.718000000000000682e+01
1.528196540000000000e+10,-9.710999999999999943e+01
1.528196560000000000e+10,-9.737000000000000455e+01
1.528196580000000000e+10,-9.667000000000000171e+01
1.528196600000000000e+10,-9.712000000000000455e+01
1.528196620000000000e+10,-9.662999999999999545e+01
1.528196640000000000e+10,-9.650000000000000000e+01
1.528196660000000000e+10,-9.650000000000000000e+01
1.528196680000000000e+10,-9.721000000000000796e+01
1.528196700000000000e+10,-9.681000000000000227e+01
1.528196720000000000e+10,-9.593000000000000682e+01
1.528196740000000000e+10,-9.654999999999999716e+01
1.528196760000000000e+10,-9.681000000000000227e+01
1.528196780000000000e+10,-9.707999999999999829e+01
1.528196800000000000e+10,-9.645000000000000284e+01
1.528196820000000000e+10,-9.606000000000000227e+01
1.528196840000000000e+10,-9.640999999999999659e+01
1.528196860000000000e+10,-9.567000000000000171e+01
1.528196880000000000e+10,-9.567000000000000171e+01
1.528196900000000000e+10,-9.617000000000000171e+01
1.528196920000000000e+10,-9.717000000000000171e+01
1.528196940000000000e+10,-9.678000000000000114e+01
1.528196960000000000e+10,-9.485000000000000853e+01
1.528196980000000000e+10,-9.498999999999999488e+01
1.528197000000000000e+10,-9.585999999999999943e+01
1.528197020000000000e+10,-9.715000000000000568e+01
1.528197040000000000e+10,-9.729999999999999716e+01
1.528197060000000000e+10,-9.695000000000000284e+01
1.528197080000000000e+10,-9.745000000000000284e+01
1.528197100000000000e+10,-9.710000000000000853e+01
1.528197120000000000e+10,-9.754000000000000625e+01
1.528197140000000000e+10,-9.671000000000000796e+01
1.528197160000000000e+10,-9.637999999999999545e+01
1.528197180000000000e+10,-9.700000000000000000e+01
1.528197200000000000e+10,-9.609000000000000341e+01
1.528197220000000000e+10,-9.649000000000000909e+01
1.528197240000000000e+10,-9.645000000000000284e+01
1.528197260000000000e+10,-9.685000000000000853e+01
1.528197280000000000e+10,-9.731000000000000227e+01
1.528197300000000000e+10,-9.732000000000000739e+01
1.528197320000000000e+10,-9.732999999999999829e+01
1.528197340000000000e+10,-9.724000000000000909e+01
1.528197360000000000e+10,-9.701000000000000512e+01
1.528197380000000000e+10,-9.618999999999999773e+01
1.528197400000000000e+10,-9.624000000000000909e+01
1.528197420000000000e+10,-9.651999999999999602e+01
1.528197440000000000e+10,-9.685999999999999943e+01
1.528197460000000000e+10,-9.615000000000000568e+01
1.528197480000000000e+10,-9.554000000000000625e+01
1.528197500000000000e+10,-9.525000000000000000e+01
1.528197520000000000e+10,-9.639000000000000057e+01
1.528197540000000000e+10,-9.671999999999999886e+01
1.528197560000000000e+10,-9.642000000000000171e+01
1.528197580000000000e+10,-9.784000000000000341e+01
1.528197600000000000e+10,-9.757999999999999829e+01
1.528197620000000000e+10,-9.721000000000000796e+01
1.528197640000000000e+10,-9.629999999999999716e+01
1.528197660000000000e+10,-9.662000000000000455e+01
1.528197680000000000e+10,-9.632999999999999829e+01
1.528197700000000000e+10,-9.712000000000000455e+01
1.528197720000000000e+10,-9.714000000000000057e+01
1.528197740000000000e+10,-9.598000000000000398e+01
1.528197760000000000e+10,-9.554999999999999716e+01
1.528197780000000000e+10,-9.728000000000000114e+01
1.528197800000000000e+10,-9.779999999999999716e+01
1.528197820000000000e+10,-9.704999999999999716e+01
1.528197840000000000e+10,-9.693999999999999773e+01
1.528197860000000000e+10,-9.679000000000000625e+01
1.528197880000000000e+10,-9.620000000000000284e+01
1.528197900000000000e+10,-9.612999999999999545e+01
1.528197920000000000e+10,-9.682000000000000739e+01
1.528197940000000000e+10,-9.682000000000000739e+01
1.528197960000000000e+10,-9.690000000000000568e+01
1.528197980000000000e+10,-9.700000000000000000e+01
1.528198000000000000e+10,-9.554999999999999716e+01
1.528198020000000000e+10,-9.603000000000000114e+01
1.528198040000000000e+10,-9.665000000000000568e+01
1.528198060000000000e+10,-9.570000000000000284e+01
1.528198080000000000e+10,-9.531000000000000227e+01
1.528198100000000000e+10,-9.629000000000000625e+01
1.528198120000000000e+10,-9.704000000000000625e+01
1.528198140000000000e+10,-9.712000000000000455e+01
1.528198160000000000e+10,-9.717000000000000171e+01
1.528198180000000000e+10,-9.746000000000000796e+01
1.528198200000000000e+10,-9.740000000000000568e+01
1.528198220000000000e+10,-9.689000000000000057e+01
1.528198240000000000e+10,-9.584000000000000341e+01
1.528198260000000000e+10,-9.548999999999999488e+01
1.528198280000000000e+10,-9.540000000000000568e+01
1.528198300000000000e+10,-9.640000000000000568e+01
1.528198320000000000e+10,-9.676000000000000512e+01
1.528198340000000000e+10,-9.699000000000000909e+01
1.528198360000000000e+10,-9.657999999999999829e+01
1.528198380000000000e+10,-9.671000000000000796e+01
1.528198400000000000e+10,-9.712000000000000455e+01
1.528198420000000000e+10,-9.715999999999999659e+01
1.528198440000000000e+10,-9.632000000000000739e+01
1.528198460000000000e+10,-9.676000000000000512e+01
1.528198480000000000e+10,-9.648000000000000398e+01
1.528198500000000000e+10,-9.737999999999999545e+01
1.528198520000000000e+10,-9.685000000000000853e+01
1.528198540000000000e+10,-9.684000000000000341e+01
1.528198560000000000e+10,-9.601999999999999602e+01
1.528198580000000000e+10,-9.637999999999999545e+01
1.528198600000000000e+10,-9.643999999999999773e+01
1.528198620000000000e+10,-9.674000000000000909e+01
1.528198640000000000e+10,-9.653000000000000114e+01
1.528198660000000000e+10,-9.704999999999999716e+01
1.528198680000000000e+10,-9.615999999999999659e+01
1.528198700000000000e+10,-9.598000000000000398e+01
1.528198720000000000e+10,-9.601000000000000512e+01
1.528198740000000000e+10,-9.679999999999999716e+01
1.528198760000000000e+10,-9.707999999999999829e+01
1.528198780000000000e+10,-9.676000000000000512e+01
1.528198800000000000e+10,-9.621000000000000796e+01
1.528198820000000000e+10,-9.540999999999999659e+01
1.528198840000000000e+10,-9.582000000000000739e+01
1.528198860000000000e+10,-9.612000000000000455e+01
1.528198880000000000e+10,-9.707999999999999829e+01
1.528198900000000000e+10,-9.710999999999999943e+01
1.528198920000000000e+10,-9.684000000000000341e+01
1.528198940000000000e+10,-9.687999999999999545e+01
1.528198960000000000e+10,-9.717000000000000171e+01
1.528198980000000000e+10,-9.665999999999999659e+01
1.528199000000000000e+10,-9.626999999999999602e+01
1.528199020000000000e+10,-9.626999999999999602e+01
1.528199040000000000e+10,-9.668000000000000682e+01
1.528199060000000000e+10,-9.585000000000000853e+01
1.528199080000000000e+10,-9.628000000000000114e+01
1.528199100000000000e+10,-9.582999999999999829e+01
1.528199120000000000e+10,-9.607000000000000739e+01
1.528199140000000000e+10,-9.618999999999999773e+01
1.528199160000000000e+10,-9.648000000000000398e+01
1.528199180000000000e+10,-9.698000000000000398e+01
1.528199200000000000e+10,-9.717000000000000171e+01
1.528199220000000000e+10,-9.735000000000000853e+01
1.528199240000000000e+10,-9.674000000000000909e+01
1.528199260000000000e+10,-9.675000000000000000e+01
1.528199280000000000e+10,-9.707999999999999829e+01
1.528199300000000000e+10,-9.626000000000000512e+01
1.528199320000000000e+10,-9.593999999999999773e+01
1.528199340000000000e+10,-9.678000000000000114e+01
1.528199360000000000e+10,-9.662999999999999545e+01
1.528199380000000000e+10,-9.645000000000000284e+01
1.528199400000000000e+10,-9.673000000000000398e+01
1.528199420000000000e+10,-9.679999999999999716e+01
1.528199440000000000e+10,-9.681000000000000227e+01
1.528199460000000000e+10,-9.715000000000000568e+01
1.528199480000000000e+10,-9.671000000000000796e+01
1.528199500000000000e+10,-9.639000000000000057e+01
1.528199520000000000e+10,-9.678000000000000114e+01
1.528199540000000000e+10,-9.654999999999999716e+01
1.528199560000000000e+10,-9.610999999999999943e+01
1.528199580000000000e+10,-9.681000000000000227e+01
1.528199600000000000e+10,-9.701999999999999602e+01
1.528199620000000000e+10,-9.649000000000000909e+01
1.528199640000000000e+10,-9.618000000000000682e+01
1.528199660000000000e+10,-9.671000000000000796e+01
1.528199680000000000e+10,-9.770000000000000284e+01
1.528199700000000000e+10,-9.803000000000000114e+01
1.528199720000000000e+10,-9.793999999999999773e+01
1.528199740000000000e+10,-9.742000000000000171e+01
1.528199760000000000e+10,-9.706000000000000227e+01
1.528199780000000000e+10,-9.735000000000000853e+01
1.528199800000000000e+10,-9.754999999999999716e+01
1.528199820000000000e+10,-9.718999999999999773e+01
1.528199840000000000e+10,-9.771000000000000796e+01
1.528199860000000000e+10,-9.748000000000000398e+01
1.528199880000000000e+10,-9.585000000000000853e+01
1.528199900000000000e+10,-9.550000000000000000e+01
1.528199920000000000e+10,-9.721000000000000796e+01
1.528199940000000000e+10,-9.699000000000000909e+01
1.528199960000000000e+10,-9.657999999999999829e+01
1.528199980000000000e+10,-9.609000000000000341e+01
1.528200000000000000e+10,-9.634000000000000341e+01
1.528200020000000000e+10,-9.662000000000000455e+01
1.528200040000000000e+10,-9.545000000000000284e+01
1.528200060000000000e+10,-9.562999999999999545e+01
1.528200080000000000e+10,-9.671999999999999886e+01
1.528200100000000000e+10,-9.700000000000000000e+01
1.528200120000000000e+10,-9.718999999999999773e+01
1.528200140000000000e+10,-9.704000000000000625e+01
1.528200160000000000e+10,-9.762999999999999545e+01
1.528200180000000000e+10,-9.773000000000000398e+01
1.528200200000000000e+10,-9.660999999999999943e+01
1.528200220000000000e+10,-9.692000000000000171e+01
1.528200240000000000e+10,-9.595000000000000284e+01
1.528200260000000000e+10,-9.643000000000000682e+01
1.528200280000000000e+10,-9.696000000000000796e+01
1.528200300000000000e+10,-9.635000000000000853e+01
1.528200320000000000e+10,-9.651999999999999602e+01
1.528200340000000000e+10,-9.617000000000000171e+01
1.528200360000000000e+10,-9.621000000000000796e+01
1.528200380000000000e+10,-9.590999999999999659e+01
1.528200400000000000e+10,-9.567000000000000171e+01
1.528200420000000000e+10,-9.596999999999999886e+01
1.528200440000000000e+10,-9.685000000000000853e+01
1.528200460000000000e+10,-9.704999999999999716e+01
1.528200480000000000e+10,-9.726999999999999602e+01
1.528200500000000000e+10,-9.710000000000000853e+01
1.528200520000000000e+10,-9.687999999999999545e+01
1.528200540000000000e+10,-9.657000000000000739e+01
1.528200560000000000e+10,-9.579999999999999716e+01
1.528200580000000000e+10,-9.590000000000000568e+01
1.528200600000000000e+10,-9.665000000000000568e+01
1.528200620000000000e+10,-9.626000000000000512e+01
1.528200640000000000e+10,-9.643000000000000682e+01
1.528200660000000000e+10,-9.631000000000000227e+01
1.528200680000000000e+10,-9.629999999999999716e+01
1.528200700000000000e+10,-9.715999999999999659e+01
1.528200720000000000e+10,-9.721000000000000796e+01
1.528200740000000000e+10,-9.717000000000000171e+01
1.528200760000000000e+10,-9.662999999999999545e+01
1.528200780000000000e+10,-9.648000000000000398e+01
1.528200800000000000e+10,-9.665000000000000568e+01
1.528200820000000000e+10,-9.643999999999999773e+01
1.528200840000000000e+10,-9.603000000000000114e+01
1.528200860000000000e+10,-9.715000000000000568e+01
1.528200880000000000e+10,-9.764000000000000057e+01
1.528200900000000000e+10,-9.667000000000000171e+01
1.528200920000000000e+10,-9.717000000000000171e+01
1.528200940000000000e+10,-9.626000000000000512e+01
1.528200960000000000e+10,-9.682000000000000739e+01
1.528200980000000000e+10,-9.721000000000000796e+01
1.528201000000000000e+10,-9.721999999999999886e+01
1.528201020000000000e+10,-9.685000000000000853e+01
1.528201040000000000e+10,-9.671000000000000796e+01
1.528201060000000000e+10,-9.704999999999999716e+01
1.528201080000000000e+10,-9.737000000000000455e+01
1.528201100000000000e+10,-9.754000000000000625e+01
1.528201120000000000e+10,-9.642000000000000171e+01
1.528201140000000000e+10,-9.685999999999999943e+01
1.528201160000000000e+10,-9.671999999999999886e+01
1.528201180000000000e+10,-9.657000000000000739e+01
1.528201200000000000e+10,-9.685999999999999943e+01
1.528201220000000000e+10,-9.712000000000000455e+01
1.528201240000000000e+10,-9.760999999999999943e+01
1.528201260000000000e+10,-9.712000000000000455e+01
1.528201280000000000e+10,-9.667000000000000171e+01
1.528201300000000000e+10,-9.657000000000000739e+01
1.528201320000000000e+10,-9.528000000000000114e+01
1.528201340000000000e+10,-9.531000000000000227e+01
1.528201360000000000e+10,-9.495000000000000284e+01
1.528201380000000000e+10,-9.457000000000000739e+01
1.528201400000000000e+10,-9.595000000000000284e+01
1.528201420000000000e+10,-9.565999999999999659e+01
1.528201440000000000e+10,-9.582999999999999829e+01
1.528201460000000000e+10,-9.662000000000000455e+01
1.528201480000000000e+10,-9.681000000000000227e+01
1.528201500000000000e+10,-9.631000000000000227e+01
1.528201520000000000e+10,-9.665999999999999659e+01
1.528201540000000000e+10,-9.676000000000000512e+01
1.528201560000000000e+10,-9.720000000000000284e+01
1.528201580000000000e+10,-9.679999999999999716e+01
1.528201600000000000e+10,-9.662000000000000455e+01
1.528201620000000000e+10,-9.682000000000000739e+01
1.528201640000000000e+10,-9.682000000000000739e+01
1.528201660000000000e+10,-9.667000000000000171e+01
1.528201680000000000e+10,-9.690000000000000568e+01
1.528201700000000000e+10,-9.718999999999999773e+01
1.528201720000000000e+10,-9.718999999999999773e+01
1.528201740000000000e+10,-9.684000000000000341e+01
1.528201760000000000e+10,-9.718999999999999773e+01
1.528201780000000000e+10,-9.682000000000000739e+01
1.528201800000000000e+10,-9.742000000000000171e+01
1.528201820000000000e+10,-9.743999999999999773e+01
1.528201840000000000e+10,-9.743999999999999773e+01
1.528201860000000000e+10,-9.693000000000000682e+01
1.528201880000000000e+10,-9.785000000000000853e+01
1.528201900000000000e+10,-9.773000000000000398e+01
1.528201920000000000e+10,-9.754000000000000625e+01
1.528201940000000000e+10,-9.632000000000000739e+01
1.528201960000000000e+10,-9.645000000000000284e+01
1.528201980000000000e+10,-9.726000000000000512e+01
1.528202000000000000e+10,-9.681000000000000227e+01
1.528202020000000000e+10,-9.659000000000000341e+01
1.528202040000000000e+10,-9.753000000000000114e+01
1.528202060000000000e+10,-9.735000000000000853e+01
1.528202080000000000e+10,-9.657999999999999829e+01
1.528202100000000000e+10,-9.693000000000000682e+01
1.528202120000000000e+10,-9.657000000000000739e+01
1.528202140000000000e+10,-9.649000000000000909e+01
1.528202160000000000e+10,-9.717000000000000171e+01
1.528202180000000000e+10,-9.701999999999999602e+01
1.528202200000000000e+10,-9.662999999999999545e+01
1.528202220000000000e+10,-9.700000000000000000e+01
1.528202240000000000e+10,-9.678000000000000114e+01
1.528202260000000000e+10,-9.645000000000000284e+01
1.528202280000000000e+10,-9.751000000000000512e+01
1.528202300000000000e+10,-9.674000000000000909e+01
1.528202320000000000e+10,-9.618999999999999773e+01
1.528202340000000000e+10,-9.567000000000000171e+01
1.528202360000000000e+10,-9.599000000000000909e+01
1.528202380000000000e+10,-9.707999999999999829e+01
1.528202400000000000e+10,-9.704000000000000625e+01
1.528202420000000000e+10,-9.710999999999999943e+01
1.528202440000000000e+10,-9.668000000000000682e+01
1.528202460000000000e+10,-9.706000000000000227e+01
1.528202480000000000e+10,-9.735000000000000853e+01
1.528202500000000000e+10,-9.684000000000000341e+01
1.528202520000000000e+10,-9.732999999999999829e+01
1.528202540000000000e+10,-9.607000000000000739e+01
1.528202560000000000e+10,-9.635999999999999943e+01
1.528202580000000000e+10,-9.606000000000000227e+01
1.528202600000000000e+10,-9.712999999999999545e+01
1.528202620000000000e+10,-9.743999999999999773e+01
1.528202640000000000e+10,-9.715000000000000568e+01
1.528202660000000000e+10,-9.709000000000000341e+01
1.528202680000000000e+10,-9.696000000000000796e+01
1.528202700000000000e+10,-9.750000000000000000e+01
1.528202720000000000e+10,-9.746000000000000796e+01
1.528202740000000000e+10,-9.689000000000000057e+01
1.528202760000000000e+10,-9.632999999999999829e+01
1.528202780000000000e+10,-9.676000000000000512e+01
1.528202800000000000e+10,-9.695000000000000284e+01
1.528202820000000000e+10,-9.771999999999999886e+01
1.528202840000000000e+10,-9.721000000000000796e+01
1.528202860000000000e+10,-9.724000000000000909e+01
1.528202880000000000e+10,-9.689000000000000057e+01
1.528202900000000000e+10,-9.612000000000000455e+01
1.528202920000000000e+10,-9.607000000000000739e+01
1.528202940000000000e+10,-9.673000000000000398e+01
1.528202960000000000e+10,-9.684000000000000341e+01
1.528202980000000000e+10,-9.732999999999999829e+01
1.528203000000000000e+10,-9.707999999999999829e+01
1.528203020000000000e+10,-9.714000000000000057e+01
1.528203040000000000e+10,-9.649000000000000909e+01
1.528203060000000000e+10,-9.684000000000000341e+01
1.528203080000000000e+10,-9.707999999999999829e+01
1.528203100000000000e+10,-9.718000000000000682e+01
1.528203120000000000e+10,-9.665999999999999659e+01
1.528203140000000000e+10,-9.643000000000000682e+01
1.528203160000000000e+10,-9.631000000000000227e+01
1.528203180000000000e+10,-9.714000000000000057e+01
1.528203200000000000e+10,-9.643999999999999773e+01
1.528203220000000000e+10,-9.685000000000000853e+01
1.528203240000000000e+10,-9.592000000000000171e+01
1.528203260000000000e+10,-9.553000000000000114e+01
1.528203280000000000e+10,-9.667000000000000171e+01
1.528203300000000000e+10,-9.715999999999999659e+01
1.528203320000000000e+10,-9.559000000000000341e+01
1.528203340000000000e+10,-9.587000000000000455e+01
1.528203360000000000e+10,-9.706000000000000227e+01
1.528203380000000000e+10,-9.692000000000000171e+01
1.528203400000000000e+10,-9.679000000000000625e+01
1.528203420000000000e+10,-9.639000000000000057e+01
1.528203440000000000e+10,-9.662000000000000455e+01
1.528203460000000000e+10,-9.678000000000000114e+01
1.528203480000000000e+10,-9.668000000000000682e+01
1.528203500000000000e+10,-9.724000000000000909e+01
1.528203520000000000e+10,-9.643000000000000682e+01
1.528203540000000000e+10,-9.618000000000000682e+01
1.528203560000000000e+10,-9.607999999999999829e+01
1.528203580000000000e+10,-9.662000000000000455e+01
1.528203600000000000e+10,-9.643999999999999773e+01
1.528203620000000000e+10,-9.710000000000000853e+01
1.528203640000000000e+10,-9.728000000000000114e+01
1.528203660000000000e+10,-9.698000000000000398e+01
1.528203680000000000e+10,-9.715999999999999659e+01
1.528203700000000000e+10,-9.731000000000000227e+01
1.528203720000000000e+10,-9.682999999999999829e+01
1.528203740000000000e+10,-9.726000000000000512e+01
1.528203760000000000e+10,-9.603000000000000114e+01
1.528203780000000000e+10,-9.575000000000000000e+01
1.528203800000000000e+10,-9.676000000000000512e+01
1.528203820000000000e+10,-9.643999999999999773e+01
1.528203840000000000e+10,-9.659000000000000341e+01
1.528203860000000000e+10,-9.607999999999999829e+01
1.528203880000000000e+10,-9.606000000000000227e+01
1.528203900000000000e+10,-9.648000000000000398e+01
1.528203920000000000e+10,-9.673000000000000398e+01
1.528203940000000000e+10,-9.657999999999999829e+01
1.528203960000000000e+10,-9.682999999999999829e+01
1.528203980000000000e+10,-9.693000000000000682e+01
1.528204000000000000e+10,-9.645000000000000284e+01
1.528204020000000000e+10,-9.671000000000000796e+01
1.528204040000000000e+10,-9.629999999999999716e+01
1.528204060000000000e+10,-9.685000000000000853e+01
1.528204080000000000e+10,-9.674000000000000909e+01
1.528204100000000000e+10,-9.653000000000000114e+01
1.528204120000000000e+10,-9.731000000000000227e+01
1.528204140000000000e+10,-9.685000000000000853e+01
1.528204160000000000e+10,-9.659000000000000341e+01
1.528204180000000000e+10,-9.685000000000000853e+01
1.528204200000000000e+10,-9.687999999999999545e+01
1.528204220000000000e+10,-9.671999999999999886e+01
1.528204240000000000e+10,-9.698000000000000398e+01
1.528204260000000000e+10,-9.718999999999999773e+01
1.528204280000000000e+10,-9.743999999999999773e+01
1.528204300000000000e+10,-9.745000000000000284e+01
1.528204320000000000e+10,-9.731000000000000227e+01
1.528204340000000000e+10,-9.729000000000000625e+01
1.528204360000000000e+10,-9.701000000000000512e+01
1.528204380000000000e+10,-9.690999999999999659e+01
1.528204400000000000e+10,-9.687999999999999545e+01
1.528204420000000000e+10,-9.631000000000000227e+01
1.528204440000000000e+10,-9.607000000000000739e+01
1.528204460000000000e+10,-9.735000000000000853e+01
1.528204480000000000e+10,-9.698000000000000398e+01
1.528204500000000000e+10,-9.621000000000000796e+01
1.528204520000000000e+10,-9.507999999999999829e+01
1.528204540000000000e+10,-9.521999999999999886e+01
1.528204560000000000e+10,-9.668999999999999773e+01
1.528204580000000000e+10,-9.671000000000000796e+01
1.528204600000000000e+10,-9.715999999999999659e+01
1.528204620000000000e+10,-9.751000000000000512e+01
1.528204640000000000e+10,-9.754000000000000625e+01
1.528204660000000000e+10,-9.743000000000000682e+01
1.528204680000000000e+10,-9.664000000000000057e+01
1.528204700000000000e+10,-9.710000000000000853e+01
1.528204720000000000e+10,-9.690000000000000568e+01
1.528204740000000000e+10,-9.710000000000000853e+01
1.528204760000000000e+10,-9.729000000000000625e+01
1.528204780000000000e+10,-9.635000000000000853e+01
1.528204800000000000e+10,-9.653000000000000114e+01
1.528204820000000000e+10,-9.653000000000000114e+01
1.528204840000000000e+10,-9.675000000000000000e+01
1.528204860000000000e+10,-9.700000000000000000e+01
1.528204880000000000e+10,-9.717000000000000171e+01
1.528204900000000000e+10,-9.746999999999999886e+01
1.528204920000000000e+10,-9.737999999999999545e+01
1.528204940000000000e+10,-9.737000000000000455e+01
1.528204960000000000e+10,-9.699000000000000909e+01
1.528204980000000000e+10,-9.640999999999999659e+01
1.528205000000000000e+10,-9.717000000000000171e+01
1.641395000000000000e+10,-9.498999999999999488e+01
1.641395020000000000e+10,-9.387000000000000455e+01
1.641395040000000000e+10,-9.371000000000000796e+01
1.641395060000000000e+10,-9.540999999999999659e+01
1.641395080000000000e+10,-9.512999999999999545e+01
1.641395100000000000e+10,-9.545000000000000284e+01
1.641395120000000000e+10,-9.510999999999999943e+01
1.641395140000000000e+10,-9.504999999999999716e+01
1.641395160000000000e+10,-9.468999999999999773e+01
1.641395180000000000e+10,-9.337000000000000455e+01
1.641395200000000000e+10,-9.351000000000000512e+01
1.641395220000000000e+10,-9.393999999999999773e+01
1.641395240000000000e+10,-9.484000000000000341e+01
1.641395260000000000e+10,-9.445000000000000284e+01
1.641395280000000000e+10,-9.423000000000000398e+01
1.641395300000000000e+10,-9.515000000000000568e+01
1.641395320000000000e+10,-9.392000000000000171e+01
1.641395340000000000e+10,-9.385000000000000853e+01
1.641395360000000000e+10,-9.437000000000000455e+01
1.641395380000000000e+10,-9.412000000000000455e+01
1.641395400000000000e+10,-9.454000000000000625e+01
1.641395420000000000e+10,-9.445000000000000284e+01
1.641395440000000000e+10,-9.481000000000000227e+01
1.641395460000000000e+10,-9.520000000000000284e+01
1.641395480000000000e+10,-9.479999999999999716e+01
1.641395500000000000e+10,-9.332999999999999829e+01
1.641395520000000000e+10,-9.367000000000000171e+01
1.641395540000000000e+10,-9.462999999999999545e+01
1.641395560000000000e+10,-9.345000000000000284e+01
1.641395580000000000e+10,-9.309000000000000341e+01
1.641395600000000000e+10,-9.481000000000000227e+01
1.641395620000000000e+10,-9.340000000000000568e+01
1.641395640000000000e+10,-9.271999999999999886e+01
1.641395660000000000e+10,-9.206000000000000227e+01
1.641395680000000000e+10,-9.239000000000000057e+01
1.641395700000000000e+10,-9.418000000000000682e+01
1.641395720000000000e+10,-9.457999999999999829e+01
1.641395740000000000e+10,-9.451999999999999602e+01
1.641395760000000000e+10,-9.460000000000000853e+01
1.641395780000000000e+10,-9.456000000000000227e+01
1.641395800000000000e+10,-9.421000000000000796e+01
1.641395820000000000e+10,-9.401000000000000512e+01
1.641395840000000000e+10,-9.440000000000000568e+01
1.641395860000000000e+10,-9.573000000000000398e+01
1.641395880000000000e+10,-9.520000000000000284e+01
1.641395900000000000e+10,-9.521999999999999886e+01
1.641395920000000000e+10,-9.489000000000000057e+01
1.641395940000000000e+10,-9.498999999999999488e+01
1.641395960000000000e+10,-9.568000000000000682e+01
1.641395980000000000e+10,-9.423000000000000398e+01
1.641396000000000000e+10,-9.395000000000000284e+01
1.641396020000000000e+10,-9.471000000000000796e+01
1.641396040000000000e+10,-9.493999999999999773e+01
1.641396060000000000e+10,-9.557999999999999829e+01
1.641396080000000000e+10,-9.440000000000000568e+01
1.641396100000000000e+10,-9.401999999999999602e+01
1.641396120000000000e+10,-9.443999999999999773e+01
1.641396140000000000e+10,-9.484000000000000341e+01
1.641396160000000000e+10,-9.443000000000000682e+01
1.641396180000000000e+10,-9.442000000000000171e+01
1.641396200000000000e+10,-9.435000000000000853e+01
1.641396220000000000e+10,-9.440000000000000568e+01
1.641396240000000000e+10,-9.498000000000000398e+01
1.641396260000000000e+10,-9.576000000000000512e+01
1.641396280000000000e+10,-9.528000000000000114e+01
1.641396300000000000e+10,-9.489000000000000057e+01
1.641396320000000000e+10,-9.382999999999999829e+01
1.641396340000000000e+10,-9.431000000000000227e+01
1.641396360000000000e+10,-9.431000000000000227e+01
1.641396380000000000e+10,-9.528000000000000114e+01
1.641396400000000000e+10,-9.590000000000000568e+01
1.641396420000000000e+10,-9.540999999999999659e+01
1.641396440000000000e+10,-9.446999999999999886e+01
1.641396460000000000e+10,-9.457999999999999829e+01
1.641396480000000000e+10,-9.420000000000000284e+01
1.641396500000000000e+10,-9.437000000000000455e+01
1.641396520000000000e+10,-9.457999999999999829e+01
1.641396540000000000e+10,-9.435000000000000853e+01
1.641396560000000000e+10,-9.571999999999999886e+01
1.641396580000000000e+10,-9.521999999999999886e+01
1.641396600000000000e+10,-9.437000000000000455e+01
1.641396620000000000e+10,-9.495000000000000284e+01
1.641396640000000000e+10,-9.465999999999999659e+01
1.641396660000000000e+10,-9.459000000000000341e+01
1.641396680000000000e+10,-9.443000000000000682e+01
1.641396700000000000e+10,-9.492000000000000171e+01
1.641396720000000000e+10,-9.606000000000000227e+01
1.641396740000000000e+10,-9.425000000000000000e+01
1.641396760000000000e+10,-9.485000000000000853e+01
1.641396780000000000e+10,-9.534000000000000341e+01
1.641396800000000000e+10,-9.635999999999999943e+01
1.641396820000000000e+10,-9.481000000000000227e+01
1.641396840000000000e+10,-9.471000000000000796e+01
1.641396860000000000e+10,-9.454000000000000625e+01
1.641396880000000000e+10,-9.435000000000000853e+01
1.641396900000000000e+10,-9.557999999999999829e+01
1.641396920000000000e+10,-9.315999999999999659e+01
1.641396940000000000e+10,-9.276999999999999602e+01
1.641396960000000000e+10,-9.409000000000000341e+01
1.641396980000000000e+10,-9.440999999999999659e+01
1.641397000000000000e+10,-9.485999999999999943e+01
1.641397020000000000e+10,-9.409000000000000341e+01
1.641397040000000000e+10,-9.498999999999999488e+01
1.641397060000000000e+10,-9.571000000000000796e+01
1.641397080000000000e+10,-9.407999999999999829e+01
1.641397100000000000e+10,-9.335000000000000853e+01
1.641397120000000000e+10,-9.485999999999999943e+01
1.641397140000000000e+10,-9.543000000000000682e+01
1.641397160000000000e+10,-9.445000000000000284e+01
1.641397180000000000e+10,-9.503000000000000114e+01
1.641397200000000000e+10,-9.576000000000000512e+01
1.641397220000000000e+10,-9.559000000000000341e+01
1.641397240000000000e+10,-9.537999999999999545e+01
1.641397260000000000e+10,-9.546000000000000796e+01
1.641397280000000000e+10,-9.453000000000000114e+01
1.641397300000000000e+10,-9.412000000000000455e+01
1.641397320000000000e+10,-9.498999999999999488e+01
1.641397340000000000e+10,-9.462000000000000455e+01
1.641397360000000000e+10,-9.421999999999999886e+01
1.641397380000000000e+10,-9.526999999999999602e+01
1.641397400000000000e+10,-9.498999999999999488e+01
1.641397420000000000e+10,-9.365999999999999659e+01
1.641397440000000000e+10,-9.465000000000000568e+01
1.641397460000000000e+10,-9.529999999999999716e+01
1.641397480000000000e+10,-9.485999999999999943e+01
1.641397500000000000e+10,-9.512000000000000455e+01
1.641397520000000000e+10,-9.421000000000000796e+01
1.641397540000000000e+10,-9.390000000000000568e+01
1.641397560000000000e+10,-9.431000000000000227e+01
1.641397580000000000e+10,-9.400000000000000000e+01
1.641397600000000000e+10,-9.328000000000000114e+01
1.641397620000000000e+10,-9.359000000000000341e+01
1.641397640000000000e+10,-9.498999999999999488e+01
1.641397660000000000e+10,-9.562999999999999545e+01
1.641397680000000000e+10,-9.560999999999999943e+01
1.641397700000000000e+10,-9.610999999999999943e+01
1.641397720000000000e+10,-9.520000000000000284e+01
1.641397740000000000e+10,-9.465000000000000568e+01
1.641397760000000000e+10,-9.476000000000000512e+01
1.641397780000000000e+10,-9.576000000000000512e+01
1.641397800000000000e+10,-9.482000000000000739e+01
1.641397820000000000e+10,-9.501999999999999602e+01
1.641397840000000000e+10,-9.465000000000000568e+01
1.641397860000000000e+10,-9.490000000000000568e+01
1.641397880000000000e+10,-9.475000000000000000e+01
1.641397900000000000e+10,-9.323000000000000398e+01
1.641397920000000000e+10,-9.382999999999999829e+01
1.641397940000000000e+10,-9.451999999999999602e+01
1.641397960000000000e+10,-9.431000000000000227e+01
1.641397980000000000e+10,-9.354000000000000625e+01
1.641398000000000000e+10,-9.364000000000000057e+01
1.641398020000000000e+10,-9.259000000000000341e+01
1.641398040000000000e+10,-9.365999999999999659e+01
1.641398060000000000e+10,-9.429999999999999716e+01
1.641398080000000000e+10,-9.537000000000000455e+01
1.641398100000000000e+10,-9.445000000000000284e+01
1.641398120000000000e+10,-9.384000000000000341e+01
1.641398140000000000e+10,-9.423000000000000398e+01
1.641398160000000000e+10,-9.514000000000000057e+01
1.641398180000000000e+10,-9.471999999999999886e+01
1.641398200000000000e+10,-9.521000000000000796e+01
1.641398220000000000e+10,-9.375000000000000000e+01
1.641398240000000000e+10,-9.384000000000000341e+01
1.641398260000000000e+10,-9.482000000000000739e+01
1.641398280000000000e+10,-9.492000000000000171e+01
1.641398300000000000e+10,-9.495000000000000284e+01
1.641398320000000000e+10,-9.590999999999999659e+01
1.641398340000000000e+10,-9.506000000000000227e+01
1.641398360000000000e+10,-9.410000000000000853e+01
1.641398380000000000e+10,-9.443999999999999773e+01
1.641398400000000000e+10,-9.467000000000000171e+01
1.641398420000000000e+10,-9.501999999999999602e+01
1.641398440000000000e+10,-9.501999999999999602e+01
1.641398460000000000e+10,-9.446000000000000796e+01
1.641398480000000000e+10,-9.462999999999999545e+01
1.641398500000000000e+10,-9.404000000000000625e+01
1.641398520000000000e+10,-9.331000000000000227e+01
1.641398540000000000e+10,-9.404000000000000625e+01
1.641398560000000000e+10,-9.376999999999999602e+01
1.641398580000000000e+10,-9.471000000000000796e+01
1.641398600000000000e+10,-9.528000000000000114e+01
1.641398620000000000e+10,-9.390000000000000568e+01
1.641398640000000000e+10,-9.384000000000000341e+01
1.641398660000000000e+10,-9.482999999999999829e+01
1.641398680000000000e+10,-9.582999999999999829e+01
1.641398700000000000e+10,-9.514000000000000057e+01
1.641398720000000000e+10,-9.512000000000000455e+01
1.641398740000000000e+10,-9.507000000000000739e+01
1.641398760000000000e+10,-9.487999999999999545e+01
1.641398780000000000e+10,-9.435000000000000853e+01
1.641398800000000000e+10,-9.371000000000000796e+01
1.641398820000000000e+10,-9.404999999999999716e+01
1.641398840000000000e+10,-9.404999999999999716e+01
1.641398860000000000e+10,-9.562999999999999545e+01
1.641398880000000000e+10,-9.498999999999999488e+01
1.641398900000000000e+10,-9.468999999999999773e+01
1.641398920000000000e+10,-9.451999999999999602e+01
1.641398940000000000e+10,-9.365999999999999659e+01
1.641398960000000000e+10,-9.315999999999999659e+01
1.641398980000000000e+10,-9.440000000000000568e+01
1.641399000000000000e+10,-9.601999999999999602e+01
1.641399020000000000e+10,-9.635000000000000853e+01
1.641399040000000000e+10,-9.601999999999999602e+01
1.641399060000000000e+10,-9.579999999999999716e+01
1.641399080000000000e+10,-9.556000000000000227e+01
1.641399100000000000e+10,-9.357000000000000739e+01
1.641399120000000000e+10,-9.270000000000000284e+01
1.641399140000000000e+10,-9.345000000000000284e+01
1.641399160000000000e+10,-9.395000000000000284e+01
1.641399180000000000e+10,-9.359000000000000341e+01
1.641399200000000000e+10,-9.510000000000000853e+01
1.641399220000000000e+10,-9.435999999999999943e+01
1.641399240000000000e+10,-9.404999999999999716e+01
1.641399260000000000e+10,-9.410000000000000853e+01
1.641399280000000000e+10,-9.509000000000000341e+01
1.641399300000000000e+10,-9.495000000000000284e+01
1.641399320000000000e+10,-9.481000000000000227e+01
1.641399340000000000e+10,-9.464000000000000057e+01
1.641399360000000000e+10,-9.498000000000000398e+01
1.641399380000000000e+10,-9.454000000000000625e+01
1.641399400000000000e+10,-9.418000000000000682e+01
1.641399420000000000e+10,-9.423999999999999488e+01
1.641399440000000000e+10,-9.467000000000000171e+01
1.641399460000000000e+10,-9.579999999999999716e+01
1.641399480000000000e+10,-9.626000000000000512e+01
1.641399500000000000e+10,-9.507000000000000739e+01
1.641399520000000000e+10,-9.403000000000000114e+01
1.641399540000000000e+10,-9.365999999999999659e+01
1.641399560000000000e+10,-9.535000000000000853e+01
1.641399580000000000e+10,-9.501999999999999602e+01
1.641399600000000000e+10,-9.506000000000000227e+01
1.641399620000000000e+10,-9.454000000000000625e+01
1.641399640000000000e+10,-9.462999999999999545e+01
1.641399660000000000e+10,-9.507999999999999829e+01
1.641399680000000000e+10,-9.542000000000000171e+01
1.641399700000000000e+10,-9.643000000000000682e+01
1.641399720000000000e+10,-9.557999999999999829e+01
1.641399740000000000e+10,-9.485999999999999943e+01
1.641399760000000000e+10,-9.440000000000000568e+01
1.641399780000000000e+10,-9.362999999999999545e+01
1.641399800000000000e+10,-9.326000000000000512e+01
1.641399820000000000e+10,-9.467000000000000171e+01
1.641399840000000000e+10,-9.523999999999999488e+01
1.641399860000000000e+10,-9.476000000000000512e+01
1.641399880000000000e+10,-9.435000000000000853e+01
1.641399900000000000e+10,-9.468000000000000682e+01
1.641399920000000000e+10,-9.576999999999999602e+01
1.641399940000000000e+10,-9.465999999999999659e+01
1.641399960000000000e+10,-9.435000000000000853e+01
1.641399980000000000e+10,-9.435000000000000853e+01
1.641400000000000000e+10,-9.471000000000000796e+01
1.641400020000000000e+10,-9.517000000000000171e+01
1.641400040000000000e+10,-9.582999999999999829e+01
1.641400060000000000e+10,-9.431000000000000227e+01
1.641400080000000000e+10,-9.423999999999999488e+01
1.641400100000000000e+10,-9.473000000000000398e+01
1.641400120000000000e+10,-9.446999999999999886e+01
1.641400140000000000e+10,-9.409000000000000341e+01
1.641400160000000000e+10,-9.396999999999999886e+01
1.641400180000000000e+10,-9.440000000000000568e+01
1.641400200000000000e+10,-9.357999999999999829e+01
1.641400220000000000e+10,-9.378000000000000114e+01
1.641400240000000000e+10,-9.435999999999999943e+01
1.641400260000000000e+10,-9.540000000000000568e+01
1.641400280000000000e+10,-9.610000000000000853e+01
1.641400300000000000e+10,-9.535999999999999943e+01
1.641400320000000000e+10,-9.540000000000000568e+01
1.641400340000000000e+10,-9.476000000000000512e+01
1.641400360000000000e+10,-9.457000000000000739e+01
1.641400380000000000e+10,-9.395000000000000284e+01
1.641400400000000000e+10,-9.495000000000000284e+01
1.641400420000000000e+10,-9.375000000000000000e+01
1.641400440000000000e+10,-9.346000000000000796e+01
1.641400460000000000e+10,-9.484000000000000341e+01
1.641400480000000000e+10,-9.431000000000000227e+01
1.641400500000000000e+10,-9.451999999999999602e+01
1.641400520000000000e+10,-9.492000000000000171e+01
1.641400540000000000e+10,-9.504000000000000625e+01
1.641400560000000000e+10,-9.512999999999999545e+01
1.641400580000000000e+10,-9.426000000000000512e+01
1.641400600000000000e+10,-9.407999999999999829e+01
1.641400620000000000e+10,-9.310999999999999943e+01
1.641400640000000000e+10,-9.290999999999999659e+01
1.641400660000000000e+10,-9.407999999999999829e+01
1.641400680000000000e+10,-9.443000000000000682e+01
1.641400700000000000e+10,-9.435000000000000853e+01
1.641400720000000000e+10,-9.468999999999999773e+01
1.641400740000000000e+10,-9.559000000000000341e+01
1.641400760000000000e+10,-9.521999999999999886e+01
1.641400780000000000e+10,-9.495000000000000284e+01
1.641400800000000000e+10,-9.590000000000000568e+01
1.641400820000000000e+10,-9.476000000000000512e+01
1.641400840000000000e+10,-9.521999999999999886e+01
1.641400860000000000e+10,-9.550000000000000000e+01
1.641400880000000000e+10,-9.507000000000000739e+01
1.641400900000000000e+10,-9.537000000000000455e+01
1.641400920000000000e+10,-9.460000000000000853e+01
1.641400940000000000e+10,-9.423999999999999488e+01
1.641400960000000000e+10,-9.446999999999999886e+01
1.641400980000000000e+10,-9.490999999999999659e+01
1.641401000000000000e+10,-9.390000000000000568e+01
1.641401020000000000e+10,-9.475000000000000000e+01
1.641401040000000000e+10,-9.518999999999999773e+01
1.641401060000000000e+10,-9.546000000000000796e+01
1.641401080000000000e+10,-9.590000000000000568e+01
1.641401100000000000e+10,-9.381000000000000227e+01
1.641401120000000000e+10,-9.406000000000000227e+01
1.641401140000000000e+10,-9.454000000000000625e+01
1.641401160000000000e+10,-9.423999999999999488e+01
1.641401180000000000e+10,-9.390000000000000568e+01
1.641401200000000000e+10,-9.435999999999999943e+01
1.641401220000000000e+10,-9.504000000000000625e+01
1.641401240000000000e+10,-9.571999999999999886e+01
1.641401260000000000e+10,-9.595000000000000284e+01
1.641401280000000000e+10,-9.573000000000000398e+01
1.641401300000000000e+10,-9.415000000000000568e+01
1.641401320000000000e+10,-9.446999999999999886e+01
1.641401340000000000e+10,-9.432999999999999829e+01
1.641401360000000000e+10,-9.595000000000000284e+01
1.641401380000000000e+10,-9.585000000000000853e+01
1.641401400000000000e+10,-9.465999999999999659e+01
1.641401420000000000e+10,-9.426000000000000512e+01
1.641401440000000000e+10,-9.545000000000000284e+01
1.641401460000000000e+10,-9.481000000000000227e+01
1.641401480000000000e+10,-9.443999999999999773e+01
1.641401500000000000e+10,-9.478000000000000114e+01
1.641401520000000000e+10,-9.282000000000000739e+01
1.641401540000000000e+10,-9.348999999999999488e+01
1.641401560000000000e+10,-9.476000000000000512e+01
1.641401580000000000e+10,-9.490000000000000568e+01
1.641401600000000000e+10,-9.398999999999999488e+01
1.641401620000000000e+10,-9.373999999999999488e+01
1.641401640000000000e+10,-9.495000000000000284e+01
1.641401660000000000e+10,-9.482999999999999829e+01
1.641401680000000000e+10,-9.479000000000000625e+01
1.641401700000000000e+10,-9.476000000000000512e+01
1.641401720000000000e+10,-9.375000000000000000e+01
1.641401740000000000e+10,-9.401000000000000512e+01
1.641401760000000000e+10,-9.426000000000000512e+01
1.641401780000000000e+10,-9.364000000000000057e+01
1.641401800000000000e+10,-9.323000000000000398e+01
1.641401820000000000e+10,-9.384000000000000341e+01
1.641401840000000000e+10,-9.567000000000000171e+01
1.641401860000000000e+10,-9.646999999999999886e+01
1.641401880000000000e+10,-9.512999999999999545e+01
1.641401900000000000e+10,-9.518999999999999773e+01
1.641401920000000000e+10,-9.485999999999999943e+01
1.641401940000000000e+10,-9.526999999999999602e+01
1.641401960000000000e+10,-9.556000000000000227e+01
1.641401980000000000e+10,-9.612999999999999545e+01
1.641402000000000000e+10,-9.629000000000000625e+01
1.641402020000000000e+10,-9.590999999999999659e+01
1.641402040000000000e+10,-9.512999999999999545e+01
1.641402060000000000e+10,-9.450000000000000000e+01
1.641402080000000000e+10,-9.432000000000000739e+01
1.641402100000000000e+10,-9.375000000000000000e+01
1.641402120000000000e+10,-9.515000000000000568e+01
1.641402140000000000e+10,-9.471999999999999886e+01
1.641402160000000000e+10,-9.417000000000000171e+01
1.641402180000000000e+10,-9.454000000000000625e+01
1.641402200000000000e+10,-9.360999999999999943e+01
1.641402220000000000e+10,-9.281000000000000227e+01
1.641402240000000000e+10,-9.387999999999999545e+01
1.641402260000000000e+10,-9.450000000000000000e+01
1.641402280000000000e+10,-9.448999999999999488e+01
1.641402300000000000e+10,-9.407999999999999829e+01
1.641402320000000000e+10,-9.548000000000000398e+01
1.641402340000000000e+10,-9.525000000000000000e+01
1.641402360000000000e+10,-9.485000000000000853e+01
1.641402380000000000e+10,-9.385000000000000853e+01
1.641402400000000000e+10,-9.423999999999999488e+01
1.641402420000000000e+10,-9.471999999999999886e+01
1.641402440000000000e+10,-9.532999999999999829e+01
1.641402460000000000e+10,-9.565000000000000568e+01
1.641402480000000000e+10,-9.629000000000000625e+01
1.641402500000000000e+10,-9.531000000000000227e+01
1.641402520000000000e+10,-9.525000000000000000e+01
1.641402540000000000e+10,-9.604000000000000625e+01
1.641402560000000000e+10,-9.531000000000000227e+01
1.641402580000000000e+10,-9.492000000000000171e+01
1.641402600000000000e+10,-9.465999999999999659e+01
1.641402620000000000e+10,-9.540000000000000568e+01
1.641402640000000000e+10,-9.526000000000000512e+01
1.641402660000000000e+10,-9.526999999999999602e+01
1.641402680000000000e+10,-9.512999999999999545e+01
1.641402700000000000e+10,-9.448999999999999488e+01
1.641402720000000000e+10,-9.465999999999999659e+01
1.641402740000000000e+10,-9.412000000000000455e+01
1.641402760000000000e+10,-9.440999999999999659e+01
1.641402780000000000e+10,-9.512999999999999545e+01
1.641402800000000000e+10,-9.356000000000000227e+01
1.641402820000000000e+10,-9.431000000000000227e+01
1.641402840000000000e+10,-9.485000000000000853e+01
1.641402860000000000e+10,-9.512999999999999545e+01
1.641402880000000000e+10,-9.407999999999999829e+01
1.641402900000000000e+10,-9.428000000000000114e+01
1.641402920000000000e+10,-9.426000000000000512e+01
1.641402940000000000e+10,-9.432000000000000739e+01
1.641402960000000000e+10,-9.354000000000000625e+01
1.641402980000000000e+10,-9.318000000000000682e+01
1.641403000000000000e+10,-9.435999999999999943e+01
1.641403020000000000e+10,-9.381000000000000227e+01
1.641403040000000000e+10,-9.387999999999999545e+01
1.641403060000000000e+10,-9.473000000000000398e+01
1.641403080000000000e+10,-9.493000000000000682e+01
1.641403100000000000e+10,-9.439000000000000057e+01
1.641403120000000000e+10,-9.393999999999999773e+01
1.641403140000000000e+10,-9.451999999999999602e+01
1.641403160000000000e+10,-9.498999999999999488e+01
1.641403180000000000e+10,-9.535000000000000853e+01
1.641403200000000000e+10,-9.521000000000000796e+01
1.641403220000000000e+10,-9.510999999999999943e+01
1.641403240000000000e+10,-9.467000000000000171e+01
1.641403260000000000e+10,-9.457000000000000739e+01
1.641403280000000000e+10,-9.498000000000000398e+01
1.641403300000000000e+10,-9.498000000000000398e+01
1.641403320000000000e+10,-9.445000000000000284e+01
1.641403340000000000e+10,-9.345000000000000284e+01
1.641403360000000000e+10,-9.412000000000000455e+01
1.641403380000000000e+10,-9.400000000000000000e+01
1.641403400000000000e+10,-9.439000000000000057e+01
1.641403420000000000e+10,-9.518999999999999773e+01
1.641403440000000000e+10,-9.485000000000000853e+01
1.641403460000000000e+10,-9.503000000000000114e+01
1.641403480000000000e+10,-9.464000000000000057e+01
1.641403500000000000e+10,-9.414000000000000057e+01
1.641403520000000000e+10,-9.446999999999999886e+01
1.641403540000000000e+10,-9.490000000000000568e+01
1.641403560000000000e+10,-9.481000000000000227e+01
1.641403580000000000e+10,-9.498999999999999488e+01
1.641403600000000000e+10,-9.570000000000000284e+01
1.641403620000000000e+10,-9.565999999999999659e+01
1.641403640000000000e+10,-9.335000000000000853e+01
1.641403660000000000e+10,-9.371000000000000796e+01
1.641403680000000000e+10,-9.517000000000000171e+01
1.641403700000000000e+10,-9.437999999999999545e+01
1.641403720000000000e+10,-9.487000000000000455e+01
1.641403740000000000e+10,-9.434000000000000341e+01
1.641403760000000000e+10,-9.454000000000000625e+01
1.641403780000000000e+10,-9.404000000000000625e+01
1.641403800000000000e+10,-9.471999999999999886e+01
1.641403820000000000e+10,-9.473999999999999488e+01
1.641403840000000000e+10,-9.476000000000000512e+01
1.641403860000000000e+10,-9.546000000000000796e+01
1.641403880000000000e+10,-9.523000000000000398e+01
1.641403900000000000e+10,-9.465999999999999659e+01
1.641403920000000000e+10,-9.498999999999999488e+01
1.641403940000000000e+10,-9.440000000000000568e+01
1.641403960000000000e+10,-9.384000000000000341e+01
1.641403980000000000e+10,-9.468999999999999773e+01
1.641404000000000000e+10,-9.439000000000000057e+01
1.641404020000000000e+10,-9.360000000000000853e+01
1.641404040000000000e+10,-9.503000000000000114e+01
1.641404060000000000e+10,-9.587000000000000455e+01
1.641404080000000000e+10,-9.421999999999999886e+01
1.641404100000000000e+10,-9.454000000000000625e+01
1.641404120000000000e+10,-9.470000000000000284e+01
1.641404140000000000e+10,-9.250000000000000000e+01
1.641404160000000000e+10,-9.210000000000000853e+01
1.641404180000000000e+10,-9.362000000000000455e+01
1.641404200000000000e+10,-9.371000000000000796e+01
1.641404220000000000e+10,-9.484000000000000341e+01
1.641404240000000000e+10,-9.432999999999999829e+01
1.641404260000000000e+10,-9.348999999999999488e+01
1.641404280000000000e+10,-9.312999999999999545e+01
1.641404300000000000e+10,-9.398000000000000398e+01
1.641404320000000000e+10,-9.371999999999999886e+01
1.641404340000000000e+10,-9.448999999999999488e+01
1.641404360000000000e+10,-9.418999999999999773e+01
1.641404380000000000e+10,-9.404000000000000625e+01
1.641404400000000000e+10,-9.340000000000000568e+01
1.641404420000000000e+10,-9.296999999999999886e+01
1.641404440000000000e+10,-9.371999999999999886e+01
1.641404460000000000e+10,-9.451000000000000512e+01
1.641404480000000000e+10,-9.451000000000000512e+01
1.641404500000000000e+10,-9.500000000000000000e+01
1.641404520000000000e+10,-9.501999999999999602e+01
1.641404540000000000e+10,-9.493000000000000682e+01
1.641404560000000000e+10,-9.412999999999999545e+01
1.641404580000000000e+10,-9.410999999999999943e+01
1.641404600000000000e+10,-9.410000000000000853e+01
1.641404620000000000e+10,-9.335000000000000853e+01
1.641404640000000000e+10,-9.404999999999999716e+01
1.641404660000000000e+10,-9.417000000000000171e+01
1.641404680000000000e+10,-9.371000000000000796e+01
1.641404700000000000e+10,-9.331000000000000227e+01
1.641404720000000000e+10,-9.464000000000000057e+01
1.641404740000000000e+10,-9.479000000000000625e+01
1.641404760000000000e+10,-9.443000000000000682e+01
1.641404780000000000e+10,-9.562999999999999545e+01
1.641404800000000000e+10,-9.485000000000000853e+01
1.641404820000000000e+10,-9.489000000000000057e+01
1.641404840000000000e+10,-9.528000000000000114e+01
1.641404860000000000e+10,-9.562999999999999545e+01
1.641404880000000000e+10,-9.554999999999999716e+01
1.641404900000000000e+10,-9.467000000000000171e+01
1.641404920000000000e+10,-9.498999999999999488e+01
1.641404940000000000e+10,-9.493999999999999773e+01
1.641404960000000000e+10,-9.515999999999999659e+01
1.641404980000000000e+10,-9.423000000000000398e+01
1.641405000000000000e+10,-9.376999999999999602e+01
1.754595000000000000e+10,-9.293000000000000682e+01
1.754595020000000000e+10,-9.248000000000000398e+01
1.754595040000000000e+10,-9.176000000000000512e+01
1.754595060000000000e+10,-9.146000000000000796e+01
1.754595080000000000e+10,-9.221000000000000796e+01
1.754595100000000000e+10,-9.242000000000000171e+01
1.754595120000000000e+10,-9.279000000000000625e+01
1.754595140000000000e+10,-9.281000000000000227e+01
1.754595160000000000e+10,-9.310999999999999943e+01
1.754595180000000000e+10,-9.339000000000000057e+01
1.754595200000000000e+10,-9.257000000000000739e+01
1.754595220000000000e+10,-9.154000000000000625e+01
1.754595240000000000e+10,-9.225000000000000000e+01
1.754595260000000000e+10,-9.100000000000000000e+01
1.754595280000000000e+10,-9.215000000000000568e+01
1.754595300000000000e+10,-9.096999999999999886e+01
1.754595320000000000e+10,-9.157999999999999829e+01
1.754595340000000000e+10,-9.268999999999999773e+01
1.754595360000000000e+10,-9.217000000000000171e+01
1.754595380000000000e+10,-9.250000000000000000e+01
1.754595400000000000e+10,-9.232000000000000739e+01
1.754595420000000000e+10,-9.273000000000000398e+01
1.754595440000000000e+10,-9.307000000000000739e+01
1.754595460000000000e+10,-9.256000000000000227e+01
1.754595480000000000e+10,-9.229000000000000625e+01
1.754595500000000000e+10,-9.315000000000000568e+01
1.754595520000000000e+10,-9.351000000000000512e+01
1.754595540000000000e+10,-9.314000000000000057e+01
1.754595560000000000e+10,-9.293999999999999773e+01
1.754595580000000000e+10,-9.385000000000000853e+01
1.754595600000000000e+10,-9.332999999999999829e+01
1.754595620000000000e+10,-9.295000000000000284e+01
1.754595640000000000e+10,-9.310999999999999943e+01
1.754595660000000000e+10,-9.168999999999999773e+01
1.754595680000000000e+10,-9.057999999999999829e+01
1.754595700000000000e+10,-9.170000000000000284e+01
1.754595720000000000e+10,-9.257000000000000739e+01
1.754595740000000000e+10,-9.264000000000000057e+01
1.754595760000000000e+10,-9.259000000000000341e+01
1.754595780000000000e+10,-9.365000000000000568e+01
1.754595800000000000e+10,-9.228000000000000114e+01
1.754595820000000000e+10,-9.196000000000000796e+01
1.754595840000000000e+10,-9.371999999999999886e+01
1.754595860000000000e+10,-9.267000000000000171e+01
1.754595880000000000e+10,-9.317000000000000171e+01
1.754595900000000000e+10,-9.232999999999999829e+01
1.754595920000000000e+10,-9.237999999999999545e+01
1.754595940000000000e+10,-9.304000000000000625e+01
1.754595960000000000e+10,-9.229000000000000625e+01
1.754595980000000000e+10,-9.217000000000000171e+01
1.754596000000000000e+10,-9.257000000000000739e+01
1.754596020000000000e+10,-9.318000000000000682e+01
1.754596040000000000e+10,-9.293999999999999773e+01
1.754596060000000000e+10,-9.373999999999999488e+01
1.754596080000000000e+10,-9.296999999999999886e+01
1.754596100000000000e+10,-9.232000000000000739e+01
1.754596120000000000e+10,-9.221000000000000796e+01
1.754596140000000000e+10,-9.176000000000000512e+01
1.754596160000000000e+10,-9.242000000000000171e+01
1.754596180000000000e+10,-9.260999999999999943e+01
1.754596200000000000e+10,-9.120000000000000284e+01
1.754596220000000000e+10,-9.184000000000000341e+01
1.754596240000000000e+10,-9.281000000000000227e+01
1.754596260000000000e+10,-9.282999999999999829e+01
1.754596280000000000e+10,-9.142000000000000171e+01
1.754596300000000000e+10,-9.285999999999999943e+01
1.754596320000000000e+10,-9.312000000000000455e+01
1.754596340000000000e+10,-9.345000000000000284e+01
1.754596360000000000e+10,-9.337999999999999545e+01
1.754596380000000000e+10,-9.359000000000000341e+01
1.754596400000000000e+10,-9.321000000000000796e+01
1.754596420000000000e+10,-9.243999999999999773e+01
1.754596440000000000e+10,-9.298000000000000398e+01
1.754596460000000000e+10,-9.390999999999999659e+01
1.754596480000000000e+10,-9.379999999999999716e+01
1.754596500000000000e+10,-9.323999999999999488e+01
1.754596520000000000e+10,-9.265000000000000568e+01
1.754596540000000000e+10,-9.221000000000000796e+01
1.754596560000000000e+10,-9.118999999999999773e+01
1.754596580000000000e+10,-9.148999999999999488e+01
1.754596600000000000e+10,-9.145000000000000284e+01
1.754596620000000000e+10,-9.106000000000000227e+01
1.754596640000000000e+10,-9.234000000000000341e+01
1.754596660000000000e+10,-9.235999999999999943e+01
1.754596680000000000e+10,-9.332000000000000739e+01
1.754596700000000000e+10,-9.331000000000000227e+01
1.754596720000000000e+10,-9.293000000000000682e+01
1.754596740000000000e+10,-9.256000000000000227e+01
1.754596760000000000e+10,-9.337999999999999545e+01
1.754596780000000000e+10,-9.226000000000000512e+01
1.754596800000000000e+10,-9.215000000000000568e+01
1.754596820000000000e+10,-9.290999999999999659e+01
1.754596840000000000e+10,-9.229000000000000625e+01
1.754596860000000000e+10,-9.237999999999999545e+01
1.754596880000000000e+10,-9.167000000000000171e+01
1.754596900000000000e+10,-9.232999999999999829e+01
1.754596920000000000e+10,-9.273000000000000398e+01
1.754596940000000000e+10,-9.332999999999999829e+01
1.754596960000000000e+10,-9.298000000000000398e+01
1.754596980000000000e+10,-9.310999999999999943e+01
1.754597000000000000e+10,-9.257000000000000739e+01
1.754597020000000000e+10,-9.282999999999999829e+01
1.754597040000000000e+10,-9.351000000000000512e+01
1.754597060000000000e+10,-9.390000000000000568e+01
1.754597080000000000e+10,-9.393999999999999773e+01
1.754597100000000000e+10,-9.360999999999999943e+01
1.754597120000000000e+10,-9.364000000000000057e+01
1.754597140000000000e+10,-9.326000000000000512e+01
1.754597160000000000e+10,-9.420000000000000284e+01
1.754597180000000000e+10,-9.404999999999999716e+01
1.754597200000000000e+10,-9.387999999999999545e+01
1.754597220000000000e+10,-9.371000000000000796e+01
1.754597240000000000e+10,-9.343999999999999773e+01
1.754597260000000000e+10,-9.351999999999999602e+01
1.754597280000000000e+10,-9.282999999999999829e+01
1.754597300000000000e+10,-9.296999999999999886e+01
1.754597320000000000e+10,-9.300000000000000000e+01
1.754597340000000000e+10,-9.314000000000000057e+01
1.754597360000000000e+10,-9.346999999999999886e+01
1.754597380000000000e+10,-9.314000000000000057e+01
1.754597400000000000e+10,-9.187999999999999545e+01
1.754597420000000000e+10,-9.200000000000000000e+01
1.754597440000000000e+10,-9.373999999999999488e+01
1.754597460000000000e+10,-9.298000000000000398e+01
1.754597480000000000e+10,-9.221000000000000796e+01
1.754597500000000000e+10,-9.270000000000000284e+01
1.754597520000000000e+10,-9.293999999999999773e+01
1.754597540000000000e+10,-9.257000000000000739e+01
1.754597560000000000e+10,-9.239000000000000057e+01
1.754597580000000000e+10,-9.198999999999999488e+01
1.754597600000000000e+10,-9.254999999999999716e+01
1.754597620000000000e+10,-9.165000000000000568e+01
1.754597640000000000e+10,-9.129999999999999716e+01
1.754597660000000000e+10,-9.310999999999999943e+01
1.754597680000000000e+10,-9.442000000000000171e+01
1.754597700000000000e+10,-9.260999999999999943e+01
1.754597720000000000e+10,-9.192000000000000171e+01
1.754597740000000000e+10,-9.200000000000000000e+01
1.754597760000000000e+10,-9.231000000000000227e+01
1.754597780000000000e+10,-9.260999999999999943e+01
1.754597800000000000e+10,-9.148999999999999488e+01
1.754597820000000000e+10,-9.248000000000000398e+01
1.754597840000000000e+10,-9.210000000000000853e+01
1.754597860000000000e+10,-9.282000000000000739e+01
1.754597880000000000e+10,-9.265000000000000568e+01
1.754597900000000000e+10,-9.373999999999999488e+01
1.754597920000000000e+10,-9.167000000000000171e+01
1.754597940000000000e+10,-9.148999999999999488e+01
1.754597960000000000e+10,-9.228000000000000114e+01
1.754597980000000000e+10,-9.279999999999999716e+01
1.754598000000000000e+10,-9.396999999999999886e+01
1.754598020000000000e+10,-9.357999999999999829e+01
1.754598040000000000e+10,-9.351999999999999602e+01
1.754598060000000000e+10,-9.406000000000000227e+01
1.754598080000000000e+10,-9.359000000000000341e+01
1.754598100000000000e+10,-9.242000000000000171e+01
1.754598120000000000e+10,-9.201000000000000512e+01
1.754598140000000000e+10,-9.345000000000000284e+01
1.754598160000000000e+10,-9.337999999999999545e+01
1.754598180000000000e+10,-9.407000000000000739e+01
1.754598200000000000e+10,-9.451999999999999602e+01
1.754598220000000000e+10,-9.360999999999999943e+01
1.754598240000000000e+10,-9.310999999999999943e+01
1.754598260000000000e+10,-9.264000000000000057e+01
1.754598280000000000e+10,-9.310999999999999943e+01
1.754598300000000000e+10,-9.303000000000000114e+01
1.754598320000000000e+10,-9.376999999999999602e+01
1.754598340000000000e+10,-9.268000000000000682e+01
1.754598360000000000e+10,-9.270000000000000284e+01
1.754598380000000000e+10,-9.387000000000000455e+01
1.754598400000000000e+10,-9.357000000000000739e+01
1.754598420000000000e+10,-9.226000000000000512e+01
1.754598440000000000e+10,-9.210999999999999943e+01
1.754598460000000000e+10,-9.276000000000000512e+01
1.754598480000000000e+10,-9.320000000000000284e+01
1.754598500000000000e+10,-9.259000000000000341e+01
1.754598520000000000e+10,-9.232999999999999829e+01
1.754598540000000000e+10,-9.209000000000000341e+01
1.754598560000000000e+10,-9.229000000000000625e+01
1.754598580000000000e+10,-9.290999999999999659e+01
1.754598600000000000e+10,-9.318000000000000682e+01
1.754598620000000000e+10,-9.248999999999999488e+01
1.754598640000000000e+10,-9.212999999999999545e+01
1.754598660000000000e+10,-9.298000000000000398e+01
1.754598680000000000e+10,-9.403000000000000114e+01
1.754598700000000000e+10,-9.300000000000000000e+01
1.754598720000000000e+10,-9.237999999999999545e+01
1.754598740000000000e+10,-9.318000000000000682e+01
1.754598760000000000e+10,-9.256000000000000227e+01
1.754598780000000000e+10,-9.260000000000000853e+01
1.754598800000000000e+10,-9.309000000000000341e+01
1.754598820000000000e+10,-9.337999999999999545e+01
1.754598840000000000e+10,-9.329999999999999716e+01
1.754598860000000000e+10,-9.310999999999999943e+01
1.754598880000000000e+10,-9.237000000000000455e+01
1.754598900000000000e+10,-9.276999999999999602e+01
1.754598920000000000e+10,-9.285000000000000853e+01
1.754598940000000000e+10,-9.292000000000000171e+01
1.754598960000000000e+10,-9.312000000000000455e+01
1.754598980000000000e+10,-9.273999999999999488e+01
1.754599000000000000e+10,-9.265000000000000568e+01
1.754599020000000000e+10,-9.359000000000000341e+01
1.754599040000000000e+10,-9.273000000000000398e+01
1.754599060000000000e+10,-9.235000000000000853e+01
1.754599080000000000e+10,-9.223000000000000398e+01
1.754599100000000000e+10,-9.350000000000000000e+01
1.754599120000000000e+10,-9.189000000000000057e+01
1.754599140000000000e+10,-9.151000000000000512e+01
1.754599160000000000e+10,-9.259000000000000341e+01
1.754599180000000000e+10,-9.278000000000000114e+01
1.754599200000000000e+10,-9.257000000000000739e+01
1.754599220000000000e+10,-9.293000000000000682e+01
1.754599240000000000e+10,-9.287999999999999545e+01
1.754599260000000000e+10,-9.321000000000000796e+01
1.754599280000000000e+10,-9.310000000000000853e+01
1.754599300000000000e+10,-9.376999999999999602e+01
1.754599320000000000e+10,-9.229999999999999716e+01
1.754599340000000000e+10,-9.250000000000000000e+01
1.754599360000000000e+10,-9.309000000000000341e+01
1.754599380000000000e+10,-9.404000000000000625e+01
1.754599400000000000e+10,-9.257999999999999829e+01
1.754599420000000000e+10,-9.326000000000000512e+01
1.754599440000000000e+10,-9.179999999999999716e+01
1.754599460000000000e+10,-9.146999999999999886e+01
1.754599480000000000e+10,-9.315000000000000568e+01
1.754599500000000000e+10,-9.304999999999999716e+01
1.754599520000000000e+10,-9.248999999999999488e+01
1.754599540000000000e+10,-9.223999999999999488e+01
1.754599560000000000e+10,-9.196999999999999886e+01
1.754599580000000000e+10,-9.337999999999999545e+01
1.754599600000000000e+10,-9.220000000000000284e+01
1.754599620000000000e+10,-9.150000000000000000e+01
1.754599640000000000e+10,-9.170000000000000284e+01
1.754599660000000000e+10,-9.196999999999999886e+01
1.754599680000000000e+10,-9.251999999999999602e+01
1.754599700000000000e+10,-9.328000000000000114e+01
1.754599720000000000e+10,-9.315000000000000568e+01
1.754599740000000000e+10,-9.223999999999999488e+01
1.754599760000000000e+10,-9.182000000000000739e+01
1.754599780000000000e+10,-9.171999999999999886e+01
1.754599800000000000e+10,-9.287000000000000455e+01
1.754599820000000000e+10,-9.292000000000000171e+01
1.754599840000000000e+10,-9.346000000000000796e+01
1.754599860000000000e+10,-9.276000000000000512e+01
1.754599880000000000e+10,-9.265999999999999659e+01
1.754599900000000000e+10,-9.351000000000000512e+01
1.754599920000000000e+10,-9.295000000000000284e+01
1.754599940000000000e+10,-9.270000000000000284e+01
1.754599960000000000e+10,-9.260999999999999943e+01
1.754599980000000000e+10,-9.225000000000000000e+01
1.754600000000000000e+10,-9.273999999999999488e+01
1.754600020000000000e+10,-9.237000000000000455e+01
1.754600040000000000e+10,-9.282000000000000739e+01
1.754600060000000000e+10,-9.260999999999999943e+01
1.754600080000000000e+10,-9.285999999999999943e+01
1.754600100000000000e+10,-9.385999999999999943e+01
1.754600120000000000e+10,-9.345000000000000284e+01
1.754600140000000000e+10,-9.387000000000000455e+01
1.754600160000000000e+10,-9.310999999999999943e+01
1.754600180000000000e+10,-9.392000000000000171e+01
1.754600200000000000e+10,-9.309000000000000341e+01
1.754600220000000000e+10,-9.307000000000000739e+01
1.754600240000000000e+10,-9.279000000000000625e+01
1.754600260000000000e+10,-9.273999999999999488e+01
1.754600280000000000e+10,-9.268000000000000682e+01
1.754600300000000000e+10,-9.339000000000000057e+01
1.754600320000000000e+10,-9.250000000000000000e+01
1.754600340000000000e+10,-9.271999999999999886e+01
1.754600360000000000e+10,-9.342000000000000171e+01
1.754600380000000000e+10,-9.321999999999999886e+01
1.754600400000000000e+10,-9.281000000000000227e+01
1.754600420000000000e+10,-9.295000000000000284e+01
1.754600440000000000e+10,-9.232999999999999829e+01
1.754600460000000000e+10,-9.196999999999999886e+01
1.754600480000000000e+10,-9.160000000000000853e+01
1.754600500000000000e+10,-9.171000000000000796e+01
1.754600520000000000e+10,-9.112000000000000455e+01
1.754600540000000000e+10,-9.223999999999999488e+01
1.754600560000000000e+10,-9.307000000000000739e+01
1.754600580000000000e+10,-9.279000000000000625e+01
1.754600600000000000e+10,-9.392000000000000171e+01
1.754600620000000000e+10,-9.357000000000000739e+01
1.754600640000000000e+10,-9.256000000000000227e+01
1.754600660000000000e+10,-9.239000000000000057e+01
1.754600680000000000e+10,-9.276999999999999602e+01
1.754600700000000000e+10,-9.215000000000000568e+01
1.754600720000000000e+10,-9.146999999999999886e+01
1.754600740000000000e+10,-9.176000000000000512e+01
1.754600760000000000e+10,-9.301999999999999602e+01
1.754600780000000000e+10,-9.279999999999999716e+01
1.754600800000000000e+10,-9.301999999999999602e+01
1.754600820000000000e+10,-9.262999999999999545e+01
1.754600840000000000e+10,-9.240000000000000568e+01
1.754600860000000000e+10,-9.367000000000000171e+01
1.754600880000000000e+10,-9.401000000000000512e+01
1.754600900000000000e+10,-9.315000000000000568e+01
1.754600920000000000e+10,-9.359000000000000341e+01
1.754600940000000000e+10,-9.256000000000000227e+01
1.754600960000000000e+10,-9.301999999999999602e+01
1.754600980000000000e+10,-9.342000000000000171e+01
1.754601000000000000e+10,-9.270000000000000284e+01
1.754601020000000000e+10,-9.260999999999999943e+01
1.754601040000000000e+10,-9.332999999999999829e+01
1.754601060000000000e+10,-9.223000000000000398e+01
1.754601080000000000e+10,-9.240000000000000568e+01
1.754601100000000000e+10,-9.326000000000000512e+01
1.754601120000000000e+10,-9.257000000000000739e+01
1.754601140000000000e+10,-9.323999999999999488e+01
1.754601160000000000e+10,-9.362000000000000455e+01
1.754601180000000000e+10,-9.256000000000000227e+01
1.754601200000000000e+10,-9.256000000000000227e+01
1.754601220000000000e+10,-9.270000000000000284e+01
1.754601240000000000e+10,-9.326000000000000512e+01
1.754601260000000000e+10,-9.385999999999999943e+01
1.754601280000000000e+10,-9.373999999999999488e+01
1.754601300000000000e+10,-9.335999999999999943e+01
1.754601320000000000e+10,-9.287999999999999545e+01
1.754601340000000000e+10,-9.243999999999999773e+01
1.754601360000000000e+10,-9.279000000000000625e+01
1.754601380000000000e+10,-9.387000000000000455e+01
1.754601400000000000e+10,-9.351999999999999602e+01
1.754601420000000000e+10,-9.243999999999999773e+01
1.754601440000000000e+10,-9.185999999999999943e+01
1.754601460000000000e+10,-9.187000000000000455e+01
1.754601480000000000e+10,-9.156000000000000227e+01
1.754601500000000000e+10,-9.259000000000000341e+01
1.754601520000000000e+10,-9.275000000000000000e+01
1.754601540000000000e+10,-9.171000000000000796e+01
1.754601560000000000e+10,-9.210999999999999943e+01
1.754601580000000000e+10,-9.225000000000000000e+01
1.754601600000000000e+10,-9.335999999999999943e+01
1.754601620000000000e+10,-9.334000000000000341e+01
1.754601640000000000e+10,-9.226999999999999602e+01
1.754601660000000000e+10,-9.212999999999999545e+01
1.754601680000000000e+10,-9.310999999999999943e+01
1.754601700000000000e+10,-9.360999999999999943e+01
1.754601720000000000e+10,-9.359000000000000341e+01
1.754601740000000000e+10,-9.226999999999999602e+01
1.754601760000000000e+10,-9.257000000000000739e+01
1.754601780000000000e+10,-9.360000000000000853e+01
1.754601800000000000e+10,-9.354999999999999716e+01
1.754601820000000000e+10,-9.256000000000000227e+01
1.754601840000000000e+10,-9.250000000000000000e+01
1.754601860000000000e+10,-9.243999999999999773e+01
1.754601880000000000e+10,-9.201000000000000512e+01
1.754601900000000000e+10,-9.285999999999999943e+01
1.754601920000000000e+10,-9.315000000000000568e+01
1.754601940000000000e+10,-9.335999999999999943e+01
1.754601960000000000e+10,-9.323999999999999488e+01
1.754601980000000000e+10,-9.334000000000000341e+01
1.754602000000000000e+10,-9.240999999999999659e+01
1.754602020000000000e+10,-9.301999999999999602e+01
1.754602040000000000e+10,-9.365999999999999659e+01
1.754602060000000000e+10,-9.356000000000000227e+01
1.754602080000000000e+10,-9.346999999999999886e+01
1.754602100000000000e+10,-9.312999999999999545e+01
1.754602120000000000e+10,-9.370000000000000284e+01
1.754602140000000000e+10,-9.351000000000000512e+01
1.754602160000000000e+10,-9.306000000000000227e+01
1.754602180000000000e+10,-9.232000000000000739e+01
1.754602200000000000e+10,-9.096999999999999886e+01
1.754602220000000000e+10,-9.112999999999999545e+01
1.754602240000000000e+10,-9.239000000000000057e+01
1.754602260000000000e+10,-9.193000000000000682e+01
1.754602280000000000e+10,-9.243000000000000682e+01
1.754602300000000000e+10,-9.295000000000000284e+01
1.754602320000000000e+10,-9.292000000000000171e+01
1.754602340000000000e+10,-9.148000000000000398e+01
1.754602360000000000e+10,-9.096999999999999886e+01
1.754602380000000000e+10,-9.060000000000000853e+01
1.754602400000000000e+10,-9.235999999999999943e+01
1.754602420000000000e+10,-9.137000000000000455e+01
1.754602440000000000e+10,-9.126999999999999602e+01
1.754602460000000000e+10,-9.310000000000000853e+01
1.754602480000000000e+10,-9.275000000000000000e+01
1.754602500000000000e+10,-9.171000000000000796e+01
1.754602520000000000e+10,-9.262000000000000455e+01
1.754602540000000000e+10,-9.320000000000000284e+01
1.754602560000000000e+10,-9.256000000000000227e+01
1.754602580000000000e+10,-9.215000000000000568e+01
1.754602600000000000e+10,-9.329999999999999716e+01
1.754602620000000000e+10,-9.359000000000000341e+01
1.754602640000000000e+10,-9.320000000000000284e+01
1.754602660000000000e+10,-9.282000000000000739e+01
1.754602680000000000e+10,-9.179000000000000625e+01
1.754602700000000000e+10,-9.125000000000000000e+01
1.754602720000000000e+10,-9.237000000000000455e+01
1.754602740000000000e+10,-9.151000000000000512e+01
1.754602760000000000e+10,-9.179000000000000625e+01
1.754602780000000000e+10,-9.265000000000000568e+01
1.754602800000000000e+10,-9.282999999999999829e+01
1.754602820000000000e+10,-9.254000000000000625e+01
1.754602840000000000e+10,-9.303000000000000114e+01
1.754602860000000000e+10,-9.259000000000000341e+01
1.754602880000000000e+10,-9.115000000000000568e+01
1.754602900000000000e+10,-9.228000000000000114e+01
1.754602920000000000e+10,-9.250000000000000000e+01
1.754602940000000000e+10,-9.351000000000000512e+01
1.754602960000000000e+10,-9.382000000000000739e+01
1.754602980000000000e+10,-9.160999999999999943e+01
1.754603000000000000e+10,-9.126000000000000512e+01
1.754603020000000000e+10,-9.165000000000000568e+01
1.754603040000000000e+10,-9.306000000000000227e+01
1.754603060000000000e+10,-9.187000000000000455e+01
1.754603080000000000e+10,-9.206000000000000227e+01
1.754603100000000000e+10,-9.210000000000000853e+01
1.754603120000000000e+10,-9.268999999999999773e+01
1.754603140000000000e+10,-9.190999999999999659e+01
1.754603160000000000e+10,-9.251000000000000512e+01
1.754603180000000000e+10,-9.214000000000000057e+01
1.754603200000000000e+10,-9.268000000000000682e+01
1.754603220000000000e+10,-9.267000000000000171e+01
1.754603240000000000e+10,-9.307000000000000739e+01
1.754603260000000000e+10,-9.268999999999999773e+01
1.754603280000000000e+10,-9.318000000000000682e+01
1.754603300000000000e+10,-9.376999999999999602e+01
1.754603320000000000e+10,-9.296000000000000796e+01
1.754603340000000000e+10,-9.246000000000000796e+01
1.754603360000000000e+10,-9.225000000000000000e+01
1.754603380000000000e+10,-9.114000000000000057e+01
1.754603400000000000e+10,-9.221999999999999886e+01
1.754603420000000000e+10,-9.290999999999999659e+01
1.754603440000000000e+10,-9.231000000000000227e+01
1.754603460000000000e+10,-9.210999999999999943e+01
1.754603480000000000e+10,-9.312000000000000455e+01
1.754603500000000000e+10,-9.273999999999999488e+01
1.754603520000000000e+10,-9.246000000000000796e+01
1.754603540000000000e+10,-9.265000000000000568e+01
1.754603560000000000e+10,-9.285000000000000853e+01
1.754603580000000000e+10,-9.243999999999999773e+01
1.754603600000000000e+10,-9.154999999999999716e+01
1.754603620000000000e+10,-9.104000000000000625e+01
1.754603640000000000e+10,-9.248999999999999488e+01
1.754603660000000000e+10,-9.270000000000000284e+01
1.754603680000000000e+10,-9.206000000000000227e+01
1.754603700000000000e+10,-9.160000000000000853e+01
1.754603720000000000e+10,-9.142000000000000171e+01
1.754603740000000000e+10,-9.296999999999999886e+01
1.754603760000000000e+10,-9.393000000000000682e+01
1.754603780000000000e+10,-9.501999999999999602e+01
1.754603800000000000e+10,-9.345000000000000284e+01
1.754603820000000000e+10,-9.281000000000000227e+01
1.754603840000000000e+10,-9.275000000000000000e+01
1.754603860000000000e+10,-9.082999999999999829e+01
1.754603880000000000e+10,-9.157000000000000739e+01
1.754603900000000000e+10,-9.328000000000000114e+01
1.754603920000000000e+10,-9.354000000000000625e+01
1.754603940000000000e+10,-9.371999999999999886e+01
1.754603960000000000e+10,-9.335000000000000853e+01
1.754603980000000000e+10,-9.362999999999999545e+01
1.754604000000000000e+10,-9.368999999999999773e+01
1.754604020000000000e+10,-9.246000000000000796e+01
1.754604040000000000e+10,-9.204000000000000625e+01
1.754604060000000000e+10,-9.290000000000000568e+01
1.754604080000000000e+10,-9.248999999999999488e+01
1.754604100000000000e+10,-9.300000000000000000e+01
1.754604120000000000e+10,-9.401000000000000512e+01
1.754604140000000000e+10,-9.428000000000000114e+01
1.754604160000000000e+10,-9.364000000000000057e+01
1.754604180000000000e+10,-9.296000000000000796e+01
1.754604200000000000e+10,-9.259000000000000341e+01
1.754604220000000000e+10,-9.329999999999999716e+01
1.754604240000000000e+10,-9.243999999999999773e+01
1.754604260000000000e+10,-9.201000000000000512e+01
1.754604280000000000e+10,-9.287999999999999545e+01
1.754604300000000000e+10,-9.346999999999999886e+01
1.754604320000000000e+10,-9.317000000000000171e+01
1.754604340000000000e+10,-9.346999999999999886e+01
1.754604360000000000e+10,-9.220000000000000284e+01
1.754604380000000000e+10,-9.184000000000000341e+01
1.754604400000000000e+10,-9.275000000000000000e+01
1.754604420000000000e+10,-9.343999999999999773e+01
1.754604440000000000e+10,-9.312999999999999545e+01
1.754604460000000000e+10,-9.365000000000000568e+01
1.754604480000000000e+10,-9.364000000000000057e+01
1.754604500000000000e+10,-9.254000000000000625e+01
1.754604520000000000e+10,-9.315000000000000568e+01
1.754604540000000000e+10,-9.309000000000000341e+01
1.754604560000000000e+10,-9.370000000000000284e+01
1.754604580000000000e+10,-9.367000000000000171e+01
1.754604600000000000e+10,-9.246999999999999886e+01
1.754604620000000000e+10,-9.337000000000000455e+01
1.754604640000000000e+10,-9.135999999999999943e+01
1.754604660000000000e+10,-9.164000000000000057e+01
1.754604680000000000e+10,-9.235999999999999943e+01
1.754604700000000000e+10,-9.232999999999999829e+01
1.754604720000000000e+10,-9.390999999999999659e+01
1.754604740000000000e+10,-9.368000000000000682e+01
1.754604760000000000e+10,-9.373000000000000398e+01
1.754604780000000000e+10,-9.282999999999999829e+01
1.754604800000000000e+10,-9.282999999999999829e+01
1.754604820000000000e+10,-9.182999999999999829e+01
1.754604840000000000e+10,-9.275000000000000000e+01
1.754604860000000000e+10,-9.262999999999999545e+01
1.754604880000000000e+10,-9.282999999999999829e+01
1.754604900000000000e+10,-9.267000000000000171e+01
1.754604920000000000e+10,-9.223999999999999488e+01
1.754604940000000000e+10,-9.346999999999999886e+01
1.754604960000000000e+10,-9.326000000000000512e+01
1.754604980000000000e+10,-9.329999999999999716e+01
1.754605000000000000e+10,-9.284000000000000341e+01
1.867795000000000000e+10,-9.662999999999999545e+01
1.867795020000000000e+10,-9.473999999999999488e+01
1.867795040000000000e+10,-9.509000000000000341e+01
1.867795060000000000e+10,-9.532000000000000739e+01
1.867795080000000000e+10,-9.521000000000000796e+01
1.867795100000000000e+10,-9.600000000000000000e+01
1.867795120000000000e+10,-9.607999999999999829e+01
1.867795140000000000e+10,-9.624000000000000909e+01
1.867795160000000000e+10,-9.610999999999999943e+01
1.867795180000000000e+10,-9.623000000000000398e+01
1.867795200000000000e+10,-9.637000000000000455e+01
1.867795220000000000e+10,-9.590999999999999659e+01
1.867795240000000000e+10,-9.464000000000000057e+01
1.867795260000000000e+10,-9.487000000000000455e+01
1.867795280000000000e+10,-9.575000000000000000e+01
1.867795300000000000e+10,-9.562000000000000455e+01
1.867795320000000000e+10,-9.485000000000000853e+01
1.867795340000000000e+10,-9.420000000000000284e+01
1.867795360000000000e+10,-9.410999999999999943e+01
1.867795380000000000e+10,-9.426999999999999602e+01
1.867795400000000000e+10,-9.475000000000000000e+01
1.867795420000000000e+10,-9.595000000000000284e+01
1.867795440000000000e+10,-9.521999999999999886e+01
1.867795460000000000e+10,-9.560999999999999943e+01
1.867795480000000000e+10,-9.581000000000000227e+01
1.867795500000000000e+10,-9.551999999999999602e+01
1.867795520000000000e+10,-9.535000000000000853e+01
1.867795540000000000e+10,-9.525000000000000000e+01
1.867795560000000000e+10,-9.570000000000000284e+01
1.867795580000000000e+10,-9.590999999999999659e+01
1.867795600000000000e+10,-9.617000000000000171e+01
1.867795620000000000e+10,-9.515000000000000568e+01
1.867795640000000000e+10,-9.484000000000000341e+01
1.867795660000000000e+10,-9.560999999999999943e+01
1.867795680000000000e+10,-9.612999999999999545e+01
1.867795700000000000e+10,-9.426999999999999602e+01
1.867795720000000000e+10,-9.423000000000000398e+01
1.867795740000000000e+10,-9.456000000000000227e+01
1.867795760000000000e+10,-9.490000000000000568e+01
1.867795780000000000e+10,-9.637999999999999545e+01
1.867795800000000000e+10,-9.599000000000000909e+01
1.867795820000000000e+10,-9.585000000000000853e+01
1.867795840000000000e+10,-9.529999999999999716e+01
1.867795860000000000e+10,-9.518000000000000682e+01
1.867795880000000000e+10,-9.579000000000000625e+01
1.867795900000000000e+10,-9.470000000000000284e+01
1.867795920000000000e+10,-9.587000000000000455e+01
1.867795940000000000e+10,-9.529000000000000625e+01
1.867795960000000000e+10,-9.506000000000000227e+01
1.867795980000000000e+10,-9.420000000000000284e+01
1.867796000000000000e+10,-9.465999999999999659e+01
1.867796020000000000e+10,-9.403000000000000114e+01
1.867796040000000000e+10,-9.425000000000000000e+01
1.867796060000000000e+10,-9.489000000000000057e+01
1.867796080000000000e+10,-9.454999999999999716e+01
1.867796100000000000e+10,-9.560000000000000853e+01
1.867796120000000000e+10,-9.590999999999999659e+01
1.867796140000000000e+10,-9.565000000000000568e+01
1.867796160000000000e+10,-9.442000000000000171e+01
1.867796180000000000e+10,-9.467000000000000171e+01
1.867796200000000000e+10,-9.587000000000000455e+01
1.867796220000000000e+10,-9.493000000000000682e+01
1.867796240000000000e+10,-9.406000000000000227e+01
1.867796260000000000e+10,-9.479999999999999716e+01
1.867796280000000000e+10,-9.535000000000000853e+01
1.867796300000000000e+10,-9.598000000000000398e+01
1.867796320000000000e+10,-9.595000000000000284e+01
1.867796340000000000e+10,-9.640000000000000568e+01
1.867796360000000000e+10,-9.645000000000000284e+01
1.867796380000000000e+10,-9.632999999999999829e+01
1.867796400000000000e+10,-9.596000000000000796e+01
1.867796420000000000e+10,-9.551999999999999602e+01
1.867796440000000000e+10,-9.575000000000000000e+01
1.867796460000000000e+10,-9.523000000000000398e+01
1.867796480000000000e+10,-9.615999999999999659e+01
1.867796500000000000e+10,-9.520000000000000284e+01
1.867796520000000000e+10,-9.482000000000000739e+01
1.867796540000000000e+10,-9.629999999999999716e+01
1.867796560000000000e+10,-9.529999999999999716e+01
1.867796580000000000e+10,-9.570000000000000284e+01
1.867796600000000000e+10,-9.601999999999999602e+01
1.867796620000000000e+10,-9.600000000000000000e+01
1.867796640000000000e+10,-9.554000000000000625e+01
1.867796660000000000e+10,-9.457000000000000739e+01
1.867796680000000000e+10,-9.504999999999999716e+01
1.867796700000000000e+10,-9.468999999999999773e+01
1.867796720000000000e+10,-9.526999999999999602e+01
1.867796740000000000e+10,-9.607000000000000739e+01
1.867796760000000000e+10,-9.662999999999999545e+01
1.867796780000000000e+10,-9.671999999999999886e+01
1.867796800000000000e+10,-9.670000000000000284e+01
1.867796820000000000e+10,-9.562999999999999545e+01
1.867796840000000000e+10,-9.531000000000000227e+01
1.867796860000000000e+10,-9.578000000000000114e+01
1.867796880000000000e+10,-9.551999999999999602e+01
1.867796900000000000e+10,-9.562999999999999545e+01
1.867796920000000000e+10,-9.465000000000000568e+01
1.867796940000000000e+10,-9.534000000000000341e+01
1.867796960000000000e+10,-9.528000000000000114e+01
1.867796980000000000e+10,-9.498000000000000398e+01
1.867797000000000000e+10,-9.535999999999999943e+01
1.867797020000000000e+10,-9.551999999999999602e+01
1.867797040000000000e+10,-9.543999999999999773e+01
1.867797060000000000e+10,-9.539000000000000057e+01
1.867797080000000000e+10,-9.489000000000000057e+01
1.867797100000000000e+10,-9.557999999999999829e+01
1.867797120000000000e+10,-9.481000000000000227e+01
1.867797140000000000e+10,-9.515999999999999659e+01
1.867797160000000000e+10,-9.582999999999999829e+01
1.867797180000000000e+10,-9.587999999999999545e+01
1.867797200000000000e+10,-9.642000000000000171e+01
1.867797220000000000e+10,-9.671000000000000796e+01
1.867797240000000000e+10,-9.665999999999999659e+01
1.867797260000000000e+10,-9.598000000000000398e+01
1.867797280000000000e+10,-9.546000000000000796e+01
1.867797300000000000e+10,-9.515000000000000568e+01
1.867797320000000000e+10,-9.543000000000000682e+01
1.867797340000000000e+10,-9.510999999999999943e+01
1.867797360000000000e+10,-9.548000000000000398e+01
1.867797380000000000e+10,-9.556000000000000227e+01
1.867797400000000000e+10,-9.498000000000000398e+01
1.867797420000000000e+10,-9.520000000000000284e+01
1.867797440000000000e+10,-9.559000000000000341e+01
1.867797460000000000e+10,-9.548000000000000398e+01
1.867797480000000000e+10,-9.543999999999999773e+01
1.867797500000000000e+10,-9.554000000000000625e+01
1.867797520000000000e+10,-9.545000000000000284e+01
1.867797540000000000e+10,-9.637999999999999545e+01
1.867797560000000000e+10,-9.632999999999999829e+01
1.867797580000000000e+10,-9.593000000000000682e+01
1.867797600000000000e+10,-9.629999999999999716e+01
1.867797620000000000e+10,-9.473999999999999488e+01
1.867797640000000000e+10,-9.437999999999999545e+01
1.867797660000000000e+10,-9.537000000000000455e+01
1.867797680000000000e+10,-9.460999999999999943e+01
1.867797700000000000e+10,-9.460999999999999943e+01
1.867797720000000000e+10,-9.435000000000000853e+01
1.867797740000000000e+10,-9.614000000000000057e+01
1.867797760000000000e+10,-9.498000000000000398e+01
1.867797780000000000e+10,-9.456000000000000227e+01
1.867797800000000000e+10,-9.515000000000000568e+01
1.867797820000000000e+10,-9.560999999999999943e+01
1.867797840000000000e+10,-9.415999999999999659e+01
1.867797860000000000e+10,-9.343000000000000682e+01
1.867797880000000000e+10,-9.448999999999999488e+01
1.867797900000000000e+10,-9.512000000000000455e+01
1.867797920000000000e+10,-9.573000000000000398e+01
1.867797940000000000e+10,-9.587999999999999545e+01
1.867797960000000000e+10,-9.560000000000000853e+01
1.867797980000000000e+10,-9.535000000000000853e+01
1.867798000000000000e+10,-9.539000000000000057e+01
1.867798020000000000e+10,-9.626000000000000512e+01
1.867798040000000000e+10,-9.585999999999999943e+01
1.867798060000000000e+10,-9.484000000000000341e+01
1.867798080000000000e+10,-9.493000000000000682e+01
1.867798100000000000e+10,-9.629999999999999716e+01
1.867798120000000000e+10,-9.581000000000000227e+01
1.867798140000000000e+10,-9.634000000000000341e+01
1.867798160000000000e+10,-9.712999999999999545e+01
1.867798180000000000e+10,-9.603000000000000114e+01
1.867798200000000000e+10,-9.590000000000000568e+01
1.867798220000000000e+10,-9.510999999999999943e+01
1.867798240000000000e+10,-9.482000000000000739e+01
1.867798260000000000e+10,-9.534000000000000341e+01
1.867798280000000000e+10,-9.543000000000000682e+01
1.867798300000000000e+10,-9.670000000000000284e+01
1.867798320000000000e+10,-9.662999999999999545e+01
1.867798340000000000e+10,-9.665999999999999659e+01
1.867798360000000000e+10,-9.599000000000000909e+01
1.867798380000000000e+10,-9.587000000000000455e+01
1.867798400000000000e+10,-9.585999999999999943e+01
1.867798420000000000e+10,-9.584000000000000341e+01
1.867798440000000000e+10,-9.620000000000000284e+01
1.867798460000000000e+10,-9.585999999999999943e+01
1.867798480000000000e+10,-9.607000000000000739e+01
1.867798500000000000e+10,-9.551000000000000512e+01
1.867798520000000000e+10,-9.534000000000000341e+01
1.867798540000000000e+10,-9.448000000000000398e+01
1.867798560000000000e+10,-9.456000000000000227e+01
1.867798580000000000e+10,-9.542000000000000171e+01
1.867798600000000000e+10,-9.560999999999999943e+01
1.867798620000000000e+10,-9.610000000000000853e+01
1.867798640000000000e+10,-9.615999999999999659e+01
1.867798660000000000e+10,-9.603000000000000114e+01
1.867798680000000000e+10,-9.571000000000000796e+01
1.867798700000000000e+10,-9.657000000000000739e+01
1.867798720000000000e+10,-9.589000000000000057e+01
1.867798740000000000e+10,-9.457000000000000739e+01
1.867798760000000000e+10,-9.434000000000000341e+01
1.867798780000000000e+10,-9.437999999999999545e+01
1.867798800000000000e+10,-9.462999999999999545e+01
1.867798820000000000e+10,-9.528000000000000114e+01
1.867798840000000000e+10,-9.657000000000000739e+01
1.867798860000000000e+10,-9.714000000000000057e+01
1.867798880000000000e+10,-9.600000000000000000e+01
1.867798900000000000e+10,-9.553000000000000114e+01
1.867798920000000000e+10,-9.551999999999999602e+01
1.867798940000000000e+10,-9.598000000000000398e+01
1.867798960000000000e+10,-9.612999999999999545e+01
1.867798980000000000e+10,-9.610999999999999943e+01
1.867799000000000000e+10,-9.584000000000000341e+01
1.867799020000000000e+10,-9.675000000000000000e+01
1.867799040000000000e+10,-9.557000000000000739e+01
1.867799060000000000e+10,-9.610999999999999943e+01
1.867799080000000000e+10,-9.520000000000000284e+01
1.867799100000000000e+10,-9.487000000000000455e+01
1.867799120000000000e+10,-9.604999999999999716e+01
1.867799140000000000e+10,-9.482000000000000739e+01
1.867799160000000000e+10,-9.560999999999999943e+01
1.867799180000000000e+10,-9.718999999999999773e+01
1.867799200000000000e+10,-9.526999999999999602e+01
1.867799220000000000e+10,-9.512000000000000455e+01
1.867799240000000000e+10,-9.442000000000000171e+01
1.867799260000000000e+10,-9.507999999999999829e+01
1.867799280000000000e+10,-9.568999999999999773e+01
1.867799300000000000e+10,-9.595000000000000284e+01
1.867799320000000000e+10,-9.484000000000000341e+01
1.867799340000000000e+10,-9.457000000000000739e+01
1.867799360000000000e+10,-9.543999999999999773e+01
1.867799380000000000e+10,-9.587000000000000455e+01
1.867799400000000000e+10,-9.587000000000000455e+01
1.867799420000000000e+10,-9.571000000000000796e+01
1.867799440000000000e+10,-9.534000000000000341e+01
1.867799460000000000e+10,-9.710999999999999943e+01
1.867799480000000000e+10,-9.720000000000000284e+01
1.867799500000000000e+10,-9.531000000000000227e+01
1.867799520000000000e+10,-9.493000000000000682e+01
1.867799540000000000e+10,-9.610999999999999943e+01
1.867799560000000000e+10,-9.450000000000000000e+01
1.867799580000000000e+10,-9.448000000000000398e+01
1.867799600000000000e+10,-9.493999999999999773e+01
1.867799620000000000e+10,-9.460000000000000853e+01
1.867799640000000000e+10,-9.445000000000000284e+01
1.867799660000000000e+10,-9.485000000000000853e+01
1.867799680000000000e+10,-9.660999999999999943e+01
1.867799700000000000e+10,-9.612999999999999545e+01
1.867799720000000000e+10,-9.523999999999999488e+01
1.867799740000000000e+10,-9.581000000000000227e+01
1.867799760000000000e+10,-9.607999999999999829e+01
1.867799780000000000e+10,-9.529999999999999716e+01
1.867799800000000000e+10,-9.601999999999999602e+01
1.867799820000000000e+10,-9.665000000000000568e+01
1.867799840000000000e+10,-9.565999999999999659e+01
1.867799860000000000e+10,-9.550000000000000000e+01
1.867799880000000000e+10,-9.565000000000000568e+01
1.867799900000000000e+10,-9.562000000000000455e+01
1.867799920000000000e+10,-9.529999999999999716e+01
1.867799940000000000e+10,-9.515000000000000568e+01
1.867799960000000000e+10,-9.475000000000000000e+01
1.867799980000000000e+10,-9.484000000000000341e+01
1.867800000000000000e+10,-9.482000000000000739e+01
1.867800020000000000e+10,-9.559000000000000341e+01
1.867800040000000000e+10,-9.523000000000000398e+01
1.867800060000000000e+10,-9.665999999999999659e+01
1.867800080000000000e+10,-9.650000000000000000e+01
1.867800100000000000e+10,-9.657000000000000739e+01
1.867800120000000000e+10,-9.740999999999999659e+01
1.867800140000000000e+10,-9.693000000000000682e+01
1.867800160000000000e+10,-9.660999999999999943e+01
1.867800180000000000e+10,-9.621999999999999886e+01
1.867800200000000000e+10,-9.601000000000000512e+01
1.867800220000000000e+10,-9.565000000000000568e+01
1.867800240000000000e+10,-9.575000000000000000e+01
1.867800260000000000e+10,-9.589000000000000057e+01
1.867800280000000000e+10,-9.532999999999999829e+01
1.867800300000000000e+10,-9.492000000000000171e+01
1.867800320000000000e+10,-9.479000000000000625e+01
1.867800340000000000e+10,-9.398000000000000398e+01
1.867800360000000000e+10,-9.434000000000000341e+01
1.867800380000000000e+10,-9.553000000000000114e+01
1.867800400000000000e+10,-9.576999999999999602e+01
1.867800420000000000e+10,-9.582000000000000739e+01
1.867800440000000000e+10,-9.537000000000000455e+01
1.867800460000000000e+10,-9.498000000000000398e+01
1.867800480000000000e+10,-9.589000000000000057e+01
1.867800500000000000e+10,-9.482000000000000739e+01
1.867800520000000000e+10,-9.401000000000000512e+01
1.867800540000000000e+10,-9.543000000000000682e+01
1.867800560000000000e+10,-9.557999999999999829e+01
1.867800580000000000e+10,-9.673000000000000398e+01
1.867800600000000000e+10,-9.665999999999999659e+01
1.867800620000000000e+10,-9.473999999999999488e+01
1.867800640000000000e+10,-9.487000000000000455e+01
1.867800660000000000e+10,-9.576000000000000512e+01
1.867800680000000000e+10,-9.537999999999999545e+01
1.867800700000000000e+10,-9.457000000000000739e+01
1.867800720000000000e+10,-9.482000000000000739e+01
1.867800740000000000e+10,-9.617000000000000171e+01
1.867800760000000000e+10,-9.590999999999999659e+01
1.867800780000000000e+10,-9.604000000000000625e+01
1.867800800000000000e+10,-9.604000000000000625e+01
1.867800820000000000e+10,-9.510999999999999943e+01
1.867800840000000000e+10,-9.518000000000000682e+01
1.867800860000000000e+10,-9.534000000000000341e+01
1.867800880000000000e+10,-9.575000000000000000e+01
1.867800900000000000e+10,-9.590999999999999659e+01
1.867800920000000000e+10,-9.473999999999999488e+01
1.867800940000000000e+10,-9.462000000000000455e+01
1.867800960000000000e+10,-9.587000000000000455e+01
1.867800980000000000e+10,-9.621000000000000796e+01
1.867801000000000000e+10,-9.495000000000000284e+01
1.867801020000000000e+10,-9.485999999999999943e+01
1.867801040000000000e+10,-9.556000000000000227e+01
1.867801060000000000e+10,-9.518000000000000682e+01
1.867801080000000000e+10,-9.620000000000000284e+01
1.867801100000000000e+10,-9.601999999999999602e+01
1.867801120000000000e+10,-9.579999999999999716e+01
1.867801140000000000e+10,-9.515999999999999659e+01
1.867801160000000000e+10,-9.515999999999999659e+01
1.867801180000000000e+10,-9.534000000000000341e+01
1.867801200000000000e+10,-9.507999999999999829e+01
1.867801220000000000e+10,-9.460000000000000853e+01
1.867801240000000000e+10,-9.539000000000000057e+01
1.867801260000000000e+10,-9.657000000000000739e+01
1.867801280000000000e+10,-9.660999999999999943e+01
1.867801300000000000e+10,-9.646000000000000796e+01
1.867801320000000000e+10,-9.587000000000000455e+01
1.867801340000000000e+10,-9.564000000000000057e+01
1.867801360000000000e+10,-9.617000000000000171e+01
1.867801380000000000e+10,-9.495000000000000284e+01
1.867801400000000000e+10,-9.507999999999999829e+01
1.867801420000000000e+10,-9.546999999999999886e+01
1.867801440000000000e+10,-9.615999999999999659e+01
1.867801460000000000e+10,-9.643999999999999773e+01
1.867801480000000000e+10,-9.639000000000000057e+01
1.867801500000000000e+10,-9.610999999999999943e+01
1.867801520000000000e+10,-9.523999999999999488e+01
1.867801540000000000e+10,-9.548000000000000398e+01
1.867801560000000000e+10,-9.521999999999999886e+01
1.867801580000000000e+10,-9.632000000000000739e+01
1.867801600000000000e+10,-9.718000000000000682e+01
1.867801620000000000e+10,-9.626999999999999602e+01
1.867801640000000000e+10,-9.534000000000000341e+01
1.867801660000000000e+10,-9.540999999999999659e+01
1.867801680000000000e+10,-9.554999999999999716e+01
1.867801700000000000e+10,-9.582000000000000739e+01
1.867801720000000000e+10,-9.560999999999999943e+01
1.867801740000000000e+10,-9.612000000000000455e+01
1.867801760000000000e+10,-9.573000000000000398e+01
1.867801780000000000e+10,-9.557000000000000739e+01
1.867801800000000000e+10,-9.579000000000000625e+01
1.867801820000000000e+10,-9.485999999999999943e+01
1.867801840000000000e+10,-9.473000000000000398e+01
1.867801860000000000e+10,-9.542000000000000171e+01
1.867801880000000000e+10,-9.593999999999999773e+01
1.867801900000000000e+10,-9.434000000000000341e+01
1.867801920000000000e+10,-9.423999999999999488e+01
1.867801940000000000e+10,-9.423999999999999488e+01
1.867801960000000000e+10,-9.512000000000000455e+01
1.867801980000000000e+10,-9.482000000000000739e+01
1.867802000000000000e+10,-9.440999999999999659e+01
1.867802020000000000e+10,-9.498000000000000398e+01
1.867802040000000000e+10,-9.601999999999999602e+01
1.867802060000000000e+10,-9.571999999999999886e+01
1.867802080000000000e+10,-9.501999999999999602e+01
1.867802100000000000e+10,-9.485999999999999943e+01
1.867802120000000000e+10,-9.568999999999999773e+01
1.867802140000000000e+10,-9.528000000000000114e+01
1.867802160000000000e+10,-9.528000000000000114e+01
1.867802180000000000e+10,-9.557999999999999829e+01
1.867802200000000000e+10,-9.498000000000000398e+01
1.867802220000000000e+10,-9.493000000000000682e+01
1.867802240000000000e+10,-9.510999999999999943e+01
1.867802260000000000e+10,-9.554000000000000625e+01
1.867802280000000000e+10,-9.525000000000000000e+01
1.867802300000000000e+10,-9.490000000000000568e+01
1.867802320000000000e+10,-9.482000000000000739e+01
1.867802340000000000e+10,-9.429999999999999716e+01
1.867802360000000000e+10,-9.531000000000000227e+01
1.867802380000000000e+10,-9.607999999999999829e+01
1.867802400000000000e+10,-9.571000000000000796e+01
1.867802420000000000e+10,-9.556000000000000227e+01
1.867802440000000000e+10,-9.543999999999999773e+01
1.867802460000000000e+10,-9.423999999999999488e+01
1.867802480000000000e+10,-9.448000000000000398e+01
1.867802500000000000e+10,-9.551999999999999602e+01
1.867802520000000000e+10,-9.639000000000000057e+01
1.867802540000000000e+10,-9.623000000000000398e+01
1.867802560000000000e+10,-9.606000000000000227e+01
1.867802580000000000e+10,-9.618999999999999773e+01
1.867802600000000000e+10,-9.617000000000000171e+01
1.867802620000000000e+10,-9.525000000000000000e+01
1.867802640000000000e+10,-9.526000000000000512e+01
1.867802660000000000e+10,-9.632000000000000739e+01
1.867802680000000000e+10,-9.690999999999999659e+01
1.867802700000000000e+10,-9.584000000000000341e+01
1.867802720000000000e+10,-9.539000000000000057e+01
1.867802740000000000e+10,-9.659000000000000341e+01
1.867802760000000000e+10,-9.625000000000000000e+01
1.867802780000000000e+10,-9.528000000000000114e+01
1.867802800000000000e+10,-9.528000000000000114e+01
1.867802820000000000e+10,-9.539000000000000057e+01
1.867802840000000000e+10,-9.523000000000000398e+01
1.867802860000000000e+10,-9.471999999999999886e+01
1.867802880000000000e+10,-9.479999999999999716e+01
1.867802900000000000e+10,-9.384000000000000341e+01
1.867802920000000000e+10,-9.493000000000000682e+01
1.867802940000000000e+10,-9.587000000000000455e+01
1.867802960000000000e+10,-9.679000000000000625e+01
1.867802980000000000e+10,-9.623000000000000398e+01
1.867803000000000000e+10,-9.584000000000000341e+01
1.867803020000000000e+10,-9.615999999999999659e+01
1.867803040000000000e+10,-9.575000000000000000e+01
1.867803060000000000e+10,-9.540999999999999659e+01
1.867803080000000000e+10,-9.540999999999999659e+01
1.867803100000000000e+10,-9.501999999999999602e+01
1.867803120000000000e+10,-9.482999999999999829e+01
1.867803140000000000e+10,-9.571000000000000796e+01
1.867803160000000000e+10,-9.632999999999999829e+01
1.867803180000000000e+10,-9.643000000000000682e+01
1.867803200000000000e+10,-9.493000000000000682e+01
1.867803220000000000e+10,-9.478000000000000114e+01
1.867803240000000000e+10,-9.560999999999999943e+01
1.867803260000000000e+10,-9.498000000000000398e+01
1.867803280000000000e+10,-9.490999999999999659e+01
1.867803300000000000e+10,-9.646000000000000796e+01
1.867803320000000000e+10,-9.637000000000000455e+01
1.867803340000000000e+10,-9.457000000000000739e+01
1.867803360000000000e+10,-9.478000000000000114e+01
1.867803380000000000e+10,-9.529999999999999716e+01
1.867803400000000000e+10,-9.507000000000000739e+01
1.867803420000000000e+10,-9.496999999999999886e+01
1.867803440000000000e+10,-9.454000000000000625e+01
1.867803460000000000e+10,-9.540999999999999659e+01
1.867803480000000000e+10,-9.571000000000000796e+01
1.867803500000000000e+10,-9.554000000000000625e+01
1.867803520000000000e+10,-9.576000000000000512e+01
1.867803540000000000e+10,-9.523000000000000398e+01
1.867803560000000000e+10,-9.543000000000000682e+01
1.867803580000000000e+10,-9.507999999999999829e+01
1.867803600000000000e+10,-9.437999999999999545e+01
1.867803620000000000e+10,-9.415999999999999659e+01
1.867803640000000000e+10,-9.501999999999999602e+01
1.867803660000000000e+10,-9.528000000000000114e+01
1.867803680000000000e+10,-9.426999999999999602e+01
1.867803700000000000e+10,-9.482000000000000739e+01
1.867803720000000000e+10,-9.584000000000000341e+01
1.867803740000000000e+10,-9.573000000000000398e+01
1.867803760000000000e+10,-9.596999999999999886e+01
1.867803780000000000e+10,-9.465999999999999659e+01
1.867803800000000000e+10,-9.445000000000000284e+01
1.867803820000000000e+10,-9.525000000000000000e+01
1.867803840000000000e+10,-9.448000000000000398e+01
1.867803860000000000e+10,-9.507999999999999829e+01
1.867803880000000000e+10,-9.523000000000000398e+01
1.867803900000000000e+10,-9.487000000000000455e+01
1.867803920000000000e+10,-9.507000000000000739e+01
1.867803940000000000e+10,-9.554000000000000625e+01
1.867803960000000000e+10,-9.525000000000000000e+01
1.867803980000000000e+10,-9.475000000000000000e+01
1.867804000000000000e+10,-9.484000000000000341e+01
1.867804020000000000e+10,-9.498999999999999488e+01
1.867804040000000000e+10,-9.518000000000000682e+01
1.867804060000000000e+10,-9.598000000000000398e+01
1.867804080000000000e+10,-9.632000000000000739e+01
1.867804100000000000e+10,-9.560000000000000853e+01
1.867804120000000000e+10,-9.626000000000000512e+01
1.867804140000000000e+10,-9.689000000000000057e+01
1.867804160000000000e+10,-9.500000000000000000e+01
1.867804180000000000e+10,-9.525000000000000000e+01
1.867804200000000000e+10,-9.646999999999999886e+01
1.867804220000000000e+10,-9.723000000000000398e+01
1.867804240000000000e+10,-9.621999999999999886e+01
1.867804260000000000e+10,-9.515999999999999659e+01
1.867804280000000000e+10,-9.528000000000000114e+01
1.867804300000000000e+10,-9.493999999999999773e+01
1.867804320000000000e+10,-9.478000000000000114e+01
1.867804340000000000e+10,-9.581000000000000227e+01
1.867804360000000000e+10,-9.462000000000000455e+01
1.867804380000000000e+10,-9.507000000000000739e+01
1.867804400000000000e+10,-9.473999999999999488e+01
1.867804420000000000e+10,-9.604000000000000625e+01
1.867804440000000000e+10,-9.592000000000000171e+01
1.867804460000000000e+10,-9.732999999999999829e+01
1.867804480000000000e+10,-9.571000000000000796e+01
1.867804500000000000e+10,-9.523000000000000398e+01
1.867804520000000000e+10,-9.493000000000000682e+01
1.867804540000000000e+10,-9.468000000000000682e+01
1.867804560000000000e+10,-9.520000000000000284e+01
1.867804580000000000e+10,-9.574000000000000909e+01
1.867804600000000000e+10,-9.475000000000000000e+01
1.867804620000000000e+10,-9.512000000000000455e+01
1.867804640000000000e+10,-9.537999999999999545e+01
1.867804660000000000e+10,-9.521000000000000796e+01
1.867804680000000000e+10,-9.560999999999999943e+01
1.867804700000000000e+10,-9.626000000000000512e+01
1.867804720000000000e+10,-9.498999999999999488e+01
1.867804740000000000e+10,-9.478000000000000114e+01
1.867804760000000000e+10,-9.604999999999999716e+01
1.867804780000000000e+10,-9.490999999999999659e+01
1.867804800000000000e+10,-9.526000000000000512e+01
1.867804820000000000e+10,-9.587000000000000455e+01
1.867804840000000000e+10,-9.448000000000000398e+01
1.867804860000000000e+10,-9.496000000000000796e+01
1.867804880000000000e+10,-9.464000000000000057e+01
1.867804900000000000e+10,-9.478000000000000114e+01
1.867804920000000000e+10,-9.592000000000000171e+01
1.867804940000000000e+10,-9.575000000000000000e+01
1.867804960000000000e+10,-9.528000000000000114e+01
1.867804980000000000e+10,-9.525000000000000000e+01
1.867805000000000000e+10,-9.554000000000000625e+01
1.980995000000000000e+10,-9.699000000000000909e+01
1.980995020000000000e+10,-9.737999999999999545e+01
1.980995040000000000e+10,-9.615000000000000568e+01
1.980995060000000000e+10,-9.578000000000000114e+01
1.980995080000000000e+10,-9.515000000000000568e+01
1.980995100000000000e+10,-9.506000000000000227e+01
1.980995120000000000e+10,-9.564000000000000057e+01
1.980995140000000000e+10,-9.554000000000000625e+01
1.980995160000000000e+10,-9.570000000000000284e+01
1.980995180000000000e+10,-9.590000000000000568e+01
1.980995200000000000e+10,-9.590999999999999659e+01
1.980995220000000000e+10,-9.635000000000000853e+01
1.980995240000000000e+10,-9.553000000000000114e+01
1.980995260000000000e+10,-9.557999999999999829e+01
1.980995280000000000e+10,-9.531000000000000227e+01
1.980995300000000000e+10,-9.548000000000000398e+01
1.980995320000000000e+10,-9.562999999999999545e+01
1.980995340000000000e+10,-9.582000000000000739e+01
1.980995360000000000e+10,-9.551000000000000512e+01
1.980995380000000000e+10,-9.610999999999999943e+01
1.980995400000000000e+10,-9.556000000000000227e+01
1.980995420000000000e+10,-9.507999999999999829e+01
1.980995440000000000e+10,-9.495000000000000284e+01
1.980995460000000000e+10,-9.495000000000000284e+01
1.980995480000000000e+10,-9.587000000000000455e+01
1.980995500000000000e+10,-9.389000000000000057e+01
1.980995520000000000e+10,-9.371000000000000796e+01
1.980995540000000000e+10,-9.557999999999999829e+01
1.980995560000000000e+10,-9.560999999999999943e+01
1.980995580000000000e+10,-9.496000000000000796e+01
1.980995600000000000e+10,-9.476000000000000512e+01
1.980995620000000000e+10,-9.501999999999999602e+01
1.980995640000000000e+10,-9.543999999999999773e+01
1.980995660000000000e+10,-9.479999999999999716e+01
1.980995680000000000e+10,-9.470000000000000284e+01
1.980995700000000000e+10,-9.603000000000000114e+01
1.980995720000000000e+10,-9.367000000000000171e+01
1.980995740000000000e+10,-9.337999999999999545e+01
1.980995760000000000e+10,-9.498999999999999488e+01
1.980995780000000000e+10,-9.629999999999999716e+01
1.980995800000000000e+10,-9.567000000000000171e+01
1.980995820000000000e+10,-9.507000000000000739e+01
1.980995840000000000e+10,-9.470000000000000284e+01
1.980995860000000000e+10,-9.590000000000000568e+01
1.980995880000000000e+10,-9.589000000000000057e+01
1.980995900000000000e+10,-9.609000000000000341e+01
1.980995920000000000e+10,-9.479999999999999716e+01
1.980995940000000000e+10,-9.518000000000000682e+01
1.980995960000000000e+10,-9.618000000000000682e+01
1.980995980000000000e+10,-9.584000000000000341e+01
1.980996000000000000e+10,-9.546000000000000796e+01
1.980996020000000000e+10,-9.529999999999999716e+01
1.980996040000000000e+10,-9.492000000000000171e+01
1.980996060000000000e+10,-9.590000000000000568e+01
1.980996080000000000e+10,-9.551000000000000512e+01
1.980996100000000000e+10,-9.507999999999999829e+01
1.980996120000000000e+10,-9.551000000000000512e+01
1.980996140000000000e+10,-9.473000000000000398e+01
1.980996160000000000e+10,-9.435999999999999943e+01
1.980996180000000000e+10,-9.584000000000000341e+01
1.980996200000000000e+10,-9.571999999999999886e+01
1.980996220000000000e+10,-9.548000000000000398e+01
1.980996240000000000e+10,-9.590000000000000568e+01
1.980996260000000000e+10,-9.568000000000000682e+01
1.980996280000000000e+10,-9.590000000000000568e+01
1.980996300000000000e+10,-9.571999999999999886e+01
1.980996320000000000e+10,-9.510999999999999943e+01
1.980996340000000000e+10,-9.562000000000000455e+01
1.980996360000000000e+10,-9.595000000000000284e+01
1.980996380000000000e+10,-9.612000000000000455e+01
1.980996400000000000e+10,-9.595000000000000284e+01
1.980996420000000000e+10,-9.532999999999999829e+01
1.980996440000000000e+10,-9.385000000000000853e+01
1.980996460000000000e+10,-9.384000000000000341e+01
1.980996480000000000e+10,-9.487999999999999545e+01
1.980996500000000000e+10,-9.612999999999999545e+01
1.980996520000000000e+10,-9.676000000000000512e+01
1.980996540000000000e+10,-9.574000000000000909e+01
1.980996560000000000e+10,-9.571000000000000796e+01
1.980996580000000000e+10,-9.599000000000000909e+01
1.980996600000000000e+10,-9.539000000000000057e+01
1.980996620000000000e+10,-9.443000000000000682e+01
1.980996640000000000e+10,-9.400000000000000000e+01
1.980996660000000000e+10,-9.496000000000000796e+01
1.980996680000000000e+10,-9.487000000000000455e+01
1.980996700000000000e+10,-9.532999999999999829e+01
1.980996720000000000e+10,-9.579999999999999716e+01
1.980996740000000000e+10,-9.507999999999999829e+01
1.980996760000000000e+10,-9.425000000000000000e+01
1.980996780000000000e+10,-9.487000000000000455e+01
1.980996800000000000e+10,-9.485000000000000853e+01
1.980996820000000000e+10,-9.603000000000000114e+01
1.980996840000000000e+10,-9.482000000000000739e+01
1.980996860000000000e+10,-9.535000000000000853e+01
1.980996880000000000e+10,-9.504000000000000625e+01
1.980996900000000000e+10,-9.571999999999999886e+01
1.980996920000000000e+10,-9.535000000000000853e+01
1.980996940000000000e+10,-9.585000000000000853e+01
1.980996960000000000e+10,-9.598000000000000398e+01
1.980996980000000000e+10,-9.550000000000000000e+01
1.980997000000000000e+10,-9.462000000000000455e+01
1.980997020000000000e+10,-9.425000000000000000e+01
1.980997040000000000e+10,-9.435000000000000853e+01
1.980997060000000000e+10,-9.576000000000000512e+01
1.980997080000000000e+10,-9.610000000000000853e+01
1.980997100000000000e+10,-9.510000000000000853e+01
1.980997120000000000e+10,-9.535000000000000853e+01
1.980997140000000000e+10,-9.660999999999999943e+01
1.980997160000000000e+10,-9.581000000000000227e+01
1.980997180000000000e+10,-9.545000000000000284e+01
1.980997200000000000e+10,-9.532000000000000739e+01
1.980997220000000000e+10,-9.493999999999999773e+01
1.980997240000000000e+10,-9.548999999999999488e+01
1.980997260000000000e+10,-9.526999999999999602e+01
1.980997280000000000e+10,-9.478000000000000114e+01
1.980997300000000000e+10,-9.378000000000000114e+01
1.980997320000000000e+10,-9.401000000000000512e+01
1.980997340000000000e+10,-9.534000000000000341e+01
1.980997360000000000e+10,-9.496000000000000796e+01
1.980997380000000000e+10,-9.415000000000000568e+01
1.980997400000000000e+10,-9.493999999999999773e+01
1.980997420000000000e+10,-9.525000000000000000e+01
1.980997440000000000e+10,-9.485000000000000853e+01
1.980997460000000000e+10,-9.543999999999999773e+01
1.980997480000000000e+10,-9.476000000000000512e+01
1.980997500000000000e+10,-9.490999999999999659e+01
1.980997520000000000e+10,-9.529000000000000625e+01
1.980997540000000000e+10,-9.528000000000000114e+01
1.980997560000000000e+10,-9.429999999999999716e+01
1.980997580000000000e+10,-9.393000000000000682e+01
1.980997600000000000e+10,-9.351999999999999602e+01
1.980997620000000000e+10,-9.531000000000000227e+01
1.980997640000000000e+10,-9.593999999999999773e+01
1.980997660000000000e+10,-9.567000000000000171e+01
1.980997680000000000e+10,-9.576000000000000512e+01
1.980997700000000000e+10,-9.560999999999999943e+01
1.980997720000000000e+10,-9.531000000000000227e+01
1.980997740000000000e+10,-9.521000000000000796e+01
1.980997760000000000e+10,-9.482000000000000739e+01
1.980997780000000000e+10,-9.517000000000000171e+01
1.980997800000000000e+10,-9.512000000000000455e+01
1.980997820000000000e+10,-9.662000000000000455e+01
1.980997840000000000e+10,-9.595000000000000284e+01
1.980997860000000000e+10,-9.537000000000000455e+01
1.980997880000000000e+10,-9.440000000000000568e+01
1.980997900000000000e+10,-9.398999999999999488e+01
1.980997920000000000e+10,-9.535000000000000853e+01
1.980997940000000000e+10,-9.599000000000000909e+01
1.980997960000000000e+10,-9.537000000000000455e+01
1.980997980000000000e+10,-9.496000000000000796e+01
1.980998000000000000e+10,-9.595000000000000284e+01
1.980998020000000000e+10,-9.548000000000000398e+01
1.980998040000000000e+10,-9.540000000000000568e+01
1.980998060000000000e+10,-9.485000000000000853e+01
1.980998080000000000e+10,-9.448999999999999488e+01
1.980998100000000000e+10,-9.520000000000000284e+01
1.980998120000000000e+10,-9.423000000000000398e+01
1.980998140000000000e+10,-9.417000000000000171e+01
1.980998160000000000e+10,-9.437999999999999545e+01
1.980998180000000000e+10,-9.492000000000000171e+01
1.980998200000000000e+10,-9.600000000000000000e+01
1.980998220000000000e+10,-9.518000000000000682e+01
1.980998240000000000e+10,-9.548999999999999488e+01
1.980998260000000000e+10,-9.439000000000000057e+01
1.980998280000000000e+10,-9.462999999999999545e+01
1.980998300000000000e+10,-9.576000000000000512e+01
1.980998320000000000e+10,-9.607999999999999829e+01
1.980998340000000000e+10,-9.596000000000000796e+01
1.980998360000000000e+10,-9.468000000000000682e+01
1.980998380000000000e+10,-9.382999999999999829e+01
1.980998400000000000e+10,-9.351000000000000512e+01
1.980998420000000000e+10,-9.393999999999999773e+01
1.980998440000000000e+10,-9.435000000000000853e+01
1.980998460000000000e+10,-9.573000000000000398e+01
1.980998480000000000e+10,-9.564000000000000057e+01
1.980998500000000000e+10,-9.490000000000000568e+01
1.980998520000000000e+10,-9.520000000000000284e+01
1.980998540000000000e+10,-9.565999999999999659e+01
1.980998560000000000e+10,-9.556000000000000227e+01
1.980998580000000000e+10,-9.518000000000000682e+01
1.980998600000000000e+10,-9.404000000000000625e+01
1.980998620000000000e+10,-9.434000000000000341e+01
1.980998640000000000e+10,-9.517000000000000171e+01
1.980998660000000000e+10,-9.532000000000000739e+01
1.980998680000000000e+10,-9.559000000000000341e+01
1.980998700000000000e+10,-9.612999999999999545e+01
1.980998720000000000e+10,-9.543999999999999773e+01
1.980998740000000000e+10,-9.520000000000000284e+01
1.980998760000000000e+10,-9.582999999999999829e+01
1.980998780000000000e+10,-9.567000000000000171e+01
1.980998800000000000e+10,-9.526000000000000512e+01
1.980998820000000000e+10,-9.540999999999999659e+01
1.980998840000000000e+10,-9.537999999999999545e+01
1.980998860000000000e+10,-9.537999999999999545e+01
1.980998880000000000e+10,-9.389000000000000057e+01
1.980998900000000000e+10,-9.481000000000000227e+01
1.980998920000000000e+10,-9.581000000000000227e+01
1.980998940000000000e+10,-9.576999999999999602e+01
1.980998960000000000e+10,-9.543999999999999773e+01
1.980998980000000000e+10,-9.548999999999999488e+01
1.980999000000000000e+10,-9.518000000000000682e+01
1.980999020000000000e+10,-9.589000000000000057e+01
1.980999040000000000e+10,-9.595000000000000284e+01
1.980999060000000000e+10,-9.546000000000000796e+01
1.980999080000000000e+10,-9.570000000000000284e+01
1.980999100000000000e+10,-9.498000000000000398e+01
1.980999120000000000e+10,-9.632999999999999829e+01
1.980999140000000000e+10,-9.535999999999999943e+01
1.980999160000000000e+10,-9.493000000000000682e+01
1.980999180000000000e+10,-9.453000000000000114e+01
1.980999200000000000e+10,-9.507999999999999829e+01
1.980999220000000000e+10,-9.567000000000000171e+01
1.980999240000000000e+10,-9.590000000000000568e+01
1.980999260000000000e+10,-9.507999999999999829e+01
1.980999280000000000e+10,-9.498000000000000398e+01
1.980999300000000000e+10,-9.518999999999999773e+01
1.980999320000000000e+10,-9.653000000000000114e+01
1.980999340000000000e+10,-9.551999999999999602e+01
1.980999360000000000e+10,-9.526000000000000512e+01
1.980999380000000000e+10,-9.557999999999999829e+01
1.980999400000000000e+10,-9.535999999999999943e+01
1.980999420000000000e+10,-9.493999999999999773e+01
1.980999440000000000e+10,-9.462999999999999545e+01
1.980999460000000000e+10,-9.473999999999999488e+01
1.980999480000000000e+10,-9.560999999999999943e+01
1.980999500000000000e+10,-9.493999999999999773e+01
1.980999520000000000e+10,-9.507999999999999829e+01
1.980999540000000000e+10,-9.543999999999999773e+01
1.980999560000000000e+10,-9.579000000000000625e+01
1.980999580000000000e+10,-9.557999999999999829e+01
1.980999600000000000e+10,-9.487999999999999545e+01
1.980999620000000000e+10,-9.471999999999999886e+01
1.980999640000000000e+10,-9.521000000000000796e+01
1.980999660000000000e+10,-9.553000000000000114e+01
1.980999680000000000e+10,-9.504999999999999716e+01
1.980999700000000000e+10,-9.462999999999999545e+01
1.980999720000000000e+10,-9.606000000000000227e+01
1.980999740000000000e+10,-9.637999999999999545e+01
1.980999760000000000e+10,-9.456000000000000227e+01
1.980999780000000000e+10,-9.415000000000000568e+01
1.980999800000000000e+10,-9.537000000000000455e+01
1.980999820000000000e+10,-9.532000000000000739e+01
1.980999840000000000e+10,-9.564000000000000057e+01
1.980999860000000000e+10,-9.614000000000000057e+01
1.980999880000000000e+10,-9.593000000000000682e+01
1.980999900000000000e+10,-9.640000000000000568e+01
1.980999920000000000e+10,-9.600000000000000000e+01
1.980999940000000000e+10,-9.492000000000000171e+01
1.980999960000000000e+10,-9.618000000000000682e+01
1.980999980000000000e+10,-9.490999999999999659e+01
1.981000000000000000e+10,-9.568999999999999773e+01
1.981000020000000000e+10,-9.593999999999999773e+01
1.981000040000000000e+10,-9.632000000000000739e+01
1.981000060000000000e+10,-9.482000000000000739e+01
1.981000080000000000e+10,-9.390000000000000568e+01
1.981000100000000000e+10,-9.431000000000000227e+01
1.981000120000000000e+10,-9.604000000000000625e+01
1.981000140000000000e+10,-9.665000000000000568e+01
1.981000160000000000e+10,-9.574000000000000909e+01
1.981000180000000000e+10,-9.590000000000000568e+01
1.981000200000000000e+10,-9.503000000000000114e+01
1.981000220000000000e+10,-9.426000000000000512e+01
1.981000240000000000e+10,-9.550000000000000000e+01
1.981000260000000000e+10,-9.548999999999999488e+01
1.981000280000000000e+10,-9.493999999999999773e+01
1.981000300000000000e+10,-9.485000000000000853e+01
1.981000320000000000e+10,-9.493999999999999773e+01
1.981000340000000000e+10,-9.606000000000000227e+01
1.981000360000000000e+10,-9.603000000000000114e+01
1.981000380000000000e+10,-9.521000000000000796e+01
1.981000400000000000e+10,-9.510999999999999943e+01
1.981000420000000000e+10,-9.481000000000000227e+01
1.981000440000000000e+10,-9.442000000000000171e+01
1.981000460000000000e+10,-9.457000000000000739e+01
1.981000480000000000e+10,-9.518999999999999773e+01
1.981000500000000000e+10,-9.596000000000000796e+01
1.981000520000000000e+10,-9.600000000000000000e+01
1.981000540000000000e+10,-9.578000000000000114e+01
1.981000560000000000e+10,-9.582999999999999829e+01
1.981000580000000000e+10,-9.557000000000000739e+01
1.981000600000000000e+10,-9.546999999999999886e+01
1.981000620000000000e+10,-9.609000000000000341e+01
1.981000640000000000e+10,-9.537999999999999545e+01
1.981000660000000000e+10,-9.473999999999999488e+01
1.981000680000000000e+10,-9.590000000000000568e+01
1.981000700000000000e+10,-9.667000000000000171e+01
1.981000720000000000e+10,-9.596000000000000796e+01
1.981000740000000000e+10,-9.609000000000000341e+01
1.981000760000000000e+10,-9.448999999999999488e+01
1.981000780000000000e+10,-9.443999999999999773e+01
1.981000800000000000e+10,-9.440999999999999659e+01
1.981000820000000000e+10,-9.540000000000000568e+01
1.981000840000000000e+10,-9.665999999999999659e+01
1.981000860000000000e+10,-9.567000000000000171e+01
1.981000880000000000e+10,-9.476000000000000512e+01
1.981000900000000000e+10,-9.489000000000000057e+01
1.981000920000000000e+10,-9.607999999999999829e+01
1.981000940000000000e+10,-9.512999999999999545e+01
1.981000960000000000e+10,-9.501999999999999602e+01
1.981000980000000000e+10,-9.557999999999999829e+01
1.981001000000000000e+10,-9.393000000000000682e+01
1.981001020000000000e+10,-9.420000000000000284e+01
1.981001040000000000e+10,-9.390999999999999659e+01
1.981001060000000000e+10,-9.417000000000000171e+01
1.981001080000000000e+10,-9.407999999999999829e+01
1.981001100000000000e+10,-9.442000000000000171e+01
1.981001120000000000e+10,-9.571999999999999886e+01
1.981001140000000000e+10,-9.582999999999999829e+01
1.981001160000000000e+10,-9.551999999999999602e+01
1.981001180000000000e+10,-9.629999999999999716e+01
1.981001200000000000e+10,-9.607999999999999829e+01
1.981001220000000000e+10,-9.607999999999999829e+01
1.981001240000000000e+10,-9.612999999999999545e+01
1.981001260000000000e+10,-9.539000000000000057e+01
1.981001280000000000e+10,-9.535999999999999943e+01
1.981001300000000000e+10,-9.517000000000000171e+01
1.981001320000000000e+10,-9.478000000000000114e+01
1.981001340000000000e+10,-9.460000000000000853e+01
1.981001360000000000e+10,-9.529000000000000625e+01
1.981001380000000000e+10,-9.554000000000000625e+01
1.981001400000000000e+10,-9.604999999999999716e+01
1.981001420000000000e+10,-9.621999999999999886e+01
1.981001440000000000e+10,-9.606000000000000227e+01
1.981001460000000000e+10,-9.465000000000000568e+01
1.981001480000000000e+10,-9.426000000000000512e+01
1.981001500000000000e+10,-9.417000000000000171e+01
1.981001520000000000e+10,-9.376000000000000512e+01
1.981001540000000000e+10,-9.454000000000000625e+01
1.981001560000000000e+10,-9.432000000000000739e+01
1.981001580000000000e+10,-9.393999999999999773e+01
1.981001600000000000e+10,-9.512000000000000455e+01
1.981001620000000000e+10,-9.534000000000000341e+01
1.981001640000000000e+10,-9.593000000000000682e+01
1.981001660000000000e+10,-9.612000000000000455e+01
1.981001680000000000e+10,-9.485999999999999943e+01
1.981001700000000000e+10,-9.489000000000000057e+01
1.981001720000000000e+10,-9.451999999999999602e+01
1.981001740000000000e+10,-9.543999999999999773e+01
1.981001760000000000e+10,-9.435999999999999943e+01
1.981001780000000000e+10,-9.421999999999999886e+01
1.981001800000000000e+10,-9.510000000000000853e+01
1.981001820000000000e+10,-9.649000000000000909e+01
1.981001840000000000e+10,-9.485000000000000853e+01
1.981001860000000000e+10,-9.515999999999999659e+01
1.981001880000000000e+10,-9.618999999999999773e+01
1.981001900000000000e+10,-9.467000000000000171e+01
1.981001920000000000e+10,-9.609000000000000341e+01
1.981001940000000000e+10,-9.596999999999999886e+01
1.981001960000000000e+10,-9.556000000000000227e+01
1.981001980000000000e+10,-9.551999999999999602e+01
1.981002000000000000e+10,-9.651000000000000512e+01
1.981002020000000000e+10,-9.595000000000000284e+01
1.981002040000000000e+10,-9.567000000000000171e+01
1.981002060000000000e+10,-9.596000000000000796e+01
1.981002080000000000e+10,-9.629999999999999716e+01
1.981002100000000000e+10,-9.581000000000000227e+01
1.981002120000000000e+10,-9.606000000000000227e+01
1.981002140000000000e+10,-9.582000000000000739e+01
1.981002160000000000e+10,-9.548000000000000398e+01
1.981002180000000000e+10,-9.593999999999999773e+01
1.981002200000000000e+10,-9.537000000000000455e+01
1.981002220000000000e+10,-9.548000000000000398e+01
1.981002240000000000e+10,-9.604999999999999716e+01
1.981002260000000000e+10,-9.596000000000000796e+01
1.981002280000000000e+10,-9.609000000000000341e+01
1.981002300000000000e+10,-9.550000000000000000e+01
1.981002320000000000e+10,-9.574000000000000909e+01
1.981002340000000000e+10,-9.528000000000000114e+01
1.981002360000000000e+10,-9.510000000000000853e+01
1.981002380000000000e+10,-9.621000000000000796e+01
1.981002400000000000e+10,-9.576999999999999602e+01
1.981002420000000000e+10,-9.596000000000000796e+01
1.981002440000000000e+10,-9.476000000000000512e+01
1.981002460000000000e+10,-9.454999999999999716e+01
1.981002480000000000e+10,-9.487999999999999545e+01
1.981002500000000000e+10,-9.482000000000000739e+01
1.981002520000000000e+10,-9.539000000000000057e+01
1.981002540000000000e+10,-9.590000000000000568e+01
1.981002560000000000e+10,-9.581000000000000227e+01
1.981002580000000000e+10,-9.607999999999999829e+01
1.981002600000000000e+10,-9.640000000000000568e+01
1.981002620000000000e+10,-9.678000000000000114e+01
1.981002640000000000e+10,-9.701999999999999602e+01
1.981002660000000000e+10,-9.581000000000000227e+01
1.981002680000000000e+10,-9.540000000000000568e+01
1.981002700000000000e+10,-9.514000000000000057e+01
1.981002720000000000e+10,-9.462999999999999545e+01
1.981002740000000000e+10,-9.493999999999999773e+01
1.981002760000000000e+10,-9.606000000000000227e+01
1.981002780000000000e+10,-9.682000000000000739e+01
1.981002800000000000e+10,-9.645000000000000284e+01
1.981002820000000000e+10,-9.648000000000000398e+01
1.981002840000000000e+10,-9.421999999999999886e+01
1.981002860000000000e+10,-9.434000000000000341e+01
1.981002880000000000e+10,-9.507999999999999829e+01
1.981002900000000000e+10,-9.520000000000000284e+01
1.981002920000000000e+10,-9.493999999999999773e+01
1.981002940000000000e+10,-9.421999999999999886e+01
1.981002960000000000e+10,-9.517000000000000171e+01
1.981002980000000000e+10,-9.557000000000000739e+01
1.981003000000000000e+10,-9.568000000000000682e+01
1.981003020000000000e+10,-9.554999999999999716e+01
1.981003040000000000e+10,-9.490999999999999659e+01
1.981003060000000000e+10,-9.510000000000000853e+01
1.981003080000000000e+10,-9.562999999999999545e+01
1.981003100000000000e+10,-9.515000000000000568e+01
1.981003120000000000e+10,-9.401000000000000512e+01
1.981003140000000000e+10,-9.465000000000000568e+01
1.981003160000000000e+10,-9.574000000000000909e+01
1.981003180000000000e+10,-9.437000000000000455e+01
1.981003200000000000e+10,-9.448999999999999488e+01
1.981003220000000000e+10,-9.512999999999999545e+01
1.981003240000000000e+10,-9.457999999999999829e+01
1.981003260000000000e+10,-9.587000000000000455e+01
1.981003280000000000e+10,-9.687000000000000455e+01
1.981003300000000000e+10,-9.610999999999999943e+01
1.981003320000000000e+10,-9.634000000000000341e+01
1.981003340000000000e+10,-9.496000000000000796e+01
1.981003360000000000e+10,-9.478000000000000114e+01
1.981003380000000000e+10,-9.546999999999999886e+01
1.981003400000000000e+10,-9.670000000000000284e+01
1.981003420000000000e+10,-9.604000000000000625e+01
1.981003440000000000e+10,-9.514000000000000057e+01
1.981003460000000000e+10,-9.437999999999999545e+01
1.981003480000000000e+10,-9.553000000000000114e+01
1.981003500000000000e+10,-9.567000000000000171e+01
1.981003520000000000e+10,-9.514000000000000057e+01
1.981003540000000000e+10,-9.521999999999999886e+01
1.981003560000000000e+10,-9.543999999999999773e+01
1.981003580000000000e+10,-9.535000000000000853e+01
1.981003600000000000e+10,-9.432999999999999829e+01
1.981003620000000000e+10,-9.451000000000000512e+01
1.981003640000000000e+10,-9.470000000000000284e+01
1.981003660000000000e+10,-9.490000000000000568e+01
1.981003680000000000e+10,-9.532999999999999829e+01
1.981003700000000000e+10,-9.618000000000000682e+01
1.981003720000000000e+10,-9.506000000000000227e+01
1.981003740000000000e+10,-9.443999999999999773e+01
1.981003760000000000e+10,-9.376999999999999602e+01
1.981003780000000000e+10,-9.335999999999999943e+01
1.981003800000000000e+10,-9.443000000000000682e+01
1.981003820000000000e+10,-9.435000000000000853e+01
1.981003840000000000e+10,-9.612000000000000455e+01
1.981003860000000000e+10,-9.559000000000000341e+01
1.981003880000000000e+10,-9.637000000000000455e+01
1.981003900000000000e+10,-9.624000000000000909e+01
1.981003920000000000e+10,-9.585000000000000853e+01
1.981003940000000000e+10,-9.543999999999999773e+01
1.981003960000000000e+10,-9.412999999999999545e+01
1.981003980000000000e+10,-9.382000000000000739e+01
1.981004000000000000e+10,-9.489000000000000057e+01
1.981004020000000000e+10,-9.562999999999999545e+01
1.981004040000000000e+10,-9.429999999999999716e+01
1.981004060000000000e+10,-9.439000000000000057e+01
1.981004080000000000e+10,-9.471999999999999886e+01
1.981004100000000000e+10,-9.451000000000000512e+01
1.981004120000000000e+10,-9.462999999999999545e+01
1.981004140000000000e+10,-9.571999999999999886e+01
1.981004160000000000e+10,-9.467000000000000171e+01
1.981004180000000000e+10,-9.462999999999999545e+01
1.981004200000000000e+10,-9.528000000000000114e+01
1.981004220000000000e+10,-9.517000000000000171e+01
1.981004240000000000e+10,-9.657999999999999829e+01
1.981004260000000000e+10,-9.387999999999999545e+01
1.981004280000000000e+10,-9.423999999999999488e+01
1.981004300000000000e+10,-9.481000000000000227e+01
1.981004320000000000e+10,-9.479000000000000625e+01
1.981004340000000000e+10,-9.479000000000000625e+01
1.981004360000000000e+10,-9.501000000000000512e+01
1.981004380000000000e+10,-9.478000000000000114e+01
1.981004400000000000e+10,-9.462999999999999545e+01
1.981004420000000000e+10,-9.514000000000000057e+01
1.981004440000000000e+10,-9.435999999999999943e+01
1.981004460000000000e+10,-9.507999999999999829e+01
1.981004480000000000e+10,-9.454999999999999716e+01
1.981004500000000000e+10,-9.417000000000000171e+01
1.981004520000000000e+10,-9.367000000000000171e+01
1.981004540000000000e+10,-9.328000000000000114e+01
1.981004560000000000e+10,-9.490999999999999659e+01
1.981004580000000000e+10,-9.507999999999999829e+01
1.981004600000000000e+10,-9.626000000000000512e+01
1.981004620000000000e+10,-9.510999999999999943e+01
1.981004640000000000e+10,-9.357999999999999829e+01
1.981004660000000000e+10,-9.398000000000000398e+01
1.981004680000000000e+10,-9.553000000000000114e+01
1.981004700000000000e+10,-9.653000000000000114e+01
1.981004720000000000e+10,-9.581000000000000227e+01
1.981004740000000000e+10,-9.567000000000000171e+01
1.981004760000000000e+10,-9.596000000000000796e+01
1.981004780000000000e+10,-9.567000000000000171e+01
1.981004800000000000e+10,-9.632999999999999829e+01
1.981004820000000000e+10,-9.574000000000000909e+01
1.981004840000000000e+10,-9.585999999999999943e+01
1.981004860000000000e+10,-9.660999999999999943e+01
1.981004880000000000e+10,-9.557000000000000739e+01
1.981004900000000000e+10,-9.504000000000000625e+01
1.981004920000000000e+10,-9.473000000000000398e+01
1.981004940000000000e+10,-9.529999999999999716e+01
1.981004960000000000e+10,-9.576999999999999602e+01
1.981004980000000000e+10,-9.570000000000000284e+01
1.981005000000000000e+10,-9.564000000000000057e+01
