2.897950000000000000e+09,-9.312000000000000455e+01
2.897950200000000000e+09,-9.310999999999999943e+01
2.897950400000000000e+09,-9.310000000000000853e+01
2.897950600000000000e+09,-9.312000000000000455e+01
2.897950800000000000e+09,-9.314000000000000057e+01
2.897951000000000000e+09,-9.306000000000000227e+01
2.897951200000000000e+09,-9.296999999999999886e+01
2.897951400000000000e+09,-9.307999999999999829e+01
2.897951600000000000e+09,-9.307999999999999829e+01
2.897951800000000000e+09,-9.301999999999999602e+01
2.897952000000000000e+09,-9.298999999999999488e+01
2.897952200000000000e+09,-9.301999999999999602e+01
2.897952400000000000e+09,-9.304999999999999716e+01
2.897952600000000000e+09,-9.304000000000000625e+01
2.897952800000000000e+09,-9.304000000000000625e+01
2.897953000000000000e+09,-9.307000000000000739e+01
2.897953200000000000e+09,-9.304999999999999716e+01
2.897953400000000000e+09,-9.309000000000000341e+01
2.897953600000000000e+09,-9.307000000000000739e+01
2.897953800000000000e+09,-9.304000000000000625e+01
2.897954000000000000e+09,-9.310999999999999943e+01
2.897954200000000000e+09,-9.307999999999999829e+01
2.897954400000000000e+09,-9.312999999999999545e+01
2.897954600000000000e+09,-9.304999999999999716e+01
2.897954800000000000e+09,-9.301999999999999602e+01
2.897955000000000000e+09,-9.300000000000000000e+01
2.897955200000000000e+09,-9.301000000000000512e+01
2.897955400000000000e+09,-9.303000000000000114e+01
2.897955600000000000e+09,-9.296000000000000796e+01
2.897955800000000000e+09,-9.296000000000000796e+01
2.897956000000000000e+09,-9.304000000000000625e+01
2.897956200000000000e+09,-9.309000000000000341e+01
2.897956400000000000e+09,-9.307000000000000739e+01
2.897956600000000000e+09,-9.296999999999999886e+01
2.897956800000000000e+09,-9.301999999999999602e+01
2.897957000000000000e+09,-9.301000000000000512e+01
2.897957200000000000e+09,-9.309000000000000341e+01
2.897957400000000000e+09,-9.303000000000000114e+01
2.897957600000000000e+09,-9.304999999999999716e+01
2.897957800000000000e+09,-9.304000000000000625e+01
2.897958000000000000e+09,-9.304999999999999716e+01
2.897958200000000000e+09,-9.304999999999999716e+01
2.897958400000000000e+09,-9.307999999999999829e+01
2.897958600000000000e+09,-9.301999999999999602e+01
2.897958800000000000e+09,-9.296999999999999886e+01
2.897959000000000000e+09,-9.304000000000000625e+01
2.897959200000000000e+09,-9.304999999999999716e+01
2.897959400000000000e+09,-9.307999999999999829e+01
2.897959600000000000e+09,-9.307000000000000739e+01
2.897959800000000000e+09,-9.303000000000000114e+01
2.897960000000000000e+09,-9.303000000000000114e+01
2.897960200000000000e+09,-9.296000000000000796e+01
2.897960400000000000e+09,-9.296000000000000796e+01
2.897960600000000000e+09,-9.307000000000000739e+01
2.897960800000000000e+09,-9.301000000000000512e+01
2.897961000000000000e+09,-9.304999999999999716e+01
2.897961200000000000e+09,-9.306000000000000227e+01
2.897961400000000000e+09,-9.310000000000000853e+01
2.897961600000000000e+09,-9.304000000000000625e+01
2.897961800000000000e+09,-9.301000000000000512e+01
2.897962000000000000e+09,-9.293999999999999773e+01
2.897962200000000000e+09,-9.306000000000000227e+01
2.897962400000000000e+09,-9.306000000000000227e+01
2.897962600000000000e+09,-9.304999999999999716e+01
2.897962800000000000e+09,-9.301999999999999602e+01
2.897963000000000000e+09,-9.306000000000000227e+01
2.897963200000000000e+09,-9.303000000000000114e+01
2.897963400000000000e+09,-9.301000000000000512e+01
2.897963600000000000e+09,-9.304999999999999716e+01
2.897963800000000000e+09,-9.301000000000000512e+01
2.897964000000000000e+09,-9.292000000000000171e+01
2.897964200000000000e+09,-9.309000000000000341e+01
2.897964400000000000e+09,-9.296999999999999886e+01
2.897964600000000000e+09,-9.301000000000000512e+01
2.897964800000000000e+09,-9.296000000000000796e+01
2.897965000000000000e+09,-9.307000000000000739e+01
2.897965200000000000e+09,-9.309000000000000341e+01
2.897965400000000000e+09,-9.304000000000000625e+01
2.897965600000000000e+09,-9.300000000000000000e+01
2.897965800000000000e+09,-9.298999999999999488e+01
2.897966000000000000e+09,-9.298000000000000398e+01
2.897966200000000000e+09,-9.303000000000000114e+01
2.897966400000000000e+09,-9.309000000000000341e+01
2.897966600000000000e+09,-9.314000000000000057e+01
2.897966800000000000e+09,-9.307999999999999829e+01
2.897967000000000000e+09,-9.310000000000000853e+01
2.897967200000000000e+09,-9.304000000000000625e+01
2.897967400000000000e+09,-9.293999999999999773e+01
2.897967600000000000e+09,-9.301000000000000512e+01
2.897967800000000000e+09,-9.306000000000000227e+01
2.897968000000000000e+09,-9.298000000000000398e+01
2.897968200000000000e+09,-9.306000000000000227e+01
2.897968400000000000e+09,-9.310000000000000853e+01
2.897968600000000000e+09,-9.279000000000000625e+01
2.897968800000000000e+09,-9.296000000000000796e+01
2.897969000000000000e+09,-9.306000000000000227e+01
2.897969200000000000e+09,-9.310000000000000853e+01
2.897969400000000000e+09,-9.307000000000000739e+01
2.897969600000000000e+09,-9.307000000000000739e+01
2.897969800000000000e+09,-9.304999999999999716e+01
2.897970000000000000e+09,-9.292000000000000171e+01
2.897970200000000000e+09,-9.298999999999999488e+01
2.897970400000000000e+09,-9.310000000000000853e+01
2.897970600000000000e+09,-9.301000000000000512e+01
2.897970800000000000e+09,-9.307000000000000739e+01
2.897971000000000000e+09,-9.301000000000000512e+01
2.897971200000000000e+09,-9.301000000000000512e+01
2.897971400000000000e+09,-9.301999999999999602e+01
2.897971600000000000e+09,-9.304999999999999716e+01
2.897971800000000000e+09,-9.298999999999999488e+01
2.897972000000000000e+09,-9.298999999999999488e+01
2.897972200000000000e+09,-9.304999999999999716e+01
2.897972400000000000e+09,-9.301000000000000512e+01
2.897972600000000000e+09,-9.300000000000000000e+01
2.897972800000000000e+09,-9.296999999999999886e+01
2.897973000000000000e+09,-9.293999999999999773e+01
2.897973200000000000e+09,-9.300000000000000000e+01
2.897973400000000000e+09,-9.304000000000000625e+01
2.897973600000000000e+09,-9.307000000000000739e+01
2.897973800000000000e+09,-9.307999999999999829e+01
2.897974000000000000e+09,-9.300000000000000000e+01
2.897974200000000000e+09,-9.310000000000000853e+01
2.897974400000000000e+09,-9.296000000000000796e+01
2.897974600000000000e+09,-9.304000000000000625e+01
2.897974800000000000e+09,-9.285999999999999943e+01
2.897975000000000000e+09,-9.296999999999999886e+01
2.897975200000000000e+09,-9.304000000000000625e+01
2.897975400000000000e+09,-9.300000000000000000e+01
2.897975600000000000e+09,-9.298999999999999488e+01
2.897975800000000000e+09,-9.301000000000000512e+01
2.897976000000000000e+09,-9.301000000000000512e+01
2.897976200000000000e+09,-9.303000000000000114e+01
2.897976400000000000e+09,-9.296999999999999886e+01
2.897976600000000000e+09,-9.301000000000000512e+01
2.897976800000000000e+09,-9.300000000000000000e+01
2.897977000000000000e+09,-9.293999999999999773e+01
2.897977200000000000e+09,-9.296000000000000796e+01
2.897977400000000000e+09,-9.293999999999999773e+01
2.897977600000000000e+09,-9.296999999999999886e+01
2.897977800000000000e+09,-9.304999999999999716e+01
2.897978000000000000e+09,-9.304999999999999716e+01
2.897978200000000000e+09,-9.298000000000000398e+01
2.897978400000000000e+09,-9.298999999999999488e+01
2.897978600000000000e+09,-9.296000000000000796e+01
2.897978800000000000e+09,-9.293000000000000682e+01
2.897979000000000000e+09,-9.296000000000000796e+01
2.897979200000000000e+09,-9.292000000000000171e+01
2.897979400000000000e+09,-9.290999999999999659e+01
2.897979600000000000e+09,-9.293999999999999773e+01
2.897979800000000000e+09,-9.290000000000000568e+01
2.897980000000000000e+09,-9.296999999999999886e+01
2.897980200000000000e+09,-9.298999999999999488e+01
2.897980400000000000e+09,-9.298999999999999488e+01
2.897980600000000000e+09,-9.292000000000000171e+01
2.897980800000000000e+09,-9.293999999999999773e+01
2.897981000000000000e+09,-9.289000000000000057e+01
2.897981200000000000e+09,-9.296000000000000796e+01
2.897981400000000000e+09,-9.296000000000000796e+01
2.897981600000000000e+09,-9.304999999999999716e+01
2.897981800000000000e+09,-9.301999999999999602e+01
2.897982000000000000e+09,-9.296000000000000796e+01
2.897982200000000000e+09,-9.301999999999999602e+01
2.897982400000000000e+09,-9.282000000000000739e+01
2.897982600000000000e+09,-9.290999999999999659e+01
2.897982800000000000e+09,-9.284000000000000341e+01
2.897983000000000000e+09,-9.284000000000000341e+01
2.897983200000000000e+09,-9.287999999999999545e+01
2.897983400000000000e+09,-9.296999999999999886e+01
2.897983600000000000e+09,-9.298999999999999488e+01
2.897983800000000000e+09,-9.293000000000000682e+01
2.897984000000000000e+09,-9.295000000000000284e+01
2.897984200000000000e+09,-9.278000000000000114e+01
2.897984400000000000e+09,-9.292000000000000171e+01
2.897984600000000000e+09,-9.284000000000000341e+01
2.897984800000000000e+09,-9.287000000000000455e+01
2.897985000000000000e+09,-9.279000000000000625e+01
2.897985200000000000e+09,-9.290999999999999659e+01
2.897985400000000000e+09,-9.293999999999999773e+01
2.897985600000000000e+09,-9.282000000000000739e+01
2.897985800000000000e+09,-9.287000000000000455e+01
2.897986000000000000e+09,-9.293000000000000682e+01
2.897986200000000000e+09,-9.279999999999999716e+01
2.897986400000000000e+09,-9.276000000000000512e+01
2.897986600000000000e+09,-9.282999999999999829e+01
2.897986800000000000e+09,-9.287999999999999545e+01
2.897987000000000000e+09,-9.289000000000000057e+01
2.897987200000000000e+09,-9.271999999999999886e+01
2.897987400000000000e+09,-9.289000000000000057e+01
2.897987600000000000e+09,-9.300000000000000000e+01
2.897987800000000000e+09,-9.282000000000000739e+01
2.897988000000000000e+09,-9.289000000000000057e+01
2.897988200000000000e+09,-9.276000000000000512e+01
2.897988400000000000e+09,-9.287000000000000455e+01
2.897988600000000000e+09,-9.282000000000000739e+01
2.897988800000000000e+09,-9.282999999999999829e+01
2.897989000000000000e+09,-9.268999999999999773e+01
2.897989200000000000e+09,-9.278000000000000114e+01
2.897989400000000000e+09,-9.273000000000000398e+01
2.897989600000000000e+09,-9.276000000000000512e+01
2.897989800000000000e+09,-9.271000000000000796e+01
2.897990000000000000e+09,-9.260000000000000853e+01
2.897990200000000000e+09,-9.265000000000000568e+01
2.897990400000000000e+09,-9.281000000000000227e+01
2.897990600000000000e+09,-9.281000000000000227e+01
2.897990800000000000e+09,-9.278000000000000114e+01
2.897991000000000000e+09,-9.273000000000000398e+01
2.897991200000000000e+09,-9.271000000000000796e+01
2.897991400000000000e+09,-9.260999999999999943e+01
2.897991600000000000e+09,-9.251000000000000512e+01
2.897991800000000000e+09,-9.237000000000000455e+01
2.897992000000000000e+09,-9.260000000000000853e+01
2.897992200000000000e+09,-9.251000000000000512e+01
2.897992400000000000e+09,-9.257000000000000739e+01
2.897992600000000000e+09,-9.231000000000000227e+01
2.897992800000000000e+09,-9.201000000000000512e+01
2.897993000000000000e+09,-9.243999999999999773e+01
2.897993200000000000e+09,-9.218999999999999773e+01
2.897993400000000000e+09,-9.229999999999999716e+01
2.897993600000000000e+09,-9.217000000000000171e+01
2.897993800000000000e+09,-9.192000000000000171e+01
2.897994000000000000e+09,-9.196000000000000796e+01
2.897994200000000000e+09,-9.168999999999999773e+01
2.897994400000000000e+09,-9.110000000000000853e+01
2.897994600000000000e+09,-9.146000000000000796e+01
2.897994800000000000e+09,-9.128000000000000114e+01
2.897995000000000000e+09,-9.060000000000000853e+01
2.897995200000000000e+09,-8.998000000000000398e+01
2.897995400000000000e+09,-9.026999999999999602e+01
2.897995600000000000e+09,-9.035999999999999943e+01
2.897995800000000000e+09,-8.973000000000000398e+01
2.897996000000000000e+09,-8.946000000000000796e+01
2.897996200000000000e+09,-8.932000000000000739e+01
2.897996400000000000e+09,-8.851000000000000512e+01
2.897996600000000000e+09,-8.832000000000000739e+01
2.897996800000000000e+09,-8.698000000000000398e+01
2.897997000000000000e+09,-8.498999999999999488e+01
2.897997200000000000e+09,-8.460999999999999943e+01
2.897997400000000000e+09,-8.445000000000000284e+01
2.897997600000000000e+09,-8.325000000000000000e+01
2.897997800000000000e+09,-8.190000000000000568e+01
2.897998000000000000e+09,-8.032999999999999829e+01
2.897998200000000000e+09,-7.860999999999999943e+01
2.897998400000000000e+09,-7.662000000000000455e+01
2.897998600000000000e+09,-7.482000000000000739e+01
2.897998800000000000e+09,-7.296000000000000796e+01
2.897999000000000000e+09,-7.101999999999999602e+01
2.897999200000000000e+09,-6.893999999999999773e+01
2.897999400000000000e+09,-6.679000000000000625e+01
2.897999600000000000e+09,-6.446999999999999886e+01
2.897999800000000000e+09,-6.217000000000000171e+01
2.898000000000000000e+09,-5.985000000000000142e+01
2.898000200000000000e+09,-5.718999999999999773e+01
2.898000400000000000e+09,-5.450000000000000000e+01
2.898000600000000000e+09,-5.177000000000000313e+01
2.898000800000000000e+09,-4.893999999999999773e+01
2.898001000000000000e+09,-4.598000000000000398e+01
2.898001200000000000e+09,-4.284000000000000341e+01
2.898001400000000000e+09,-3.964999999999999858e+01
2.898001600000000000e+09,-3.656000000000000227e+01
2.898001800000000000e+09,-3.346000000000000085e+01
2.898002000000000000e+09,-3.051000000000000156e+01
2.898002200000000000e+09,-2.801000000000000156e+01
2.898002400000000000e+09,-2.601999999999999957e+01
2.898002600000000000e+09,-2.474000000000000199e+01
2.898002800000000000e+09,-2.426000000000000156e+01
2.898003000000000000e+09,-2.394000000000000128e+01
2.898003200000000000e+09,-2.435000000000000142e+01
2.898003400000000000e+09,-2.565000000000000213e+01
2.898003600000000000e+09,-2.703000000000000114e+01
2.898003800000000000e+09,-2.903000000000000114e+01
2.898004000000000000e+09,-3.165000000000000213e+01
2.898004200000000000e+09,-3.452000000000000313e+01
2.898004400000000000e+09,-3.782999999999999829e+01
2.898004600000000000e+09,-4.100999999999999801e+01
2.898004800000000000e+09,-4.427000000000000313e+01
2.898005000000000000e+09,-4.755000000000000426e+01
2.898005200000000000e+09,-5.064999999999999858e+01
2.898005400000000000e+09,-5.355000000000000426e+01
2.898005600000000000e+09,-5.642999999999999972e+01
2.898005800000000000e+09,-5.914000000000000057e+01
2.898006000000000000e+09,-6.185000000000000142e+01
2.898006200000000000e+09,-6.429999999999999716e+01
2.898006400000000000e+09,-6.668000000000000682e+01
2.898006600000000000e+09,-6.892000000000000171e+01
2.898006800000000000e+09,-7.114000000000000057e+01
2.898007000000000000e+09,-7.307000000000000739e+01
2.898007200000000000e+09,-7.500000000000000000e+01
2.898007400000000000e+09,-7.696999999999999886e+01
2.898007600000000000e+09,-7.884000000000000341e+01
2.898007800000000000e+09,-8.060000000000000853e+01
2.898008000000000000e+09,-8.193999999999999773e+01
2.898008200000000000e+09,-8.298000000000000398e+01
2.898008400000000000e+09,-8.450000000000000000e+01
2.898008600000000000e+09,-8.571999999999999886e+01
2.898008800000000000e+09,-8.643000000000000682e+01
2.898009000000000000e+09,-8.718999999999999773e+01
2.898009200000000000e+09,-8.801000000000000512e+01
2.898009400000000000e+09,-8.846999999999999886e+01
2.898009600000000000e+09,-8.914000000000000057e+01
2.898009800000000000e+09,-8.876999999999999602e+01
2.898010000000000000e+09,-8.979999999999999716e+01
2.898010200000000000e+09,-8.979000000000000625e+01
2.898010400000000000e+09,-9.090000000000000568e+01
2.898010600000000000e+09,-9.057000000000000739e+01
2.898010800000000000e+09,-9.029000000000000625e+01
2.898011000000000000e+09,-9.095000000000000284e+01
2.898011200000000000e+09,-9.153000000000000114e+01
2.898011400000000000e+09,-9.154999999999999716e+01
2.898011600000000000e+09,-9.171000000000000796e+01
2.898011800000000000e+09,-9.143999999999999773e+01
2.898012000000000000e+09,-9.190999999999999659e+01
2.898012200000000000e+09,-9.214000000000000057e+01
2.898012400000000000e+09,-9.235999999999999943e+01
2.898012600000000000e+09,-9.221999999999999886e+01
2.898012800000000000e+09,-9.245000000000000284e+01
2.898013000000000000e+09,-9.240000000000000568e+01
2.898013200000000000e+09,-9.260999999999999943e+01
2.898013400000000000e+09,-9.262000000000000455e+01
2.898013600000000000e+09,-9.257999999999999829e+01
2.898013800000000000e+09,-9.251000000000000512e+01
2.898014000000000000e+09,-9.246000000000000796e+01
2.898014200000000000e+09,-9.214000000000000057e+01
2.898014400000000000e+09,-9.225000000000000000e+01
2.898014600000000000e+09,-9.253000000000000114e+01
2.898014800000000000e+09,-9.246000000000000796e+01
2.898015000000000000e+09,-9.223999999999999488e+01
2.898015200000000000e+09,-9.246000000000000796e+01
2.898015400000000000e+09,-9.243000000000000682e+01
2.898015600000000000e+09,-9.254999999999999716e+01
2.898015800000000000e+09,-9.264000000000000057e+01
2.898016000000000000e+09,-9.276000000000000512e+01
2.898016200000000000e+09,-9.251000000000000512e+01
2.898016400000000000e+09,-9.271000000000000796e+01
2.898016600000000000e+09,-9.282999999999999829e+01
2.898016800000000000e+09,-9.282000000000000739e+01
2.898017000000000000e+09,-9.264000000000000057e+01
2.898017200000000000e+09,-9.285999999999999943e+01
2.898017400000000000e+09,-9.287000000000000455e+01
2.898017600000000000e+09,-9.292000000000000171e+01
2.898017800000000000e+09,-9.293999999999999773e+01
2.898018000000000000e+09,-9.271000000000000796e+01
2.898018200000000000e+09,-9.287000000000000455e+01
2.898018400000000000e+09,-9.279000000000000625e+01
2.898018600000000000e+09,-9.287000000000000455e+01
2.898018800000000000e+09,-9.279999999999999716e+01
2.898019000000000000e+09,-9.290999999999999659e+01
2.898019200000000000e+09,-9.296000000000000796e+01
2.898019400000000000e+09,-9.293000000000000682e+01
2.898019600000000000e+09,-9.289000000000000057e+01
2.898019800000000000e+09,-9.293999999999999773e+01
2.898020000000000000e+09,-9.296000000000000796e+01
2.898020200000000000e+09,-9.273000000000000398e+01
2.898020400000000000e+09,-9.293999999999999773e+01
2.898020600000000000e+09,-9.293999999999999773e+01
2.898020800000000000e+09,-9.296999999999999886e+01
2.898021000000000000e+09,-9.296000000000000796e+01
2.898021200000000000e+09,-9.292000000000000171e+01
2.898021400000000000e+09,-9.293999999999999773e+01
2.898021600000000000e+09,-9.285999999999999943e+01
2.898021800000000000e+09,-9.278000000000000114e+01
2.898022000000000000e+09,-9.273999999999999488e+01
2.898022200000000000e+09,-9.290999999999999659e+01
2.898022400000000000e+09,-9.285999999999999943e+01
2.898022600000000000e+09,-9.289000000000000057e+01
2.898022800000000000e+09,-9.292000000000000171e+01
2.898023000000000000e+09,-9.298000000000000398e+01
2.898023200000000000e+09,-9.289000000000000057e+01
2.898023400000000000e+09,-9.289000000000000057e+01
2.898023600000000000e+09,-9.296000000000000796e+01
2.898023800000000000e+09,-9.290999999999999659e+01
2.898024000000000000e+09,-9.296000000000000796e+01
2.898024200000000000e+09,-9.301000000000000512e+01
2.898024400000000000e+09,-9.298000000000000398e+01
2.898024600000000000e+09,-9.301999999999999602e+01
2.898024800000000000e+09,-9.298000000000000398e+01
2.898025000000000000e+09,-9.303000000000000114e+01
2.898025200000000000e+09,-9.298000000000000398e+01
2.898025400000000000e+09,-9.304999999999999716e+01
2.898025600000000000e+09,-9.304000000000000625e+01
2.898025800000000000e+09,-9.306000000000000227e+01
2.898026000000000000e+09,-9.306000000000000227e+01
2.898026200000000000e+09,-9.298000000000000398e+01
2.898026400000000000e+09,-9.304000000000000625e+01
2.898026600000000000e+09,-9.290999999999999659e+01
2.898026800000000000e+09,-9.296000000000000796e+01
2.898027000000000000e+09,-9.298000000000000398e+01
2.898027200000000000e+09,-9.301000000000000512e+01
2.898027400000000000e+09,-9.296000000000000796e+01
2.898027600000000000e+09,-9.296000000000000796e+01
2.898027800000000000e+09,-9.290999999999999659e+01
2.898028000000000000e+09,-9.293000000000000682e+01
2.898028200000000000e+09,-9.293999999999999773e+01
2.898028400000000000e+09,-9.306000000000000227e+01
2.898028600000000000e+09,-9.307999999999999829e+01
2.898028800000000000e+09,-9.298000000000000398e+01
2.898029000000000000e+09,-9.298999999999999488e+01
2.898029200000000000e+09,-9.287999999999999545e+01
2.898029400000000000e+09,-9.303000000000000114e+01
2.898029600000000000e+09,-9.304000000000000625e+01
2.898029800000000000e+09,-9.301999999999999602e+01
2.898030000000000000e+09,-9.298999999999999488e+01
2.898030200000000000e+09,-9.293999999999999773e+01
2.898030400000000000e+09,-9.298999999999999488e+01
2.898030600000000000e+09,-9.296999999999999886e+01
2.898030800000000000e+09,-9.309000000000000341e+01
2.898031000000000000e+09,-9.306000000000000227e+01
2.898031200000000000e+09,-9.301999999999999602e+01
2.898031400000000000e+09,-9.301000000000000512e+01
2.898031600000000000e+09,-9.301000000000000512e+01
2.898031800000000000e+09,-9.301000000000000512e+01
2.898032000000000000e+09,-9.293000000000000682e+01
2.898032200000000000e+09,-9.307000000000000739e+01
2.898032400000000000e+09,-9.304000000000000625e+01
2.898032600000000000e+09,-9.304000000000000625e+01
2.898032800000000000e+09,-9.310000000000000853e+01
2.898033000000000000e+09,-9.287999999999999545e+01
2.898033200000000000e+09,-9.290000000000000568e+01
2.898033400000000000e+09,-9.293999999999999773e+01
2.898033600000000000e+09,-9.289000000000000057e+01
2.898033800000000000e+09,-9.304999999999999716e+01
2.898034000000000000e+09,-9.301999999999999602e+01
2.898034200000000000e+09,-9.312000000000000455e+01
2.898034400000000000e+09,-9.304999999999999716e+01
2.898034600000000000e+09,-9.298999999999999488e+01
2.898034800000000000e+09,-9.293999999999999773e+01
2.898035000000000000e+09,-9.298000000000000398e+01
2.898035200000000000e+09,-9.304999999999999716e+01
2.898035400000000000e+09,-9.309000000000000341e+01
2.898035600000000000e+09,-9.303000000000000114e+01
2.898035800000000000e+09,-9.296000000000000796e+01
2.898036000000000000e+09,-9.306000000000000227e+01
2.898036200000000000e+09,-9.304000000000000625e+01
2.898036400000000000e+09,-9.301999999999999602e+01
2.898036600000000000e+09,-9.310000000000000853e+01
2.898036800000000000e+09,-9.307999999999999829e+01
2.898037000000000000e+09,-9.300000000000000000e+01
2.898037200000000000e+09,-9.287999999999999545e+01
2.898037400000000000e+09,-9.293999999999999773e+01
2.898037600000000000e+09,-9.298000000000000398e+01
2.898037800000000000e+09,-9.296999999999999886e+01
2.898038000000000000e+09,-9.296999999999999886e+01
2.898038200000000000e+09,-9.303000000000000114e+01
2.898038400000000000e+09,-9.309000000000000341e+01
2.898038600000000000e+09,-9.304999999999999716e+01
2.898038800000000000e+09,-9.300000000000000000e+01
2.898039000000000000e+09,-9.301000000000000512e+01
2.898039200000000000e+09,-9.301000000000000512e+01
2.898039400000000000e+09,-9.301999999999999602e+01
2.898039600000000000e+09,-9.310000000000000853e+01
2.898039800000000000e+09,-9.298000000000000398e+01
2.898040000000000000e+09,-9.304999999999999716e+01
2.898040200000000000e+09,-9.301999999999999602e+01
2.898040400000000000e+09,-9.296000000000000796e+01
2.898040600000000000e+09,-9.310000000000000853e+01
2.898040800000000000e+09,-9.296000000000000796e+01
2.898041000000000000e+09,-9.304999999999999716e+01
2.898041200000000000e+09,-9.307000000000000739e+01
2.898041400000000000e+09,-9.307999999999999829e+01
2.898041600000000000e+09,-9.314000000000000057e+01
2.898041800000000000e+09,-9.303000000000000114e+01
2.898042000000000000e+09,-9.303000000000000114e+01
2.898042200000000000e+09,-9.300000000000000000e+01
2.898042400000000000e+09,-9.306000000000000227e+01
2.898042600000000000e+09,-9.304999999999999716e+01
2.898042800000000000e+09,-9.304000000000000625e+01
2.898043000000000000e+09,-9.304999999999999716e+01
2.898043200000000000e+09,-9.301000000000000512e+01
2.898043400000000000e+09,-9.300000000000000000e+01
2.898043600000000000e+09,-9.304999999999999716e+01
2.898043800000000000e+09,-9.304999999999999716e+01
2.898044000000000000e+09,-9.309000000000000341e+01
2.898044200000000000e+09,-9.303000000000000114e+01
2.898044400000000000e+09,-9.303000000000000114e+01
2.898044600000000000e+09,-9.306000000000000227e+01
2.898044800000000000e+09,-9.307000000000000739e+01
2.898045000000000000e+09,-9.304999999999999716e+01
2.898045200000000000e+09,-9.301999999999999602e+01
2.898045400000000000e+09,-9.303000000000000114e+01
2.898045600000000000e+09,-9.309000000000000341e+01
2.898045800000000000e+09,-9.301000000000000512e+01
2.898046000000000000e+09,-9.310000000000000853e+01
2.898046200000000000e+09,-9.304999999999999716e+01
2.898046400000000000e+09,-9.304999999999999716e+01
2.898046600000000000e+09,-9.303000000000000114e+01
2.898046800000000000e+09,-9.307000000000000739e+01
2.898047000000000000e+09,-9.304999999999999716e+01
2.898047200000000000e+09,-9.307000000000000739e+01
2.898047400000000000e+09,-9.296999999999999886e+01
2.898047600000000000e+09,-9.298999999999999488e+01
2.898047800000000000e+09,-9.296000000000000796e+01
2.898048000000000000e+09,-9.304000000000000625e+01
2.898048200000000000e+09,-9.307999999999999829e+01
2.898048400000000000e+09,-9.306000000000000227e+01
2.898048600000000000e+09,-9.304000000000000625e+01
2.898048800000000000e+09,-9.304000000000000625e+01
2.898049000000000000e+09,-9.306000000000000227e+01
2.898049200000000000e+09,-9.303000000000000114e+01
2.898049400000000000e+09,-9.301000000000000512e+01
2.898049600000000000e+09,-9.304999999999999716e+01
2.898049800000000000e+09,-9.309000000000000341e+01
2.898050000000000000e+09,-9.307999999999999829e+01
4.829950000000000000e+09,-9.895000000000000284e+01
4.829950200000000000e+09,-9.871000000000000796e+01
4.829950400000000000e+09,-9.901999999999999602e+01
4.829950600000000000e+09,-9.895000000000000284e+01
4.829950800000000000e+09,-9.896000000000000796e+01
4.829951000000000000e+09,-9.901000000000000512e+01
4.829951200000000000e+09,-9.909000000000000341e+01
4.829951400000000000e+09,-9.890999999999999659e+01
4.829951600000000000e+09,-9.882999999999999829e+01
4.829951800000000000e+09,-9.907000000000000739e+01
4.829952000000000000e+09,-9.896000000000000796e+01
4.829952200000000000e+09,-9.899000000000000909e+01
4.829952400000000000e+09,-9.889000000000000057e+01
4.829952600000000000e+09,-9.889000000000000057e+01
4.829952800000000000e+09,-9.896000000000000796e+01
4.829953000000000000e+09,-9.907999999999999829e+01
4.829953200000000000e+09,-9.912999999999999545e+01
4.829953400000000000e+09,-9.904000000000000625e+01
4.829953600000000000e+09,-9.890999999999999659e+01
4.829953800000000000e+09,-9.903000000000000114e+01
4.829954000000000000e+09,-9.907000000000000739e+01
4.829954200000000000e+09,-9.901999999999999602e+01
4.829954400000000000e+09,-9.885000000000000853e+01
4.829954600000000000e+09,-9.904999999999999716e+01
4.829954800000000000e+09,-9.904000000000000625e+01
4.829955000000000000e+09,-9.895000000000000284e+01
4.829955200000000000e+09,-9.901000000000000512e+01
4.829955400000000000e+09,-9.895000000000000284e+01
4.829955600000000000e+09,-9.895000000000000284e+01
4.829955800000000000e+09,-9.906000000000000227e+01
4.829956000000000000e+09,-9.899000000000000909e+01
4.829956200000000000e+09,-9.896999999999999886e+01
4.829956400000000000e+09,-9.882999999999999829e+01
4.829956600000000000e+09,-9.903000000000000114e+01
4.829956800000000000e+09,-9.904000000000000625e+01
4.829957000000000000e+09,-9.885999999999999943e+01
4.829957200000000000e+09,-9.901999999999999602e+01
4.829957400000000000e+09,-9.890000000000000568e+01
4.829957600000000000e+09,-9.887000000000000455e+01
4.829957800000000000e+09,-9.887999999999999545e+01
4.829958000000000000e+09,-9.885999999999999943e+01
4.829958200000000000e+09,-9.871999999999999886e+01
4.829958400000000000e+09,-9.882999999999999829e+01
4.829958600000000000e+09,-9.887999999999999545e+01
4.829958800000000000e+09,-9.890999999999999659e+01
4.829959000000000000e+09,-9.901999999999999602e+01
4.829959200000000000e+09,-9.890000000000000568e+01
4.829959400000000000e+09,-9.899000000000000909e+01
4.829959600000000000e+09,-9.879000000000000625e+01
4.829959800000000000e+09,-9.904999999999999716e+01
4.829960000000000000e+09,-9.910000000000000853e+01
4.829960200000000000e+09,-9.896999999999999886e+01
4.829960400000000000e+09,-9.904000000000000625e+01
4.829960600000000000e+09,-9.904999999999999716e+01
4.829960800000000000e+09,-9.896999999999999886e+01
4.829961000000000000e+09,-9.907999999999999829e+01
4.829961200000000000e+09,-9.904000000000000625e+01
4.829961400000000000e+09,-9.895000000000000284e+01
4.829961600000000000e+09,-9.895000000000000284e+01
4.829961800000000000e+09,-9.903000000000000114e+01
4.829962000000000000e+09,-9.900000000000000000e+01
4.829962200000000000e+09,-9.901000000000000512e+01
4.829962400000000000e+09,-9.907000000000000739e+01
4.829962600000000000e+09,-9.899000000000000909e+01
4.829962800000000000e+09,-9.906000000000000227e+01
4.829963000000000000e+09,-9.910999999999999943e+01
4.829963200000000000e+09,-9.889000000000000057e+01
4.829963400000000000e+09,-9.887999999999999545e+01
4.829963600000000000e+09,-9.899000000000000909e+01
4.829963800000000000e+09,-9.893000000000000682e+01
4.829964000000000000e+09,-9.892000000000000171e+01
4.829964200000000000e+09,-9.887999999999999545e+01
4.829964400000000000e+09,-9.893999999999999773e+01
4.829964600000000000e+09,-9.885999999999999943e+01
4.829964800000000000e+09,-9.896999999999999886e+01
4.829965000000000000e+09,-9.896000000000000796e+01
4.829965200000000000e+09,-9.900000000000000000e+01
4.829965400000000000e+09,-9.899000000000000909e+01
4.829965600000000000e+09,-9.895000000000000284e+01
4.829965800000000000e+09,-9.901000000000000512e+01
4.829966000000000000e+09,-9.893999999999999773e+01
4.829966200000000000e+09,-9.906000000000000227e+01
4.829966400000000000e+09,-9.899000000000000909e+01
4.829966600000000000e+09,-9.910000000000000853e+01
4.829966800000000000e+09,-9.904000000000000625e+01
4.829967000000000000e+09,-9.907000000000000739e+01
4.829967200000000000e+09,-9.907999999999999829e+01
4.829967400000000000e+09,-9.909000000000000341e+01
4.829967600000000000e+09,-9.904999999999999716e+01
4.829967800000000000e+09,-9.904999999999999716e+01
4.829968000000000000e+09,-9.904000000000000625e+01
4.829968200000000000e+09,-9.907999999999999829e+01
4.829968400000000000e+09,-9.907000000000000739e+01
4.829968600000000000e+09,-9.901999999999999602e+01
4.829968800000000000e+09,-9.904000000000000625e+01
4.829969000000000000e+09,-9.904000000000000625e+01
4.829969200000000000e+09,-9.901000000000000512e+01
4.829969400000000000e+09,-9.907000000000000739e+01
4.829969600000000000e+09,-9.896000000000000796e+01
4.829969800000000000e+09,-9.904999999999999716e+01
4.829970000000000000e+09,-9.896999999999999886e+01
4.829970200000000000e+09,-9.893999999999999773e+01
4.829970400000000000e+09,-9.898000000000000398e+01
4.829970600000000000e+09,-9.893999999999999773e+01
4.829970800000000000e+09,-9.901999999999999602e+01
4.829971000000000000e+09,-9.901000000000000512e+01
4.829971200000000000e+09,-9.906000000000000227e+01
4.829971400000000000e+09,-9.909000000000000341e+01
4.829971600000000000e+09,-9.907000000000000739e+01
4.829971800000000000e+09,-9.917000000000000171e+01
4.829972000000000000e+09,-9.910000000000000853e+01
4.829972200000000000e+09,-9.898000000000000398e+01
4.829972400000000000e+09,-9.901000000000000512e+01
4.829972600000000000e+09,-9.907999999999999829e+01
4.829972800000000000e+09,-9.907000000000000739e+01
4.829973000000000000e+09,-9.896000000000000796e+01
4.829973200000000000e+09,-9.910000000000000853e+01
4.829973400000000000e+09,-9.901000000000000512e+01
4.829973600000000000e+09,-9.896999999999999886e+01
4.829973800000000000e+09,-9.899000000000000909e+01
4.829974000000000000e+09,-9.896999999999999886e+01
4.829974200000000000e+09,-9.901999999999999602e+01
4.829974400000000000e+09,-9.906000000000000227e+01
4.829974600000000000e+09,-9.901000000000000512e+01
4.829974800000000000e+09,-9.901999999999999602e+01
4.829975000000000000e+09,-9.893000000000000682e+01
4.829975200000000000e+09,-9.904000000000000625e+01
4.829975400000000000e+09,-9.901000000000000512e+01
4.829975600000000000e+09,-9.901999999999999602e+01
4.829975800000000000e+09,-9.904000000000000625e+01
4.829976000000000000e+09,-9.899000000000000909e+01
4.829976200000000000e+09,-9.904000000000000625e+01
4.829976400000000000e+09,-9.904999999999999716e+01
4.829976600000000000e+09,-9.892000000000000171e+01
4.829976800000000000e+09,-9.887999999999999545e+01
4.829977000000000000e+09,-9.876999999999999602e+01
4.829977200000000000e+09,-9.874000000000000909e+01
4.829977400000000000e+09,-9.899000000000000909e+01
4.829977600000000000e+09,-9.901999999999999602e+01
4.829977800000000000e+09,-9.906000000000000227e+01
4.829978000000000000e+09,-9.893999999999999773e+01
4.829978200000000000e+09,-9.900000000000000000e+01
4.829978400000000000e+09,-9.881000000000000227e+01
4.829978600000000000e+09,-9.910000000000000853e+01
4.829978800000000000e+09,-9.890000000000000568e+01
4.829979000000000000e+09,-9.896000000000000796e+01
4.829979200000000000e+09,-9.890999999999999659e+01
4.829979400000000000e+09,-9.898000000000000398e+01
4.829979600000000000e+09,-9.904000000000000625e+01
4.829979800000000000e+09,-9.901999999999999602e+01
4.829980000000000000e+09,-9.896000000000000796e+01
4.829980200000000000e+09,-9.896000000000000796e+01
4.829980400000000000e+09,-9.893999999999999773e+01
4.829980600000000000e+09,-9.907000000000000739e+01
4.829980800000000000e+09,-9.901999999999999602e+01
4.829981000000000000e+09,-9.896000000000000796e+01
4.829981200000000000e+09,-9.904000000000000625e+01
4.829981400000000000e+09,-9.904000000000000625e+01
4.829981600000000000e+09,-9.904000000000000625e+01
4.829981800000000000e+09,-9.893999999999999773e+01
4.829982000000000000e+09,-9.885999999999999943e+01
4.829982200000000000e+09,-9.881000000000000227e+01
4.829982400000000000e+09,-9.890000000000000568e+01
4.829982600000000000e+09,-9.884000000000000341e+01
4.829982800000000000e+09,-9.904000000000000625e+01
4.829983000000000000e+09,-9.901000000000000512e+01
4.829983200000000000e+09,-9.901999999999999602e+01
4.829983400000000000e+09,-9.898000000000000398e+01
4.829983600000000000e+09,-9.896999999999999886e+01
4.829983800000000000e+09,-9.901000000000000512e+01
4.829984000000000000e+09,-9.900000000000000000e+01
4.829984200000000000e+09,-9.885000000000000853e+01
4.829984400000000000e+09,-9.899000000000000909e+01
4.829984600000000000e+09,-9.896999999999999886e+01
4.829984800000000000e+09,-9.890999999999999659e+01
4.829985000000000000e+09,-9.904000000000000625e+01
4.829985200000000000e+09,-9.882000000000000739e+01
4.829985400000000000e+09,-9.898000000000000398e+01
4.829985600000000000e+09,-9.895000000000000284e+01
4.829985800000000000e+09,-9.892000000000000171e+01
4.829986000000000000e+09,-9.895000000000000284e+01
4.829986200000000000e+09,-9.901000000000000512e+01
4.829986400000000000e+09,-9.901000000000000512e+01
4.829986600000000000e+09,-9.901000000000000512e+01
4.829986800000000000e+09,-9.904000000000000625e+01
4.829987000000000000e+09,-9.896999999999999886e+01
4.829987200000000000e+09,-9.901000000000000512e+01
4.829987400000000000e+09,-9.899000000000000909e+01
4.829987600000000000e+09,-9.887000000000000455e+01
4.829987800000000000e+09,-9.893999999999999773e+01
4.829988000000000000e+09,-9.882999999999999829e+01
4.829988200000000000e+09,-9.907999999999999829e+01
4.829988400000000000e+09,-9.912000000000000455e+01
4.829988600000000000e+09,-9.915000000000000568e+01
4.829988800000000000e+09,-9.904999999999999716e+01
4.829989000000000000e+09,-9.899000000000000909e+01
4.829989200000000000e+09,-9.901000000000000512e+01
4.829989400000000000e+09,-9.900000000000000000e+01
4.829989600000000000e+09,-9.906000000000000227e+01
4.829989800000000000e+09,-9.900000000000000000e+01
4.829990000000000000e+09,-9.910999999999999943e+01
4.829990200000000000e+09,-9.907000000000000739e+01
4.829990400000000000e+09,-9.898000000000000398e+01
4.829990600000000000e+09,-9.904000000000000625e+01
4.829990800000000000e+09,-9.904000000000000625e+01
4.829991000000000000e+09,-9.898000000000000398e+01
4.829991200000000000e+09,-9.901000000000000512e+01
4.829991400000000000e+09,-9.904999999999999716e+01
4.829991600000000000e+09,-9.899000000000000909e+01
4.829991800000000000e+09,-9.884000000000000341e+01
4.829992000000000000e+09,-9.879000000000000625e+01
4.829992200000000000e+09,-9.893999999999999773e+01
4.829992400000000000e+09,-9.896000000000000796e+01
4.829992600000000000e+09,-9.895000000000000284e+01
4.829992800000000000e+09,-9.896999999999999886e+01
4.829993000000000000e+09,-9.882999999999999829e+01
4.829993200000000000e+09,-9.890000000000000568e+01
4.829993400000000000e+09,-9.885999999999999943e+01
4.829993600000000000e+09,-9.896999999999999886e+01
4.829993800000000000e+09,-9.904000000000000625e+01
4.829994000000000000e+09,-9.890000000000000568e+01
4.829994200000000000e+09,-9.907999999999999829e+01
4.829994400000000000e+09,-9.901999999999999602e+01
4.829994600000000000e+09,-9.885999999999999943e+01
4.829994800000000000e+09,-9.889000000000000057e+01
4.829995000000000000e+09,-9.890000000000000568e+01
4.829995200000000000e+09,-9.879000000000000625e+01
4.829995400000000000e+09,-9.898000000000000398e+01
4.829995600000000000e+09,-9.879999999999999716e+01
4.829995800000000000e+09,-9.881000000000000227e+01
4.829996000000000000e+09,-9.864000000000000057e+01
4.829996200000000000e+09,-9.875000000000000000e+01
4.829996400000000000e+09,-9.876999999999999602e+01
4.829996600000000000e+09,-9.882999999999999829e+01
4.829996800000000000e+09,-9.857000000000000739e+01
4.829997000000000000e+09,-9.862999999999999545e+01
4.829997200000000000e+09,-9.860999999999999943e+01
4.829997400000000000e+09,-9.843000000000000682e+01
4.829997600000000000e+09,-9.865000000000000568e+01
4.829997800000000000e+09,-9.873000000000000398e+01
4.829998000000000000e+09,-9.868000000000000682e+01
4.829998200000000000e+09,-9.859000000000000341e+01
4.829998400000000000e+09,-9.843999999999999773e+01
4.829998600000000000e+09,-9.832000000000000739e+01
4.829998800000000000e+09,-9.835999999999999943e+01
4.829999000000000000e+09,-9.782000000000000739e+01
4.829999200000000000e+09,-9.735999999999999943e+01
4.829999400000000000e+09,-9.715000000000000568e+01
4.829999600000000000e+09,-9.687999999999999545e+01
4.829999800000000000e+09,-9.590000000000000568e+01
4.830000000000000000e+09,-9.493999999999999773e+01
4.830000200000000000e+09,-9.357999999999999829e+01
4.830000400000000000e+09,-9.195000000000000284e+01
4.830000600000000000e+09,-9.021000000000000796e+01
4.830000800000000000e+09,-8.814000000000000057e+01
4.830001000000000000e+09,-8.604000000000000625e+01
4.830001200000000000e+09,-8.365000000000000568e+01
4.830001400000000000e+09,-8.132000000000000739e+01
4.830001600000000000e+09,-7.910999999999999943e+01
4.830001800000000000e+09,-7.662999999999999545e+01
4.830002000000000000e+09,-7.396999999999999886e+01
4.830002200000000000e+09,-7.125000000000000000e+01
4.830002400000000000e+09,-6.846999999999999886e+01
4.830002600000000000e+09,-6.571999999999999886e+01
4.830002800000000000e+09,-6.271000000000000085e+01
4.830003000000000000e+09,-5.966000000000000369e+01
4.830003200000000000e+09,-5.655000000000000426e+01
4.830003400000000000e+09,-5.331000000000000227e+01
4.830003600000000000e+09,-5.032000000000000028e+01
4.830003800000000000e+09,-4.742000000000000171e+01
4.830004000000000000e+09,-4.482999999999999829e+01
4.830004200000000000e+09,-4.278000000000000114e+01
4.830004400000000000e+09,-4.136999999999999744e+01
4.830004600000000000e+09,-4.081000000000000227e+01
4.830004800000000000e+09,-4.043999999999999773e+01
4.830005000000000000e+09,-4.078999999999999915e+01
4.830005200000000000e+09,-4.207000000000000028e+01
4.830005400000000000e+09,-4.371000000000000085e+01
4.830005600000000000e+09,-4.560999999999999943e+01
4.830005800000000000e+09,-4.814999999999999858e+01
4.830006000000000000e+09,-5.117000000000000171e+01
4.830006200000000000e+09,-5.424000000000000199e+01
4.830006400000000000e+09,-5.741000000000000369e+01
4.830006600000000000e+09,-6.046000000000000085e+01
4.830006800000000000e+09,-6.348000000000000398e+01
4.830007000000000000e+09,-6.646000000000000796e+01
4.830007200000000000e+09,-6.937999999999999545e+01
4.830007400000000000e+09,-7.209000000000000341e+01
4.830007600000000000e+09,-7.479000000000000625e+01
4.830007800000000000e+09,-7.739000000000000057e+01
4.830008000000000000e+09,-7.993999999999999773e+01
4.830008200000000000e+09,-8.218999999999999773e+01
4.830008400000000000e+09,-8.454000000000000625e+01
4.830008600000000000e+09,-8.678000000000000114e+01
4.830008800000000000e+09,-8.893000000000000682e+01
4.830009000000000000e+09,-9.096000000000000796e+01
4.830009200000000000e+09,-9.276000000000000512e+01
4.830009400000000000e+09,-9.432000000000000739e+01
4.830009600000000000e+09,-9.523000000000000398e+01
4.830009800000000000e+09,-9.618000000000000682e+01
4.830010000000000000e+09,-9.640000000000000568e+01
4.830010200000000000e+09,-9.721000000000000796e+01
4.830010400000000000e+09,-9.745000000000000284e+01
4.830010600000000000e+09,-9.795000000000000284e+01
4.830010800000000000e+09,-9.821999999999999886e+01
4.830011000000000000e+09,-9.846999999999999886e+01
4.830011200000000000e+09,-9.859000000000000341e+01
4.830011400000000000e+09,-9.873000000000000398e+01
4.830011600000000000e+09,-9.867000000000000171e+01
4.830011800000000000e+09,-9.839000000000000057e+01
4.830012000000000000e+09,-9.873000000000000398e+01
4.830012200000000000e+09,-9.884000000000000341e+01
4.830012400000000000e+09,-9.873000000000000398e+01
4.830012600000000000e+09,-9.876999999999999602e+01
4.830012800000000000e+09,-9.890000000000000568e+01
4.830013000000000000e+09,-9.898000000000000398e+01
4.830013200000000000e+09,-9.882999999999999829e+01
4.830013400000000000e+09,-9.884000000000000341e+01
4.830013600000000000e+09,-9.879999999999999716e+01
4.830013800000000000e+09,-9.876999999999999602e+01
4.830014000000000000e+09,-9.875000000000000000e+01
4.830014200000000000e+09,-9.881000000000000227e+01
4.830014400000000000e+09,-9.890000000000000568e+01
4.830014600000000000e+09,-9.878000000000000114e+01
4.830014800000000000e+09,-9.899000000000000909e+01
4.830015000000000000e+09,-9.890000000000000568e+01
4.830015200000000000e+09,-9.895000000000000284e+01
4.830015400000000000e+09,-9.896999999999999886e+01
4.830015600000000000e+09,-9.895000000000000284e+01
4.830015800000000000e+09,-9.910000000000000853e+01
4.830016000000000000e+09,-9.906000000000000227e+01
4.830016200000000000e+09,-9.901999999999999602e+01
4.830016400000000000e+09,-9.893000000000000682e+01
4.830016600000000000e+09,-9.889000000000000057e+01
4.830016800000000000e+09,-9.901000000000000512e+01
4.830017000000000000e+09,-9.882000000000000739e+01
4.830017200000000000e+09,-9.890000000000000568e+01
4.830017400000000000e+09,-9.889000000000000057e+01
4.830017600000000000e+09,-9.889000000000000057e+01
4.830017800000000000e+09,-9.901999999999999602e+01
4.830018000000000000e+09,-9.901000000000000512e+01
4.830018200000000000e+09,-9.907999999999999829e+01
4.830018400000000000e+09,-9.904999999999999716e+01
4.830018600000000000e+09,-9.904000000000000625e+01
4.830018800000000000e+09,-9.904999999999999716e+01
4.830019000000000000e+09,-9.896999999999999886e+01
4.830019200000000000e+09,-9.899000000000000909e+01
4.830019400000000000e+09,-9.893999999999999773e+01
4.830019600000000000e+09,-9.889000000000000057e+01
4.830019800000000000e+09,-9.901000000000000512e+01
4.830020000000000000e+09,-9.882999999999999829e+01
4.830020200000000000e+09,-9.904999999999999716e+01
4.830020400000000000e+09,-9.896999999999999886e+01
4.830020600000000000e+09,-9.907999999999999829e+01
4.830020800000000000e+09,-9.910000000000000853e+01
4.830021000000000000e+09,-9.887000000000000455e+01
4.830021200000000000e+09,-9.896000000000000796e+01
4.830021400000000000e+09,-9.899000000000000909e+01
4.830021600000000000e+09,-9.904000000000000625e+01
4.830021800000000000e+09,-9.909000000000000341e+01
4.830022000000000000e+09,-9.885999999999999943e+01
4.830022200000000000e+09,-9.885000000000000853e+01
4.830022400000000000e+09,-9.899000000000000909e+01
4.830022600000000000e+09,-9.887999999999999545e+01
4.830022800000000000e+09,-9.895000000000000284e+01
4.830023000000000000e+09,-9.881000000000000227e+01
4.830023200000000000e+09,-9.885000000000000853e+01
4.830023400000000000e+09,-9.896000000000000796e+01
4.830023600000000000e+09,-9.901999999999999602e+01
4.830023800000000000e+09,-9.901000000000000512e+01
4.830024000000000000e+09,-9.899000000000000909e+01
4.830024200000000000e+09,-9.904999999999999716e+01
4.830024400000000000e+09,-9.903000000000000114e+01
4.830024600000000000e+09,-9.904000000000000625e+01
4.830024800000000000e+09,-9.895000000000000284e+01
4.830025000000000000e+09,-9.899000000000000909e+01
4.830025200000000000e+09,-9.904000000000000625e+01
4.830025400000000000e+09,-9.896999999999999886e+01
4.830025600000000000e+09,-9.895000000000000284e+01
4.830025800000000000e+09,-9.895000000000000284e+01
4.830026000000000000e+09,-9.907000000000000739e+01
4.830026200000000000e+09,-9.890000000000000568e+01
4.830026400000000000e+09,-9.890999999999999659e+01
4.830026600000000000e+09,-9.906000000000000227e+01
4.830026800000000000e+09,-9.910000000000000853e+01
4.830027000000000000e+09,-9.904999999999999716e+01
4.830027200000000000e+09,-9.899000000000000909e+01
4.830027400000000000e+09,-9.899000000000000909e+01
4.830027600000000000e+09,-9.896999999999999886e+01
4.830027800000000000e+09,-9.899000000000000909e+01
4.830028000000000000e+09,-9.900000000000000000e+01
4.830028200000000000e+09,-9.904000000000000625e+01
4.830028400000000000e+09,-9.904000000000000625e+01
4.830028600000000000e+09,-9.896000000000000796e+01
4.830028800000000000e+09,-9.896999999999999886e+01
4.830029000000000000e+09,-9.882000000000000739e+01
4.830029200000000000e+09,-9.881000000000000227e+01
4.830029400000000000e+09,-9.900000000000000000e+01
4.830029600000000000e+09,-9.899000000000000909e+01
4.830029800000000000e+09,-9.879000000000000625e+01
4.830030000000000000e+09,-9.903000000000000114e+01
4.830030200000000000e+09,-9.904999999999999716e+01
4.830030400000000000e+09,-9.898000000000000398e+01
4.830030600000000000e+09,-9.896000000000000796e+01
4.830030800000000000e+09,-9.901000000000000512e+01
4.830031000000000000e+09,-9.899000000000000909e+01
4.830031200000000000e+09,-9.896000000000000796e+01
4.830031400000000000e+09,-9.901999999999999602e+01
4.830031600000000000e+09,-9.904000000000000625e+01
4.830031800000000000e+09,-9.890999999999999659e+01
4.830032000000000000e+09,-9.901000000000000512e+01
4.830032200000000000e+09,-9.901000000000000512e+01
4.830032400000000000e+09,-9.896999999999999886e+01
4.830032600000000000e+09,-9.904000000000000625e+01
4.830032800000000000e+09,-9.900000000000000000e+01
4.830033000000000000e+09,-9.893999999999999773e+01
4.830033200000000000e+09,-9.907999999999999829e+01
4.830033400000000000e+09,-9.892000000000000171e+01
4.830033600000000000e+09,-9.900000000000000000e+01
4.830033800000000000e+09,-9.893000000000000682e+01
4.830034000000000000e+09,-9.887999999999999545e+01
4.830034200000000000e+09,-9.890000000000000568e+01
4.830034400000000000e+09,-9.896999999999999886e+01
4.830034600000000000e+09,-9.890999999999999659e+01
4.830034800000000000e+09,-9.879000000000000625e+01
4.830035000000000000e+09,-9.895000000000000284e+01
4.830035200000000000e+09,-9.896999999999999886e+01
4.830035400000000000e+09,-9.887999999999999545e+01
4.830035600000000000e+09,-9.890999999999999659e+01
4.830035800000000000e+09,-9.893000000000000682e+01
4.830036000000000000e+09,-9.896999999999999886e+01
4.830036200000000000e+09,-9.896999999999999886e+01
4.830036400000000000e+09,-9.904000000000000625e+01
4.830036600000000000e+09,-9.896999999999999886e+01
4.830036800000000000e+09,-9.901000000000000512e+01
4.830037000000000000e+09,-9.898000000000000398e+01
4.830037200000000000e+09,-9.898000000000000398e+01
4.830037400000000000e+09,-9.907999999999999829e+01
4.830037600000000000e+09,-9.895000000000000284e+01
4.830037800000000000e+09,-9.907999999999999829e+01
4.830038000000000000e+09,-9.887999999999999545e+01
4.830038200000000000e+09,-9.893000000000000682e+01
4.830038400000000000e+09,-9.885000000000000853e+01
4.830038600000000000e+09,-9.910999999999999943e+01
4.830038800000000000e+09,-9.899000000000000909e+01
4.830039000000000000e+09,-9.893999999999999773e+01
4.830039200000000000e+09,-9.904000000000000625e+01
4.830039400000000000e+09,-9.904999999999999716e+01
4.830039600000000000e+09,-9.890999999999999659e+01
4.830039800000000000e+09,-9.896999999999999886e+01
4.830040000000000000e+09,-9.907999999999999829e+01
4.830040200000000000e+09,-9.895000000000000284e+01
4.830040400000000000e+09,-9.904000000000000625e+01
4.830040600000000000e+09,-9.910999999999999943e+01
4.830040800000000000e+09,-9.909000000000000341e+01
4.830041000000000000e+09,-9.875000000000000000e+01
4.830041200000000000e+09,-9.896999999999999886e+01
4.830041400000000000e+09,-9.895000000000000284e+01
4.830041600000000000e+09,-9.901000000000000512e+01
4.830041800000000000e+09,-9.909000000000000341e+01
4.830042000000000000e+09,-9.904999999999999716e+01
4.830042200000000000e+09,-9.893999999999999773e+01
4.830042400000000000e+09,-9.904000000000000625e+01
4.830042600000000000e+09,-9.907999999999999829e+01
4.830042800000000000e+09,-9.899000000000000909e+01
4.830043000000000000e+09,-9.907000000000000739e+01
4.830043200000000000e+09,-9.890000000000000568e+01
4.830043400000000000e+09,-9.900000000000000000e+01
4.830043600000000000e+09,-9.904000000000000625e+01
4.830043800000000000e+09,-9.904000000000000625e+01
4.830044000000000000e+09,-9.898000000000000398e+01
4.830044200000000000e+09,-9.904000000000000625e+01
4.830044400000000000e+09,-9.895000000000000284e+01
4.830044600000000000e+09,-9.887999999999999545e+01
4.830044800000000000e+09,-9.898000000000000398e+01
4.830045000000000000e+09,-9.901999999999999602e+01
4.830045200000000000e+09,-9.899000000000000909e+01
4.830045400000000000e+09,-9.896999999999999886e+01
4.830045600000000000e+09,-9.899000000000000909e+01
4.830045800000000000e+09,-9.909000000000000341e+01
4.830046000000000000e+09,-9.901000000000000512e+01
4.830046200000000000e+09,-9.896000000000000796e+01
4.830046400000000000e+09,-9.895000000000000284e+01
4.830046600000000000e+09,-9.898000000000000398e+01
4.830046800000000000e+09,-9.890000000000000568e+01
4.830047000000000000e+09,-9.901000000000000512e+01
4.830047200000000000e+09,-9.896000000000000796e+01
4.830047400000000000e+09,-9.885000000000000853e+01
4.830047600000000000e+09,-9.895000000000000284e+01
4.830047800000000000e+09,-9.893999999999999773e+01
4.830048000000000000e+09,-9.904000000000000625e+01
4.830048200000000000e+09,-9.901999999999999602e+01
4.830048400000000000e+09,-9.898000000000000398e+01
4.830048600000000000e+09,-9.904999999999999716e+01
4.830048800000000000e+09,-9.887000000000000455e+01
4.830049000000000000e+09,-9.890999999999999659e+01
4.830049200000000000e+09,-9.895000000000000284e+01
4.830049400000000000e+09,-9.901999999999999602e+01
4.830049600000000000e+09,-9.907000000000000739e+01
4.830049800000000000e+09,-9.910000000000000853e+01
4.830050000000000000e+09,-9.910000000000000853e+01
6.761950000000000000e+09,-9.765999999999999659e+01
6.761950200000000000e+09,-9.778000000000000114e+01
6.761950400000000000e+09,-9.768999999999999773e+01
6.761950600000000000e+09,-9.778000000000000114e+01
6.761950800000000000e+09,-9.779000000000000625e+01
6.761951000000000000e+09,-9.771000000000000796e+01
6.761951200000000000e+09,-9.776000000000000512e+01
6.761951400000000000e+09,-9.767000000000000171e+01
6.761951600000000000e+09,-9.765999999999999659e+01
6.761951800000000000e+09,-9.757000000000000739e+01
6.761952000000000000e+09,-9.764000000000000057e+01
6.761952200000000000e+09,-9.768999999999999773e+01
6.761952400000000000e+09,-9.778000000000000114e+01
6.761952600000000000e+09,-9.778000000000000114e+01
6.761952800000000000e+09,-9.776000000000000512e+01
6.761953000000000000e+09,-9.771000000000000796e+01
6.761953200000000000e+09,-9.776999999999999602e+01
6.761953400000000000e+09,-9.764000000000000057e+01
6.761953600000000000e+09,-9.768999999999999773e+01
6.761953800000000000e+09,-9.762999999999999545e+01
6.761954000000000000e+09,-9.776000000000000512e+01
6.761954200000000000e+09,-9.774000000000000909e+01
6.761954400000000000e+09,-9.778000000000000114e+01
6.761954600000000000e+09,-9.771999999999999886e+01
6.761954800000000000e+09,-9.773000000000000398e+01
6.761955000000000000e+09,-9.775000000000000000e+01
6.761955200000000000e+09,-9.765000000000000568e+01
6.761955400000000000e+09,-9.760000000000000853e+01
6.761955600000000000e+09,-9.776000000000000512e+01
6.761955800000000000e+09,-9.776000000000000512e+01
6.761956000000000000e+09,-9.771000000000000796e+01
6.761956200000000000e+09,-9.771000000000000796e+01
6.761956400000000000e+09,-9.779999999999999716e+01
6.761956600000000000e+09,-9.773000000000000398e+01
6.761956800000000000e+09,-9.768000000000000682e+01
6.761957000000000000e+09,-9.762000000000000455e+01
6.761957200000000000e+09,-9.776000000000000512e+01
6.761957400000000000e+09,-9.773000000000000398e+01
6.761957600000000000e+09,-9.765999999999999659e+01
6.761957800000000000e+09,-9.779999999999999716e+01
6.761958000000000000e+09,-9.774000000000000909e+01
6.761958200000000000e+09,-9.778000000000000114e+01
6.761958400000000000e+09,-9.778000000000000114e+01
6.761958600000000000e+09,-9.771999999999999886e+01
6.761958800000000000e+09,-9.765999999999999659e+01
6.761959000000000000e+09,-9.774000000000000909e+01
6.761959200000000000e+09,-9.782000000000000739e+01
6.761959400000000000e+09,-9.779000000000000625e+01
6.761959600000000000e+09,-9.765000000000000568e+01
6.761959800000000000e+09,-9.774000000000000909e+01
6.761960000000000000e+09,-9.779000000000000625e+01
6.761960200000000000e+09,-9.781000000000000227e+01
6.761960400000000000e+09,-9.771000000000000796e+01
6.761960600000000000e+09,-9.771000000000000796e+01
6.761960800000000000e+09,-9.778000000000000114e+01
6.761961000000000000e+09,-9.773000000000000398e+01
6.761961200000000000e+09,-9.762000000000000455e+01
6.761961400000000000e+09,-9.770000000000000284e+01
6.761961600000000000e+09,-9.771000000000000796e+01
6.761961800000000000e+09,-9.781000000000000227e+01
6.761962000000000000e+09,-9.770000000000000284e+01
6.761962200000000000e+09,-9.779000000000000625e+01
6.761962400000000000e+09,-9.768000000000000682e+01
6.761962600000000000e+09,-9.765999999999999659e+01
6.761962800000000000e+09,-9.773000000000000398e+01
6.761963000000000000e+09,-9.760999999999999943e+01
6.761963200000000000e+09,-9.773000000000000398e+01
6.761963400000000000e+09,-9.773000000000000398e+01
6.761963600000000000e+09,-9.756000000000000227e+01
6.761963800000000000e+09,-9.773000000000000398e+01
6.761964000000000000e+09,-9.776999999999999602e+01
6.761964200000000000e+09,-9.751000000000000512e+01
6.761964400000000000e+09,-9.762000000000000455e+01
6.761964600000000000e+09,-9.779000000000000625e+01
6.761964800000000000e+09,-9.778000000000000114e+01
6.761965000000000000e+09,-9.778000000000000114e+01
6.761965200000000000e+09,-9.768999999999999773e+01
6.761965400000000000e+09,-9.771999999999999886e+01
6.761965600000000000e+09,-9.773000000000000398e+01
6.761965800000000000e+09,-9.776000000000000512e+01
6.761966000000000000e+09,-9.776000000000000512e+01
6.761966200000000000e+09,-9.765000000000000568e+01
6.761966400000000000e+09,-9.771000000000000796e+01
6.761966600000000000e+09,-9.779999999999999716e+01
6.761966800000000000e+09,-9.765999999999999659e+01
6.761967000000000000e+09,-9.759000000000000341e+01
6.761967200000000000e+09,-9.764000000000000057e+01
6.761967400000000000e+09,-9.773000000000000398e+01
6.761967600000000000e+09,-9.771000000000000796e+01
6.761967800000000000e+09,-9.773000000000000398e+01
6.761968000000000000e+09,-9.778000000000000114e+01
6.761968200000000000e+09,-9.765999999999999659e+01
6.761968400000000000e+09,-9.771999999999999886e+01
6.761968600000000000e+09,-9.774000000000000909e+01
6.761968800000000000e+09,-9.781000000000000227e+01
6.761969000000000000e+09,-9.770000000000000284e+01
6.761969200000000000e+09,-9.773000000000000398e+01
6.761969400000000000e+09,-9.774000000000000909e+01
6.761969600000000000e+09,-9.776000000000000512e+01
6.761969800000000000e+09,-9.779000000000000625e+01
6.761970000000000000e+09,-9.764000000000000057e+01
6.761970200000000000e+09,-9.779000000000000625e+01
6.761970400000000000e+09,-9.779000000000000625e+01
6.761970600000000000e+09,-9.768999999999999773e+01
6.761970800000000000e+09,-9.785999999999999943e+01
6.761971000000000000e+09,-9.773000000000000398e+01
6.761971200000000000e+09,-9.778000000000000114e+01
6.761971400000000000e+09,-9.776999999999999602e+01
6.761971600000000000e+09,-9.779000000000000625e+01
6.761971800000000000e+09,-9.768000000000000682e+01
6.761972000000000000e+09,-9.765000000000000568e+01
6.761972200000000000e+09,-9.768999999999999773e+01
6.761972400000000000e+09,-9.776000000000000512e+01
6.761972600000000000e+09,-9.768999999999999773e+01
6.761972800000000000e+09,-9.776999999999999602e+01
6.761973000000000000e+09,-9.778000000000000114e+01
6.761973200000000000e+09,-9.782000000000000739e+01
6.761973400000000000e+09,-9.776999999999999602e+01
6.761973600000000000e+09,-9.776999999999999602e+01
6.761973800000000000e+09,-9.771000000000000796e+01
6.761974000000000000e+09,-9.750000000000000000e+01
6.761974200000000000e+09,-9.774000000000000909e+01
6.761974400000000000e+09,-9.771000000000000796e+01
6.761974600000000000e+09,-9.770000000000000284e+01
6.761974800000000000e+09,-9.775000000000000000e+01
6.761975000000000000e+09,-9.774000000000000909e+01
6.761975200000000000e+09,-9.775000000000000000e+01
6.761975400000000000e+09,-9.770000000000000284e+01
6.761975600000000000e+09,-9.764000000000000057e+01
6.761975800000000000e+09,-9.778000000000000114e+01
6.761976000000000000e+09,-9.776000000000000512e+01
6.761976200000000000e+09,-9.768000000000000682e+01
6.761976400000000000e+09,-9.759000000000000341e+01
6.761976600000000000e+09,-9.775000000000000000e+01
6.761976800000000000e+09,-9.768000000000000682e+01
6.761977000000000000e+09,-9.767000000000000171e+01
6.761977200000000000e+09,-9.770000000000000284e+01
6.761977400000000000e+09,-9.771000000000000796e+01
6.761977600000000000e+09,-9.771000000000000796e+01
6.761977800000000000e+09,-9.779000000000000625e+01
6.761978000000000000e+09,-9.776000000000000512e+01
6.761978200000000000e+09,-9.762999999999999545e+01
6.761978400000000000e+09,-9.776999999999999602e+01
6.761978600000000000e+09,-9.778000000000000114e+01
6.761978800000000000e+09,-9.773000000000000398e+01
6.761979000000000000e+09,-9.770000000000000284e+01
6.761979200000000000e+09,-9.750000000000000000e+01
6.761979400000000000e+09,-9.776000000000000512e+01
6.761979600000000000e+09,-9.778000000000000114e+01
6.761979800000000000e+09,-9.773000000000000398e+01
6.761980000000000000e+09,-9.768999999999999773e+01
6.761980200000000000e+09,-9.771999999999999886e+01
6.761980400000000000e+09,-9.764000000000000057e+01
6.761980600000000000e+09,-9.767000000000000171e+01
6.761980800000000000e+09,-9.779000000000000625e+01
6.761981000000000000e+09,-9.779000000000000625e+01
6.761981200000000000e+09,-9.778000000000000114e+01
6.761981400000000000e+09,-9.776000000000000512e+01
6.761981600000000000e+09,-9.782000000000000739e+01
6.761981800000000000e+09,-9.773000000000000398e+01
6.761982000000000000e+09,-9.774000000000000909e+01
6.761982200000000000e+09,-9.778000000000000114e+01
6.761982400000000000e+09,-9.768999999999999773e+01
6.761982600000000000e+09,-9.775000000000000000e+01
6.761982800000000000e+09,-9.773000000000000398e+01
6.761983000000000000e+09,-9.778000000000000114e+01
6.761983200000000000e+09,-9.782000000000000739e+01
6.761983400000000000e+09,-9.782999999999999829e+01
6.761983600000000000e+09,-9.775000000000000000e+01
6.761983800000000000e+09,-9.774000000000000909e+01
6.761984000000000000e+09,-9.771999999999999886e+01
6.761984200000000000e+09,-9.776999999999999602e+01
6.761984400000000000e+09,-9.765000000000000568e+01
6.761984600000000000e+09,-9.776999999999999602e+01
6.761984800000000000e+09,-9.776999999999999602e+01
6.761985000000000000e+09,-9.768000000000000682e+01
6.761985200000000000e+09,-9.765999999999999659e+01
6.761985400000000000e+09,-9.764000000000000057e+01
6.761985600000000000e+09,-9.773000000000000398e+01
6.761985800000000000e+09,-9.778000000000000114e+01
6.761986000000000000e+09,-9.768000000000000682e+01
6.761986200000000000e+09,-9.767000000000000171e+01
6.761986400000000000e+09,-9.776000000000000512e+01
6.761986600000000000e+09,-9.779000000000000625e+01
6.761986800000000000e+09,-9.774000000000000909e+01
6.761987000000000000e+09,-9.781000000000000227e+01
6.761987200000000000e+09,-9.771000000000000796e+01
6.761987400000000000e+09,-9.765000000000000568e+01
6.761987600000000000e+09,-9.768000000000000682e+01
6.761987800000000000e+09,-9.765000000000000568e+01
6.761988000000000000e+09,-9.767000000000000171e+01
6.761988200000000000e+09,-9.773000000000000398e+01
6.761988400000000000e+09,-9.776999999999999602e+01
6.761988600000000000e+09,-9.768000000000000682e+01
6.761988800000000000e+09,-9.768999999999999773e+01
6.761989000000000000e+09,-9.782000000000000739e+01
6.761989200000000000e+09,-9.774000000000000909e+01
6.761989400000000000e+09,-9.768000000000000682e+01
6.761989600000000000e+09,-9.762999999999999545e+01
6.761989800000000000e+09,-9.753000000000000114e+01
6.761990000000000000e+09,-9.765000000000000568e+01
6.761990200000000000e+09,-9.770000000000000284e+01
6.761990400000000000e+09,-9.784000000000000341e+01
6.761990600000000000e+09,-9.784000000000000341e+01
6.761990800000000000e+09,-9.768999999999999773e+01
6.761991000000000000e+09,-9.773000000000000398e+01
6.761991200000000000e+09,-9.759000000000000341e+01
6.761991400000000000e+09,-9.776999999999999602e+01
6.761991600000000000e+09,-9.768999999999999773e+01
6.761991800000000000e+09,-9.765999999999999659e+01
6.761992000000000000e+09,-9.782999999999999829e+01
6.761992200000000000e+09,-9.779999999999999716e+01
6.761992400000000000e+09,-9.779999999999999716e+01
6.761992600000000000e+09,-9.782000000000000739e+01
6.761992800000000000e+09,-9.779000000000000625e+01
6.761993000000000000e+09,-9.776999999999999602e+01
6.761993200000000000e+09,-9.778000000000000114e+01
6.761993400000000000e+09,-9.781000000000000227e+01
6.761993600000000000e+09,-9.774000000000000909e+01
6.761993800000000000e+09,-9.776999999999999602e+01
6.761994000000000000e+09,-9.776000000000000512e+01
6.761994200000000000e+09,-9.770000000000000284e+01
6.761994400000000000e+09,-9.778000000000000114e+01
6.761994600000000000e+09,-9.781000000000000227e+01
6.761994800000000000e+09,-9.776000000000000512e+01
6.761995000000000000e+09,-9.774000000000000909e+01
6.761995200000000000e+09,-9.773000000000000398e+01
6.761995400000000000e+09,-9.773000000000000398e+01
6.761995600000000000e+09,-9.770000000000000284e+01
6.761995800000000000e+09,-9.774000000000000909e+01
6.761996000000000000e+09,-9.774000000000000909e+01
6.761996200000000000e+09,-9.781000000000000227e+01
6.761996400000000000e+09,-9.773000000000000398e+01
6.761996600000000000e+09,-9.774000000000000909e+01
6.761996800000000000e+09,-9.770000000000000284e+01
6.761997000000000000e+09,-9.768000000000000682e+01
6.761997200000000000e+09,-9.776000000000000512e+01
6.761997400000000000e+09,-9.775000000000000000e+01
6.761997600000000000e+09,-9.771999999999999886e+01
6.761997800000000000e+09,-9.776999999999999602e+01
6.761998000000000000e+09,-9.778000000000000114e+01
6.761998200000000000e+09,-9.773000000000000398e+01
6.761998400000000000e+09,-9.778000000000000114e+01
6.761998600000000000e+09,-9.785000000000000853e+01
6.761998800000000000e+09,-9.771000000000000796e+01
6.761999000000000000e+09,-9.759000000000000341e+01
6.761999200000000000e+09,-9.775000000000000000e+01
6.761999400000000000e+09,-9.773000000000000398e+01
6.761999600000000000e+09,-9.776000000000000512e+01
6.761999800000000000e+09,-9.776999999999999602e+01
6.762000000000000000e+09,-9.762999999999999545e+01
6.762000200000000000e+09,-9.773000000000000398e+01
6.762000400000000000e+09,-9.787000000000000455e+01
6.762000600000000000e+09,-9.781000000000000227e+01
6.762000800000000000e+09,-9.767000000000000171e+01
6.762001000000000000e+09,-9.774000000000000909e+01
6.762001200000000000e+09,-9.768999999999999773e+01
6.762001400000000000e+09,-9.774000000000000909e+01
6.762001600000000000e+09,-9.779000000000000625e+01
6.762001800000000000e+09,-9.765000000000000568e+01
6.762002000000000000e+09,-9.762000000000000455e+01
6.762002200000000000e+09,-9.771000000000000796e+01
6.762002400000000000e+09,-9.773000000000000398e+01
6.762002600000000000e+09,-9.764000000000000057e+01
6.762002800000000000e+09,-9.746999999999999886e+01
6.762003000000000000e+09,-9.735999999999999943e+01
6.762003200000000000e+09,-9.715999999999999659e+01
6.762003400000000000e+09,-9.682000000000000739e+01
6.762003600000000000e+09,-9.593999999999999773e+01
6.762003800000000000e+09,-9.465000000000000568e+01
6.762004000000000000e+09,-9.260000000000000853e+01
6.762004200000000000e+09,-9.000000000000000000e+01
6.762004400000000000e+09,-8.746000000000000796e+01
6.762004600000000000e+09,-8.451999999999999602e+01
6.762004800000000000e+09,-8.145000000000000284e+01
6.762005000000000000e+09,-7.837000000000000455e+01
6.762005200000000000e+09,-7.520000000000000284e+01
6.762005400000000000e+09,-7.203000000000000114e+01
6.762005600000000000e+09,-6.882000000000000739e+01
6.762005800000000000e+09,-6.582999999999999829e+01
6.762006000000000000e+09,-6.317000000000000171e+01
6.762006200000000000e+09,-6.095000000000000284e+01
6.762006400000000000e+09,-5.937000000000000455e+01
6.762006600000000000e+09,-5.857999999999999829e+01
6.762006800000000000e+09,-5.817000000000000171e+01
6.762007000000000000e+09,-5.825999999999999801e+01
6.762007200000000000e+09,-5.914999999999999858e+01
6.762007400000000000e+09,-6.089000000000000057e+01
6.762007600000000000e+09,-6.270000000000000284e+01
6.762007800000000000e+09,-6.506000000000000227e+01
6.762008000000000000e+09,-6.790999999999999659e+01
6.762008200000000000e+09,-7.100000000000000000e+01
6.762008400000000000e+09,-7.417000000000000171e+01
6.762008600000000000e+09,-7.745000000000000284e+01
6.762008800000000000e+09,-8.059000000000000341e+01
6.762009000000000000e+09,-8.390999999999999659e+01
6.762009200000000000e+09,-8.696000000000000796e+01
6.762009400000000000e+09,-8.993000000000000682e+01
6.762009600000000000e+09,-9.251999999999999602e+01
6.762009800000000000e+09,-9.478000000000000114e+01
6.762010000000000000e+09,-9.574000000000000909e+01
6.762010200000000000e+09,-9.651000000000000512e+01
6.762010400000000000e+09,-9.690999999999999659e+01
6.762010600000000000e+09,-9.737000000000000455e+01
6.762010800000000000e+09,-9.740999999999999659e+01
6.762011000000000000e+09,-9.750000000000000000e+01
6.762011200000000000e+09,-9.760999999999999943e+01
6.762011400000000000e+09,-9.770000000000000284e+01
6.762011600000000000e+09,-9.774000000000000909e+01
6.762011800000000000e+09,-9.771000000000000796e+01
6.762012000000000000e+09,-9.768999999999999773e+01
6.762012200000000000e+09,-9.771999999999999886e+01
6.762012400000000000e+09,-9.757000000000000739e+01
6.762012600000000000e+09,-9.759000000000000341e+01
6.762012800000000000e+09,-9.764000000000000057e+01
6.762013000000000000e+09,-9.774000000000000909e+01
6.762013200000000000e+09,-9.778000000000000114e+01
6.762013400000000000e+09,-9.771000000000000796e+01
6.762013600000000000e+09,-9.773000000000000398e+01
6.762013800000000000e+09,-9.773000000000000398e+01
6.762014000000000000e+09,-9.767000000000000171e+01
6.762014200000000000e+09,-9.778000000000000114e+01
6.762014400000000000e+09,-9.778000000000000114e+01
6.762014600000000000e+09,-9.768000000000000682e+01
6.762014800000000000e+09,-9.776000000000000512e+01
6.762015000000000000e+09,-9.765999999999999659e+01
6.762015200000000000e+09,-9.767000000000000171e+01
6.762015400000000000e+09,-9.771000000000000796e+01
6.762015600000000000e+09,-9.779999999999999716e+01
6.762015800000000000e+09,-9.771000000000000796e+01
6.762016000000000000e+09,-9.768999999999999773e+01
6.762016200000000000e+09,-9.776000000000000512e+01
6.762016400000000000e+09,-9.768000000000000682e+01
6.762016600000000000e+09,-9.779000000000000625e+01
6.762016800000000000e+09,-9.778000000000000114e+01
6.762017000000000000e+09,-9.775000000000000000e+01
6.762017200000000000e+09,-9.773000000000000398e+01
6.762017400000000000e+09,-9.775000000000000000e+01
6.762017600000000000e+09,-9.768999999999999773e+01
6.762017800000000000e+09,-9.765999999999999659e+01
6.762018000000000000e+09,-9.774000000000000909e+01
6.762018200000000000e+09,-9.771999999999999886e+01
6.762018400000000000e+09,-9.778000000000000114e+01
6.762018600000000000e+09,-9.779000000000000625e+01
6.762018800000000000e+09,-9.781000000000000227e+01
6.762019000000000000e+09,-9.765999999999999659e+01
6.762019200000000000e+09,-9.770000000000000284e+01
6.762019400000000000e+09,-9.771000000000000796e+01
6.762019600000000000e+09,-9.776999999999999602e+01
6.762019800000000000e+09,-9.764000000000000057e+01
6.762020000000000000e+09,-9.773000000000000398e+01
6.762020200000000000e+09,-9.764000000000000057e+01
6.762020400000000000e+09,-9.774000000000000909e+01
6.762020600000000000e+09,-9.775000000000000000e+01
6.762020800000000000e+09,-9.782999999999999829e+01
6.762021000000000000e+09,-9.773000000000000398e+01
6.762021200000000000e+09,-9.781000000000000227e+01
6.762021400000000000e+09,-9.764000000000000057e+01
6.762021600000000000e+09,-9.776999999999999602e+01
6.762021800000000000e+09,-9.774000000000000909e+01
6.762022000000000000e+09,-9.767000000000000171e+01
6.762022200000000000e+09,-9.768999999999999773e+01
6.762022400000000000e+09,-9.776999999999999602e+01
6.762022600000000000e+09,-9.774000000000000909e+01
6.762022800000000000e+09,-9.771999999999999886e+01
6.762023000000000000e+09,-9.784000000000000341e+01
6.762023200000000000e+09,-9.771000000000000796e+01
6.762023400000000000e+09,-9.773000000000000398e+01
6.762023600000000000e+09,-9.773000000000000398e+01
6.762023800000000000e+09,-9.768000000000000682e+01
6.762024000000000000e+09,-9.773000000000000398e+01
6.762024200000000000e+09,-9.762999999999999545e+01
6.762024400000000000e+09,-9.765999999999999659e+01
6.762024600000000000e+09,-9.778000000000000114e+01
6.762024800000000000e+09,-9.776999999999999602e+01
6.762025000000000000e+09,-9.776999999999999602e+01
6.762025200000000000e+09,-9.776999999999999602e+01
6.762025400000000000e+09,-9.776999999999999602e+01
6.762025600000000000e+09,-9.774000000000000909e+01
6.762025800000000000e+09,-9.779999999999999716e+01
6.762026000000000000e+09,-9.775000000000000000e+01
6.762026200000000000e+09,-9.779000000000000625e+01
6.762026400000000000e+09,-9.779000000000000625e+01
6.762026600000000000e+09,-9.774000000000000909e+01
6.762026800000000000e+09,-9.771999999999999886e+01
6.762027000000000000e+09,-9.768000000000000682e+01
6.762027200000000000e+09,-9.757999999999999829e+01
6.762027400000000000e+09,-9.774000000000000909e+01
6.762027600000000000e+09,-9.778000000000000114e+01
6.762027800000000000e+09,-9.770000000000000284e+01
6.762028000000000000e+09,-9.774000000000000909e+01
6.762028200000000000e+09,-9.773000000000000398e+01
6.762028400000000000e+09,-9.776999999999999602e+01
6.762028600000000000e+09,-9.785000000000000853e+01
6.762028800000000000e+09,-9.771000000000000796e+01
6.762029000000000000e+09,-9.771000000000000796e+01
6.762029200000000000e+09,-9.771000000000000796e+01
6.762029400000000000e+09,-9.770000000000000284e+01
6.762029600000000000e+09,-9.773000000000000398e+01
6.762029800000000000e+09,-9.779000000000000625e+01
6.762030000000000000e+09,-9.774000000000000909e+01
6.762030200000000000e+09,-9.774000000000000909e+01
6.762030400000000000e+09,-9.776999999999999602e+01
6.762030600000000000e+09,-9.773000000000000398e+01
6.762030800000000000e+09,-9.770000000000000284e+01
6.762031000000000000e+09,-9.778000000000000114e+01
6.762031200000000000e+09,-9.773000000000000398e+01
6.762031400000000000e+09,-9.773000000000000398e+01
6.762031600000000000e+09,-9.773000000000000398e+01
6.762031800000000000e+09,-9.760000000000000853e+01
6.762032000000000000e+09,-9.770000000000000284e+01
6.762032200000000000e+09,-9.773000000000000398e+01
6.762032400000000000e+09,-9.768000000000000682e+01
6.762032600000000000e+09,-9.768000000000000682e+01
6.762032800000000000e+09,-9.770000000000000284e+01
6.762033000000000000e+09,-9.776000000000000512e+01
6.762033200000000000e+09,-9.764000000000000057e+01
6.762033400000000000e+09,-9.773000000000000398e+01
6.762033600000000000e+09,-9.768000000000000682e+01
6.762033800000000000e+09,-9.776000000000000512e+01
6.762034000000000000e+09,-9.778000000000000114e+01
6.762034200000000000e+09,-9.778000000000000114e+01
6.762034400000000000e+09,-9.773000000000000398e+01
6.762034600000000000e+09,-9.782999999999999829e+01
6.762034800000000000e+09,-9.779999999999999716e+01
6.762035000000000000e+09,-9.784000000000000341e+01
6.762035200000000000e+09,-9.778000000000000114e+01
6.762035400000000000e+09,-9.773000000000000398e+01
6.762035600000000000e+09,-9.771999999999999886e+01
6.762035800000000000e+09,-9.771999999999999886e+01
6.762036000000000000e+09,-9.768000000000000682e+01
6.762036200000000000e+09,-9.776999999999999602e+01
6.762036400000000000e+09,-9.779999999999999716e+01
6.762036600000000000e+09,-9.778000000000000114e+01
6.762036800000000000e+09,-9.773000000000000398e+01
6.762037000000000000e+09,-9.768000000000000682e+01
6.762037200000000000e+09,-9.779000000000000625e+01
6.762037400000000000e+09,-9.778000000000000114e+01
6.762037600000000000e+09,-9.774000000000000909e+01
6.762037800000000000e+09,-9.775000000000000000e+01
6.762038000000000000e+09,-9.778000000000000114e+01
6.762038200000000000e+09,-9.771000000000000796e+01
6.762038400000000000e+09,-9.773000000000000398e+01
6.762038600000000000e+09,-9.774000000000000909e+01
6.762038800000000000e+09,-9.781000000000000227e+01
6.762039000000000000e+09,-9.776000000000000512e+01
6.762039200000000000e+09,-9.778000000000000114e+01
6.762039400000000000e+09,-9.765000000000000568e+01
6.762039600000000000e+09,-9.771000000000000796e+01
6.762039800000000000e+09,-9.779999999999999716e+01
6.762040000000000000e+09,-9.778000000000000114e+01
6.762040200000000000e+09,-9.775000000000000000e+01
6.762040400000000000e+09,-9.762000000000000455e+01
6.762040600000000000e+09,-9.760000000000000853e+01
6.762040800000000000e+09,-9.773000000000000398e+01
6.762041000000000000e+09,-9.773000000000000398e+01
6.762041200000000000e+09,-9.771000000000000796e+01
6.762041400000000000e+09,-9.776000000000000512e+01
6.762041600000000000e+09,-9.767000000000000171e+01
6.762041800000000000e+09,-9.771999999999999886e+01
6.762042000000000000e+09,-9.776000000000000512e+01
6.762042200000000000e+09,-9.779999999999999716e+01
6.762042400000000000e+09,-9.775000000000000000e+01
6.762042600000000000e+09,-9.770000000000000284e+01
6.762042800000000000e+09,-9.770000000000000284e+01
6.762043000000000000e+09,-9.773000000000000398e+01
6.762043200000000000e+09,-9.760999999999999943e+01
6.762043400000000000e+09,-9.781000000000000227e+01
6.762043600000000000e+09,-9.770000000000000284e+01
6.762043800000000000e+09,-9.778000000000000114e+01
6.762044000000000000e+09,-9.774000000000000909e+01
6.762044200000000000e+09,-9.774000000000000909e+01
6.762044400000000000e+09,-9.768000000000000682e+01
6.762044600000000000e+09,-9.779000000000000625e+01
6.762044800000000000e+09,-9.779000000000000625e+01
6.762045000000000000e+09,-9.778000000000000114e+01
6.762045200000000000e+09,-9.765999999999999659e+01
6.762045400000000000e+09,-9.764000000000000057e+01
6.762045600000000000e+09,-9.774000000000000909e+01
6.762045800000000000e+09,-9.778000000000000114e+01
6.762046000000000000e+09,-9.776999999999999602e+01
6.762046200000000000e+09,-9.768999999999999773e+01
6.762046400000000000e+09,-9.768999999999999773e+01
6.762046600000000000e+09,-9.774000000000000909e+01
6.762046800000000000e+09,-9.773000000000000398e+01
6.762047000000000000e+09,-9.778000000000000114e+01
6.762047200000000000e+09,-9.774000000000000909e+01
6.762047400000000000e+09,-9.779000000000000625e+01
6.762047600000000000e+09,-9.771999999999999886e+01
6.762047800000000000e+09,-9.778000000000000114e+01
6.762048000000000000e+09,-9.773000000000000398e+01
6.762048200000000000e+09,-9.785999999999999943e+01
6.762048400000000000e+09,-9.774000000000000909e+01
6.762048600000000000e+09,-9.768000000000000682e+01
6.762048800000000000e+09,-9.768000000000000682e+01
6.762049000000000000e+09,-9.773000000000000398e+01
6.762049200000000000e+09,-9.768999999999999773e+01
6.762049400000000000e+09,-9.757999999999999829e+01
6.762049600000000000e+09,-9.765999999999999659e+01
6.762049800000000000e+09,-9.768000000000000682e+01
6.762050000000000000e+09,-9.760999999999999943e+01
8.693950000000000000e+09,-9.642000000000000171e+01
8.693950200000000000e+09,-9.696999999999999886e+01
8.693950400000000000e+09,-9.776000000000000512e+01
8.693950600000000000e+09,-9.735999999999999943e+01
8.693950800000000000e+09,-9.784000000000000341e+01
8.693951000000000000e+09,-9.753000000000000114e+01
8.693951200000000000e+09,-9.751999999999999602e+01
8.693951400000000000e+09,-9.765000000000000568e+01
8.693951600000000000e+09,-9.734000000000000341e+01
8.693951800000000000e+09,-9.692000000000000171e+01
8.693952000000000000e+09,-9.751999999999999602e+01
8.693952200000000000e+09,-9.801000000000000512e+01
8.693952400000000000e+09,-9.810999999999999943e+01
8.693952600000000000e+09,-9.698000000000000398e+01
8.693952800000000000e+09,-9.675000000000000000e+01
8.693953000000000000e+09,-9.676999999999999602e+01
8.693953200000000000e+09,-9.643999999999999773e+01
8.693953400000000000e+09,-9.721000000000000796e+01
8.693953600000000000e+09,-9.764000000000000057e+01
8.693953800000000000e+09,-9.751999999999999602e+01
8.693954000000000000e+09,-9.701000000000000512e+01
8.693954200000000000e+09,-9.720000000000000284e+01
8.693954400000000000e+09,-9.712000000000000455e+01
8.693954600000000000e+09,-9.637999999999999545e+01
8.693954800000000000e+09,-9.637000000000000455e+01
8.693955000000000000e+09,-9.724000000000000909e+01
8.693955200000000000e+09,-9.701999999999999602e+01
8.693955400000000000e+09,-9.685000000000000853e+01
8.693955600000000000e+09,-9.732999999999999829e+01
8.693955800000000000e+09,-9.696999999999999886e+01
8.693956000000000000e+09,-9.740999999999999659e+01
8.693956200000000000e+09,-9.776999999999999602e+01
8.693956400000000000e+09,-9.737999999999999545e+01
8.693956600000000000e+09,-9.729000000000000625e+01
8.693956800000000000e+09,-9.720000000000000284e+01
8.693957000000000000e+09,-9.754000000000000625e+01
8.693957200000000000e+09,-9.720000000000000284e+01
8.693957400000000000e+09,-9.725000000000000000e+01
8.693957600000000000e+09,-9.743000000000000682e+01
8.693957800000000000e+09,-9.765999999999999659e+01
8.693958000000000000e+09,-9.757999999999999829e+01
8.693958200000000000e+09,-9.725000000000000000e+01
8.693958400000000000e+09,-9.701000000000000512e+01
8.693958600000000000e+09,-9.701999999999999602e+01
8.693958800000000000e+09,-9.706000000000000227e+01
8.693959000000000000e+09,-9.660999999999999943e+01
8.693959200000000000e+09,-9.682000000000000739e+01
8.693959400000000000e+09,-9.682000000000000739e+01
8.693959600000000000e+09,-9.756000000000000227e+01
8.693959800000000000e+09,-9.710999999999999943e+01
8.693960000000000000e+09,-9.629000000000000625e+01
8.693960200000000000e+09,-9.675000000000000000e+01
8.693960400000000000e+09,-9.732000000000000739e+01
8.693960600000000000e+09,-9.710000000000000853e+01
8.693960800000000000e+09,-9.687000000000000455e+01
8.693961000000000000e+09,-9.690000000000000568e+01
8.693961200000000000e+09,-9.762999999999999545e+01
8.693961400000000000e+09,-9.751999999999999602e+01
8.693961600000000000e+09,-9.684000000000000341e+01
8.693961800000000000e+09,-9.746999999999999886e+01
8.693962000000000000e+09,-9.728000000000000114e+01
8.693962200000000000e+09,-9.765000000000000568e+01
8.693962400000000000e+09,-9.750000000000000000e+01
8.693962600000000000e+09,-9.610999999999999943e+01
8.693962800000000000e+09,-9.571000000000000796e+01
8.693963000000000000e+09,-9.729999999999999716e+01
8.693963200000000000e+09,-9.720000000000000284e+01
8.693963400000000000e+09,-9.743000000000000682e+01
8.693963600000000000e+09,-9.779999999999999716e+01
8.693963800000000000e+09,-9.746000000000000796e+01
8.693964000000000000e+09,-9.643999999999999773e+01
8.693964200000000000e+09,-9.670000000000000284e+01
8.693964400000000000e+09,-9.717000000000000171e+01
8.693964600000000000e+09,-9.725000000000000000e+01
8.693964800000000000e+09,-9.693999999999999773e+01
8.693965000000000000e+09,-9.648000000000000398e+01
8.693965200000000000e+09,-9.557999999999999829e+01
8.693965400000000000e+09,-9.574000000000000909e+01
8.693965600000000000e+09,-9.657000000000000739e+01
8.693965800000000000e+09,-9.660999999999999943e+01
8.693966000000000000e+09,-9.710999999999999943e+01
8.693966200000000000e+09,-9.715999999999999659e+01
8.693966400000000000e+09,-9.642000000000000171e+01
8.693966600000000000e+09,-9.639000000000000057e+01
8.693966800000000000e+09,-9.748000000000000398e+01
8.693967000000000000e+09,-9.718000000000000682e+01
8.693967200000000000e+09,-9.701999999999999602e+01
8.693967400000000000e+09,-9.687000000000000455e+01
8.693967600000000000e+09,-9.751999999999999602e+01
8.693967800000000000e+09,-9.757000000000000739e+01
8.693968000000000000e+09,-9.651999999999999602e+01
8.693968200000000000e+09,-9.626999999999999602e+01
8.693968400000000000e+09,-9.707000000000000739e+01
8.693968600000000000e+09,-9.743000000000000682e+01
8.693968800000000000e+09,-9.751999999999999602e+01
8.693969000000000000e+09,-9.803000000000000114e+01
8.693969200000000000e+09,-9.810999999999999943e+01
8.693969400000000000e+09,-9.725000000000000000e+01
8.693969600000000000e+09,-9.687000000000000455e+01
8.693969800000000000e+09,-9.723000000000000398e+01
8.693970000000000000e+09,-9.773000000000000398e+01
8.693970200000000000e+09,-9.762999999999999545e+01
8.693970400000000000e+09,-9.787000000000000455e+01
8.693970600000000000e+09,-9.775000000000000000e+01
8.693970800000000000e+09,-9.775000000000000000e+01
8.693971000000000000e+09,-9.779999999999999716e+01
8.693971200000000000e+09,-9.767000000000000171e+01
8.693971400000000000e+09,-9.743999999999999773e+01
8.693971600000000000e+09,-9.762999999999999545e+01
8.693971800000000000e+09,-9.743000000000000682e+01
8.693972000000000000e+09,-9.798000000000000398e+01
8.693972200000000000e+09,-9.817000000000000171e+01
8.693972400000000000e+09,-9.796000000000000796e+01
8.693972600000000000e+09,-9.757000000000000739e+01
8.693972800000000000e+09,-9.760999999999999943e+01
8.693973000000000000e+09,-9.787999999999999545e+01
8.693973200000000000e+09,-9.745000000000000284e+01
8.693973400000000000e+09,-9.740000000000000568e+01
8.693973600000000000e+09,-9.729999999999999716e+01
8.693973800000000000e+09,-9.825000000000000000e+01
8.693974000000000000e+09,-9.823000000000000398e+01
8.693974200000000000e+09,-9.799000000000000909e+01
8.693974400000000000e+09,-9.790000000000000568e+01
8.693974600000000000e+09,-9.810999999999999943e+01
8.693974800000000000e+09,-9.781000000000000227e+01
8.693975000000000000e+09,-9.740999999999999659e+01
8.693975200000000000e+09,-9.704000000000000625e+01
8.693975400000000000e+09,-9.710999999999999943e+01
8.693975600000000000e+09,-9.720000000000000284e+01
8.693975800000000000e+09,-9.649000000000000909e+01
8.693976000000000000e+09,-9.618999999999999773e+01
8.693976200000000000e+09,-9.650000000000000000e+01
8.693976400000000000e+09,-9.689000000000000057e+01
8.693976600000000000e+09,-9.748000000000000398e+01
8.693976800000000000e+09,-9.807000000000000739e+01
8.693977000000000000e+09,-9.725000000000000000e+01
8.693977200000000000e+09,-9.726000000000000512e+01
8.693977400000000000e+09,-9.751000000000000512e+01
8.693977600000000000e+09,-9.734000000000000341e+01
8.693977800000000000e+09,-9.651000000000000512e+01
8.693978000000000000e+09,-9.748000000000000398e+01
8.693978200000000000e+09,-9.734000000000000341e+01
8.693978400000000000e+09,-9.773000000000000398e+01
8.693978600000000000e+09,-9.650000000000000000e+01
8.693978800000000000e+09,-9.607999999999999829e+01
8.693979000000000000e+09,-9.732000000000000739e+01
8.693979200000000000e+09,-9.757000000000000739e+01
8.693979400000000000e+09,-9.748000000000000398e+01
8.693979600000000000e+09,-9.789000000000000057e+01
8.693979800000000000e+09,-9.764000000000000057e+01
8.693980000000000000e+09,-9.793000000000000682e+01
8.693980200000000000e+09,-9.821000000000000796e+01
8.693980400000000000e+09,-9.803000000000000114e+01
8.693980600000000000e+09,-9.851000000000000512e+01
8.693980800000000000e+09,-9.773000000000000398e+01
8.693981000000000000e+09,-9.768000000000000682e+01
8.693981200000000000e+09,-9.670000000000000284e+01
8.693981400000000000e+09,-9.656000000000000227e+01
8.693981600000000000e+09,-9.709000000000000341e+01
8.693981800000000000e+09,-9.785999999999999943e+01
8.693982000000000000e+09,-9.815999999999999659e+01
8.693982200000000000e+09,-9.842000000000000171e+01
8.693982400000000000e+09,-9.770000000000000284e+01
8.693982600000000000e+09,-9.743999999999999773e+01
8.693982800000000000e+09,-9.729999999999999716e+01
8.693983000000000000e+09,-9.746999999999999886e+01
8.693983200000000000e+09,-9.668000000000000682e+01
8.693983400000000000e+09,-9.632999999999999829e+01
8.693983600000000000e+09,-9.675000000000000000e+01
8.693983800000000000e+09,-9.665999999999999659e+01
8.693984000000000000e+09,-9.665999999999999659e+01
8.693984200000000000e+09,-9.662999999999999545e+01
8.693984400000000000e+09,-9.734000000000000341e+01
8.693984600000000000e+09,-9.796000000000000796e+01
8.693984800000000000e+09,-9.660999999999999943e+01
8.693985000000000000e+09,-9.645000000000000284e+01
8.693985200000000000e+09,-9.760999999999999943e+01
8.693985400000000000e+09,-9.743999999999999773e+01
8.693985600000000000e+09,-9.695000000000000284e+01
8.693985800000000000e+09,-9.671999999999999886e+01
8.693986000000000000e+09,-9.704999999999999716e+01
8.693986200000000000e+09,-9.724000000000000909e+01
8.693986400000000000e+09,-9.640000000000000568e+01
8.693986600000000000e+09,-9.740000000000000568e+01
8.693986800000000000e+09,-9.776000000000000512e+01
8.693987000000000000e+09,-9.764000000000000057e+01
8.693987200000000000e+09,-9.723000000000000398e+01
8.693987400000000000e+09,-9.625000000000000000e+01
8.693987600000000000e+09,-9.585000000000000853e+01
8.693987800000000000e+09,-9.635000000000000853e+01
8.693988000000000000e+09,-9.704999999999999716e+01
8.693988200000000000e+09,-9.707999999999999829e+01
8.693988400000000000e+09,-9.768999999999999773e+01
8.693988600000000000e+09,-9.743999999999999773e+01
8.693988800000000000e+09,-9.618000000000000682e+01
8.693989000000000000e+09,-9.550000000000000000e+01
8.693989200000000000e+09,-9.557000000000000739e+01
8.693989400000000000e+09,-9.656000000000000227e+01
8.693989600000000000e+09,-9.668999999999999773e+01
8.693989800000000000e+09,-9.779999999999999716e+01
8.693990000000000000e+09,-9.790999999999999659e+01
8.693990200000000000e+09,-9.801999999999999602e+01
8.693990400000000000e+09,-9.726999999999999602e+01
8.693990600000000000e+09,-9.715999999999999659e+01
8.693990800000000000e+09,-9.760999999999999943e+01
8.693991000000000000e+09,-9.698000000000000398e+01
8.693991200000000000e+09,-9.739000000000000057e+01
8.693991400000000000e+09,-9.743000000000000682e+01
8.693991600000000000e+09,-9.701999999999999602e+01
8.693991800000000000e+09,-9.726999999999999602e+01
8.693992000000000000e+09,-9.778000000000000114e+01
8.693992200000000000e+09,-9.696999999999999886e+01
8.693992400000000000e+09,-9.695000000000000284e+01
8.693992600000000000e+09,-9.798000000000000398e+01
8.693992800000000000e+09,-9.804999999999999716e+01
8.693993000000000000e+09,-9.771999999999999886e+01
8.693993200000000000e+09,-9.726999999999999602e+01
8.693993400000000000e+09,-9.707000000000000739e+01
8.693993600000000000e+09,-9.654999999999999716e+01
8.693993800000000000e+09,-9.684000000000000341e+01
8.693994000000000000e+09,-9.675000000000000000e+01
8.693994200000000000e+09,-9.768999999999999773e+01
8.693994400000000000e+09,-9.679000000000000625e+01
8.693994600000000000e+09,-9.643000000000000682e+01
8.693994800000000000e+09,-9.765999999999999659e+01
8.693995000000000000e+09,-9.734000000000000341e+01
8.693995200000000000e+09,-9.721999999999999886e+01
8.693995400000000000e+09,-9.698000000000000398e+01
8.693995600000000000e+09,-9.664000000000000057e+01
8.693995800000000000e+09,-9.776000000000000512e+01
8.693996000000000000e+09,-9.760000000000000853e+01
8.693996200000000000e+09,-9.771000000000000796e+01
8.693996400000000000e+09,-9.704000000000000625e+01
8.693996600000000000e+09,-9.687999999999999545e+01
8.693996800000000000e+09,-9.737000000000000455e+01
8.693997000000000000e+09,-9.746999999999999886e+01
8.693997200000000000e+09,-9.707000000000000739e+01
8.693997400000000000e+09,-9.718000000000000682e+01
8.693997600000000000e+09,-9.687999999999999545e+01
8.693997800000000000e+09,-9.687000000000000455e+01
8.693998000000000000e+09,-9.743999999999999773e+01
8.693998200000000000e+09,-9.737999999999999545e+01
8.693998400000000000e+09,-9.734000000000000341e+01
8.693998600000000000e+09,-9.735999999999999943e+01
8.693998800000000000e+09,-9.715000000000000568e+01
8.693999000000000000e+09,-9.687000000000000455e+01
8.693999200000000000e+09,-9.704000000000000625e+01
8.693999400000000000e+09,-9.725000000000000000e+01
8.693999600000000000e+09,-9.621999999999999886e+01
8.693999800000000000e+09,-9.681000000000000227e+01
8.694000000000000000e+09,-9.664000000000000057e+01
8.694000200000000000e+09,-9.729000000000000625e+01
8.694000400000000000e+09,-9.696999999999999886e+01
8.694000600000000000e+09,-9.612999999999999545e+01
8.694000800000000000e+09,-9.651999999999999602e+01
8.694001000000000000e+09,-9.704999999999999716e+01
8.694001200000000000e+09,-9.764000000000000057e+01
8.694001400000000000e+09,-9.743000000000000682e+01
8.694001600000000000e+09,-9.737000000000000455e+01
8.694001800000000000e+09,-9.650000000000000000e+01
8.694002000000000000e+09,-9.642000000000000171e+01
8.694002200000000000e+09,-9.695000000000000284e+01
8.694002400000000000e+09,-9.671999999999999886e+01
8.694002600000000000e+09,-9.645000000000000284e+01
8.694002800000000000e+09,-9.671999999999999886e+01
8.694003000000000000e+09,-9.757000000000000739e+01
8.694003200000000000e+09,-9.715999999999999659e+01
8.694003400000000000e+09,-9.706000000000000227e+01
8.694003600000000000e+09,-9.762999999999999545e+01
8.694003800000000000e+09,-9.743999999999999773e+01
8.694004000000000000e+09,-9.757999999999999829e+01
8.694004200000000000e+09,-9.790000000000000568e+01
8.694004400000000000e+09,-9.762999999999999545e+01
8.694004600000000000e+09,-9.771000000000000796e+01
8.694004800000000000e+09,-9.806000000000000227e+01
8.694005000000000000e+09,-9.739000000000000057e+01
8.694005200000000000e+09,-9.687999999999999545e+01
8.694005400000000000e+09,-9.615000000000000568e+01
8.694005600000000000e+09,-9.649000000000000909e+01
8.694005800000000000e+09,-9.693999999999999773e+01
8.694006000000000000e+09,-9.751999999999999602e+01
8.694006200000000000e+09,-9.757000000000000739e+01
8.694006400000000000e+09,-9.618999999999999773e+01
8.694006600000000000e+09,-9.643000000000000682e+01
8.694006800000000000e+09,-9.574000000000000909e+01
8.694007000000000000e+09,-9.506000000000000227e+01
8.694007200000000000e+09,-9.339000000000000057e+01
8.694007400000000000e+09,-9.089000000000000057e+01
8.694007600000000000e+09,-8.975000000000000000e+01
8.694007800000000000e+09,-8.854999999999999716e+01
8.694008000000000000e+09,-8.623999999999999488e+01
8.694008200000000000e+09,-8.582000000000000739e+01
8.694008400000000000e+09,-8.743000000000000682e+01
8.694008600000000000e+09,-8.782999999999999829e+01
8.694008800000000000e+09,-8.960000000000000853e+01
8.694009000000000000e+09,-9.214000000000000057e+01
8.694009200000000000e+09,-9.490000000000000568e+01
8.694009400000000000e+09,-9.589000000000000057e+01
8.694009600000000000e+09,-9.754000000000000625e+01
8.694009800000000000e+09,-9.779999999999999716e+01
8.694010000000000000e+09,-9.671000000000000796e+01
8.694010200000000000e+09,-9.799000000000000909e+01
8.694010400000000000e+09,-9.757000000000000739e+01
8.694010600000000000e+09,-9.724000000000000909e+01
8.694010800000000000e+09,-9.734000000000000341e+01
8.694011000000000000e+09,-9.695000000000000284e+01
8.694011200000000000e+09,-9.673000000000000398e+01
8.694011400000000000e+09,-9.635999999999999943e+01
8.694011600000000000e+09,-9.657000000000000739e+01
8.694011800000000000e+09,-9.684000000000000341e+01
8.694012000000000000e+09,-9.687000000000000455e+01
8.694012200000000000e+09,-9.729000000000000625e+01
8.694012400000000000e+09,-9.743999999999999773e+01
8.694012600000000000e+09,-9.706000000000000227e+01
8.694012800000000000e+09,-9.793000000000000682e+01
8.694013000000000000e+09,-9.725000000000000000e+01
8.694013200000000000e+09,-9.685999999999999943e+01
8.694013400000000000e+09,-9.765999999999999659e+01
8.694013600000000000e+09,-9.737000000000000455e+01
8.694013800000000000e+09,-9.725000000000000000e+01
8.694014000000000000e+09,-9.729999999999999716e+01
8.694014200000000000e+09,-9.707999999999999829e+01
8.694014400000000000e+09,-9.695000000000000284e+01
8.694014600000000000e+09,-9.701000000000000512e+01
8.694014800000000000e+09,-9.740000000000000568e+01
8.694015000000000000e+09,-9.756000000000000227e+01
8.694015200000000000e+09,-9.746000000000000796e+01
8.694015400000000000e+09,-9.732000000000000739e+01
8.694015600000000000e+09,-9.710999999999999943e+01
8.694015800000000000e+09,-9.675000000000000000e+01
8.694016000000000000e+09,-9.729999999999999716e+01
8.694016200000000000e+09,-9.751000000000000512e+01
8.694016400000000000e+09,-9.732999999999999829e+01
8.694016600000000000e+09,-9.728000000000000114e+01
8.694016800000000000e+09,-9.751999999999999602e+01
8.694017000000000000e+09,-9.729000000000000625e+01
8.694017200000000000e+09,-9.765999999999999659e+01
8.694017400000000000e+09,-9.720000000000000284e+01
8.694017600000000000e+09,-9.698000000000000398e+01
8.694017800000000000e+09,-9.625000000000000000e+01
8.694018000000000000e+09,-9.629000000000000625e+01
8.694018200000000000e+09,-9.740000000000000568e+01
8.694018400000000000e+09,-9.799000000000000909e+01
8.694018600000000000e+09,-9.829000000000000625e+01
8.694018800000000000e+09,-9.826999999999999602e+01
8.694019000000000000e+09,-9.785999999999999943e+01
8.694019200000000000e+09,-9.767000000000000171e+01
8.694019400000000000e+09,-9.820000000000000284e+01
8.694019600000000000e+09,-9.751000000000000512e+01
8.694019800000000000e+09,-9.784000000000000341e+01
8.694020000000000000e+09,-9.762000000000000455e+01
8.694020200000000000e+09,-9.804000000000000625e+01
8.694020400000000000e+09,-9.729000000000000625e+01
8.694020600000000000e+09,-9.712000000000000455e+01
8.694020800000000000e+09,-9.760999999999999943e+01
8.694021000000000000e+09,-9.721999999999999886e+01
8.694021200000000000e+09,-9.751999999999999602e+01
8.694021400000000000e+09,-9.764000000000000057e+01
8.694021600000000000e+09,-9.756000000000000227e+01
8.694021800000000000e+09,-9.712999999999999545e+01
8.694022000000000000e+09,-9.690000000000000568e+01
8.694022200000000000e+09,-9.667000000000000171e+01
8.694022400000000000e+09,-9.742000000000000171e+01
8.694022600000000000e+09,-9.746999999999999886e+01
8.694022800000000000e+09,-9.717000000000000171e+01
8.694023000000000000e+09,-9.778000000000000114e+01
8.694023200000000000e+09,-9.757999999999999829e+01
8.694023400000000000e+09,-9.701999999999999602e+01
8.694023600000000000e+09,-9.682000000000000739e+01
8.694023800000000000e+09,-9.687000000000000455e+01
8.694024000000000000e+09,-9.679000000000000625e+01
8.694024200000000000e+09,-9.762000000000000455e+01
8.694024400000000000e+09,-9.726999999999999602e+01
8.694024600000000000e+09,-9.674000000000000909e+01
8.694024800000000000e+09,-9.739000000000000057e+01
8.694025000000000000e+09,-9.637000000000000455e+01
8.694025200000000000e+09,-9.651999999999999602e+01
8.694025400000000000e+09,-9.690000000000000568e+01
8.694025600000000000e+09,-9.671999999999999886e+01
8.694025800000000000e+09,-9.724000000000000909e+01
8.694026000000000000e+09,-9.764000000000000057e+01
8.694026200000000000e+09,-9.731000000000000227e+01
8.694026400000000000e+09,-9.865000000000000568e+01
8.694026600000000000e+09,-9.662000000000000455e+01
8.694026800000000000e+09,-9.640999999999999659e+01
8.694027000000000000e+09,-9.720000000000000284e+01
8.694027200000000000e+09,-9.815000000000000568e+01
8.694027400000000000e+09,-9.801999999999999602e+01
8.694027600000000000e+09,-9.735999999999999943e+01
8.694027800000000000e+09,-9.751999999999999602e+01
8.694028000000000000e+09,-9.818999999999999773e+01
8.694028200000000000e+09,-9.815999999999999659e+01
8.694028400000000000e+09,-9.785999999999999943e+01
8.694028600000000000e+09,-9.807000000000000739e+01
8.694028800000000000e+09,-9.765000000000000568e+01
8.694029000000000000e+09,-9.739000000000000057e+01
8.694029200000000000e+09,-9.768000000000000682e+01
8.694029400000000000e+09,-9.731000000000000227e+01
8.694029600000000000e+09,-9.749000000000000909e+01
8.694029800000000000e+09,-9.748000000000000398e+01
8.694030000000000000e+09,-9.773000000000000398e+01
8.694030200000000000e+09,-9.643999999999999773e+01
8.694030400000000000e+09,-9.701000000000000512e+01
8.694030600000000000e+09,-9.679999999999999716e+01
8.694030800000000000e+09,-9.689000000000000057e+01
8.694031000000000000e+09,-9.709000000000000341e+01
8.694031200000000000e+09,-9.692000000000000171e+01
8.694031400000000000e+09,-9.665999999999999659e+01
8.694031600000000000e+09,-9.778000000000000114e+01
8.694031800000000000e+09,-9.782000000000000739e+01
8.694032000000000000e+09,-9.771000000000000796e+01
8.694032200000000000e+09,-9.775000000000000000e+01
8.694032400000000000e+09,-9.745000000000000284e+01
8.694032600000000000e+09,-9.681000000000000227e+01
8.694032800000000000e+09,-9.762000000000000455e+01
8.694033000000000000e+09,-9.814000000000000057e+01
8.694033200000000000e+09,-9.743000000000000682e+01
8.694033400000000000e+09,-9.668000000000000682e+01
8.694033600000000000e+09,-9.651999999999999602e+01
8.694033800000000000e+09,-9.679999999999999716e+01
8.694034000000000000e+09,-9.707999999999999829e+01
8.694034200000000000e+09,-9.707000000000000739e+01
8.694034400000000000e+09,-9.735000000000000853e+01
8.694034600000000000e+09,-9.718000000000000682e+01
8.694034800000000000e+09,-9.754999999999999716e+01
8.694035000000000000e+09,-9.715999999999999659e+01
8.694035200000000000e+09,-9.709000000000000341e+01
8.694035400000000000e+09,-9.740000000000000568e+01
8.694035600000000000e+09,-9.725000000000000000e+01
8.694035800000000000e+09,-9.643000000000000682e+01
8.694036000000000000e+09,-9.601999999999999602e+01
8.694036200000000000e+09,-9.668000000000000682e+01
8.694036400000000000e+09,-9.812000000000000455e+01
8.694036600000000000e+09,-9.793000000000000682e+01
8.694036800000000000e+09,-9.768999999999999773e+01
8.694037000000000000e+09,-9.707999999999999829e+01
8.694037200000000000e+09,-9.668000000000000682e+01
8.694037400000000000e+09,-9.670000000000000284e+01
8.694037600000000000e+09,-9.668000000000000682e+01
8.694037800000000000e+09,-9.728000000000000114e+01
8.694038000000000000e+09,-9.723000000000000398e+01
8.694038200000000000e+09,-9.699000000000000909e+01
8.694038400000000000e+09,-9.785000000000000853e+01
8.694038600000000000e+09,-9.748000000000000398e+01
8.694038800000000000e+09,-9.707999999999999829e+01
8.694039000000000000e+09,-9.690000000000000568e+01
8.694039200000000000e+09,-9.698000000000000398e+01
8.694039400000000000e+09,-9.682999999999999829e+01
8.694039600000000000e+09,-9.734000000000000341e+01
8.694039800000000000e+09,-9.801999999999999602e+01
8.694040000000000000e+09,-9.774000000000000909e+01
8.694040200000000000e+09,-9.753000000000000114e+01
8.694040400000000000e+09,-9.745000000000000284e+01
8.694040600000000000e+09,-9.735999999999999943e+01
8.694040800000000000e+09,-9.765999999999999659e+01
8.694041000000000000e+09,-9.781000000000000227e+01
8.694041200000000000e+09,-9.704999999999999716e+01
8.694041400000000000e+09,-9.665999999999999659e+01
8.694041600000000000e+09,-9.779999999999999716e+01
8.694041800000000000e+09,-9.801999999999999602e+01
8.694042000000000000e+09,-9.800000000000000000e+01
8.694042200000000000e+09,-9.782000000000000739e+01
8.694042400000000000e+09,-9.760000000000000853e+01
8.694042600000000000e+09,-9.743000000000000682e+01
8.694042800000000000e+09,-9.743000000000000682e+01
8.694043000000000000e+09,-9.779000000000000625e+01
8.694043200000000000e+09,-9.765000000000000568e+01
8.694043400000000000e+09,-9.654000000000000625e+01
8.694043600000000000e+09,-9.701999999999999602e+01
8.694043800000000000e+09,-9.735999999999999943e+01
8.694044000000000000e+09,-9.798000000000000398e+01
8.694044200000000000e+09,-9.714000000000000057e+01
8.694044400000000000e+09,-9.715000000000000568e+01
8.694044600000000000e+09,-9.767000000000000171e+01
8.694044800000000000e+09,-9.746000000000000796e+01
8.694045000000000000e+09,-9.760999999999999943e+01
8.694045200000000000e+09,-9.743000000000000682e+01
8.694045400000000000e+09,-9.745000000000000284e+01
8.694045600000000000e+09,-9.721000000000000796e+01
8.694045800000000000e+09,-9.695000000000000284e+01
8.694046000000000000e+09,-9.795000000000000284e+01
8.694046200000000000e+09,-9.701000000000000512e+01
8.694046400000000000e+09,-9.648000000000000398e+01
8.694046600000000000e+09,-9.635000000000000853e+01
8.694046800000000000e+09,-9.643999999999999773e+01
8.694047000000000000e+09,-9.751000000000000512e+01
8.694047200000000000e+09,-9.809000000000000341e+01
8.694047400000000000e+09,-9.781000000000000227e+01
8.694047600000000000e+09,-9.760999999999999943e+01
8.694047800000000000e+09,-9.778000000000000114e+01
8.694048000000000000e+09,-9.768999999999999773e+01
8.694048200000000000e+09,-9.743999999999999773e+01
8.694048400000000000e+09,-9.721000000000000796e+01
8.694048600000000000e+09,-9.737000000000000455e+01
8.694048800000000000e+09,-9.723000000000000398e+01
8.694049000000000000e+09,-9.751000000000000512e+01
8.694049200000000000e+09,-9.810999999999999943e+01
8.694049400000000000e+09,-9.731000000000000227e+01
8.694049600000000000e+09,-9.765999999999999659e+01
8.694049800000000000e+09,-9.743999999999999773e+01
8.694050000000000000e+09,-9.753000000000000114e+01
1.062595000000000000e+10,-9.821999999999999886e+01
1.062595020000000000e+10,-9.868000000000000682e+01
1.062595040000000000e+10,-9.853000000000000114e+01
1.062595060000000000e+10,-9.906000000000000227e+01
1.062595080000000000e+10,-9.885999999999999943e+01
1.062595100000000000e+10,-9.904999999999999716e+01
1.062595120000000000e+10,-9.921999999999999886e+01
1.062595140000000000e+10,-9.915000000000000568e+01
1.062595160000000000e+10,-9.865000000000000568e+01
1.062595180000000000e+10,-9.926000000000000512e+01
1.062595200000000000e+10,-9.887000000000000455e+01
1.062595220000000000e+10,-9.879000000000000625e+01
1.062595240000000000e+10,-9.918000000000000682e+01
1.062595260000000000e+10,-9.920000000000000284e+01
1.062595280000000000e+10,-9.962999999999999545e+01
1.062595300000000000e+10,-9.974000000000000909e+01
1.062595320000000000e+10,-9.945000000000000284e+01
1.062595340000000000e+10,-9.975000000000000000e+01
1.062595360000000000e+10,-9.953000000000000114e+01
1.062595380000000000e+10,-9.992000000000000171e+01
1.062595400000000000e+10,-9.951999999999999602e+01
1.062595420000000000e+10,-9.918000000000000682e+01
1.062595440000000000e+10,-1.001200000000000045e+02
1.062595460000000000e+10,-9.937000000000000455e+01
1.062595480000000000e+10,-9.823000000000000398e+01
1.062595500000000000e+10,-9.828000000000000114e+01
1.062595520000000000e+10,-9.890000000000000568e+01
1.062595540000000000e+10,-9.825000000000000000e+01
1.062595560000000000e+10,-9.856000000000000227e+01
1.062595580000000000e+10,-9.859000000000000341e+01
1.062595600000000000e+10,-9.935999999999999943e+01
1.062595620000000000e+10,-9.992000000000000171e+01
1.062595640000000000e+10,-9.982999999999999829e+01
1.062595660000000000e+10,-9.951000000000000512e+01
1.062595680000000000e+10,-9.950000000000000000e+01
1.062595700000000000e+10,-9.920000000000000284e+01
1.062595720000000000e+10,-9.882000000000000739e+01
1.062595740000000000e+10,-9.954000000000000625e+01
1.062595760000000000e+10,-9.950000000000000000e+01
1.062595780000000000e+10,-9.964000000000000057e+01
1.062595800000000000e+10,-9.940000000000000568e+01
1.062595820000000000e+10,-9.948000000000000398e+01
1.062595840000000000e+10,-9.950000000000000000e+01
1.062595860000000000e+10,-9.876999999999999602e+01
1.062595880000000000e+10,-9.835999999999999943e+01
1.062595900000000000e+10,-9.821000000000000796e+01
1.062595920000000000e+10,-9.957000000000000739e+01
1.062595940000000000e+10,-9.950000000000000000e+01
1.062595960000000000e+10,-9.954000000000000625e+01
1.062595980000000000e+10,-9.987000000000000455e+01
1.062596000000000000e+10,-9.970000000000000284e+01
1.062596020000000000e+10,-9.960999999999999943e+01
1.062596040000000000e+10,-9.942000000000000171e+01
1.062596060000000000e+10,-9.918000000000000682e+01
1.062596080000000000e+10,-9.848000000000000398e+01
1.062596100000000000e+10,-9.882999999999999829e+01
1.062596120000000000e+10,-9.879000000000000625e+01
1.062596140000000000e+10,-9.885000000000000853e+01
1.062596160000000000e+10,-9.879000000000000625e+01
1.062596180000000000e+10,-9.865999999999999659e+01
1.062596200000000000e+10,-9.826999999999999602e+01
1.062596220000000000e+10,-9.904000000000000625e+01
1.062596240000000000e+10,-9.935999999999999943e+01
1.062596260000000000e+10,-9.935000000000000853e+01
1.062596280000000000e+10,-9.943000000000000682e+01
1.062596300000000000e+10,-9.956000000000000227e+01
1.062596320000000000e+10,-9.965000000000000568e+01
1.062596340000000000e+10,-9.832000000000000739e+01
1.062596360000000000e+10,-9.837999999999999545e+01
1.062596380000000000e+10,-9.881000000000000227e+01
1.062596400000000000e+10,-9.923000000000000398e+01
1.062596420000000000e+10,-9.928000000000000114e+01
1.062596440000000000e+10,-9.868999999999999773e+01
1.062596460000000000e+10,-9.890999999999999659e+01
1.062596480000000000e+10,-9.901999999999999602e+01
1.062596500000000000e+10,-9.946999999999999886e+01
1.062596520000000000e+10,-9.918000000000000682e+01
1.062596540000000000e+10,-9.925000000000000000e+01
1.062596560000000000e+10,-9.962999999999999545e+01
1.062596580000000000e+10,-9.843000000000000682e+01
1.062596600000000000e+10,-9.798000000000000398e+01
1.062596620000000000e+10,-9.932999999999999829e+01
1.062596640000000000e+10,-9.865000000000000568e+01
1.062596660000000000e+10,-9.942000000000000171e+01
1.062596680000000000e+10,-9.968000000000000682e+01
1.062596700000000000e+10,-9.954000000000000625e+01
1.062596720000000000e+10,-9.850000000000000000e+01
1.062596740000000000e+10,-9.807999999999999829e+01
1.062596760000000000e+10,-9.809000000000000341e+01
1.062596780000000000e+10,-9.803000000000000114e+01
1.062596800000000000e+10,-9.865000000000000568e+01
1.062596820000000000e+10,-9.890999999999999659e+01
1.062596840000000000e+10,-9.910999999999999943e+01
1.062596860000000000e+10,-9.959000000000000341e+01
1.062596880000000000e+10,-9.949000000000000909e+01
1.062596900000000000e+10,-9.935000000000000853e+01
1.062596920000000000e+10,-9.904999999999999716e+01
1.062596940000000000e+10,-9.932999999999999829e+01
1.062596960000000000e+10,-9.976000000000000512e+01
1.062596980000000000e+10,-9.945000000000000284e+01
1.062597000000000000e+10,-9.867000000000000171e+01
1.062597020000000000e+10,-9.940000000000000568e+01
1.062597040000000000e+10,-9.976999999999999602e+01
1.062597060000000000e+10,-9.935000000000000853e+01
1.062597080000000000e+10,-9.965000000000000568e+01
1.062597100000000000e+10,-9.915000000000000568e+01
1.062597120000000000e+10,-9.890999999999999659e+01
1.062597140000000000e+10,-9.979000000000000625e+01
1.062597160000000000e+10,-9.943999999999999773e+01
1.062597180000000000e+10,-9.898000000000000398e+01
1.062597200000000000e+10,-9.878000000000000114e+01
1.062597220000000000e+10,-9.895000000000000284e+01
1.062597240000000000e+10,-9.860999999999999943e+01
1.062597260000000000e+10,-9.953000000000000114e+01
1.062597280000000000e+10,-9.851999999999999602e+01
1.062597300000000000e+10,-9.793000000000000682e+01
1.062597320000000000e+10,-9.868999999999999773e+01
1.062597340000000000e+10,-9.967000000000000171e+01
1.062597360000000000e+10,-9.976000000000000512e+01
1.062597380000000000e+10,-9.926999999999999602e+01
1.062597400000000000e+10,-9.954000000000000625e+01
1.062597420000000000e+10,-9.940000000000000568e+01
1.062597440000000000e+10,-9.976999999999999602e+01
1.062597460000000000e+10,-9.970000000000000284e+01
1.062597480000000000e+10,-9.968999999999999773e+01
1.062597500000000000e+10,-9.917000000000000171e+01
1.062597520000000000e+10,-9.914000000000000057e+01
1.062597540000000000e+10,-9.964000000000000057e+01
1.062597560000000000e+10,-9.948000000000000398e+01
1.062597580000000000e+10,-9.895000000000000284e+01
1.062597600000000000e+10,-9.859000000000000341e+01
1.062597620000000000e+10,-9.801999999999999602e+01
1.062597640000000000e+10,-9.801000000000000512e+01
1.062597660000000000e+10,-9.981000000000000227e+01
1.062597680000000000e+10,-1.001700000000000017e+02
1.062597700000000000e+10,-1.003900000000000006e+02
1.062597720000000000e+10,-9.954000000000000625e+01
1.062597740000000000e+10,-9.946000000000000796e+01
1.062597760000000000e+10,-9.824000000000000909e+01
1.062597780000000000e+10,-9.785999999999999943e+01
1.062597800000000000e+10,-9.901999999999999602e+01
1.062597820000000000e+10,-9.900000000000000000e+01
1.062597840000000000e+10,-9.910999999999999943e+01
1.062597860000000000e+10,-9.887999999999999545e+01
1.062597880000000000e+10,-9.970000000000000284e+01
1.062597900000000000e+10,-9.912999999999999545e+01
1.062597920000000000e+10,-9.921999999999999886e+01
1.062597940000000000e+10,-9.909000000000000341e+01
1.062597960000000000e+10,-9.939000000000000057e+01
1.062597980000000000e+10,-9.950000000000000000e+01
1.062598000000000000e+10,-9.904000000000000625e+01
1.062598020000000000e+10,-9.954000000000000625e+01
1.062598040000000000e+10,-9.929999999999999716e+01
1.062598060000000000e+10,-9.885000000000000853e+01
1.062598080000000000e+10,-9.795000000000000284e+01
1.062598100000000000e+10,-9.846000000000000796e+01
1.062598120000000000e+10,-9.935999999999999943e+01
1.062598140000000000e+10,-9.943999999999999773e+01
1.062598160000000000e+10,-9.950000000000000000e+01
1.062598180000000000e+10,-9.835000000000000853e+01
1.062598200000000000e+10,-9.765999999999999659e+01
1.062598220000000000e+10,-9.796999999999999886e+01
1.062598240000000000e+10,-9.851999999999999602e+01
1.062598260000000000e+10,-9.864000000000000057e+01
1.062598280000000000e+10,-9.885000000000000853e+01
1.062598300000000000e+10,-9.895000000000000284e+01
1.062598320000000000e+10,-9.845000000000000284e+01
1.062598340000000000e+10,-9.804999999999999716e+01
1.062598360000000000e+10,-9.890000000000000568e+01
1.062598380000000000e+10,-9.865000000000000568e+01
1.062598400000000000e+10,-9.873000000000000398e+01
1.062598420000000000e+10,-9.973000000000000398e+01
1.062598440000000000e+10,-9.912000000000000455e+01
1.062598460000000000e+10,-9.860999999999999943e+01
1.062598480000000000e+10,-9.823000000000000398e+01
1.062598500000000000e+10,-9.965999999999999659e+01
1.062598520000000000e+10,-9.881000000000000227e+01
1.062598540000000000e+10,-9.926000000000000512e+01
1.062598560000000000e+10,-9.956000000000000227e+01
1.062598580000000000e+10,-9.960000000000000853e+01
1.062598600000000000e+10,-9.854000000000000625e+01
1.062598620000000000e+10,-9.857999999999999829e+01
1.062598640000000000e+10,-9.900000000000000000e+01
1.062598660000000000e+10,-9.873000000000000398e+01
1.062598680000000000e+10,-9.950000000000000000e+01
1.062598700000000000e+10,-1.003400000000000034e+02
1.062598720000000000e+10,-9.882999999999999829e+01
1.062598740000000000e+10,-9.826000000000000512e+01
1.062598760000000000e+10,-9.948000000000000398e+01
1.062598780000000000e+10,-1.002999999999999972e+02
1.062598800000000000e+10,-9.918000000000000682e+01
1.062598820000000000e+10,-1.001200000000000045e+02
1.062598840000000000e+10,-1.000900000000000034e+02
1.062598860000000000e+10,-9.978000000000000114e+01
1.062598880000000000e+10,-9.935999999999999943e+01
1.062598900000000000e+10,-9.907999999999999829e+01
1.062598920000000000e+10,-9.879000000000000625e+01
1.062598940000000000e+10,-9.921000000000000796e+01
1.062598960000000000e+10,-9.926999999999999602e+01
1.062598980000000000e+10,-9.909000000000000341e+01
1.062599000000000000e+10,-9.887000000000000455e+01
1.062599020000000000e+10,-9.870000000000000284e+01
1.062599040000000000e+10,-9.901000000000000512e+01
1.062599060000000000e+10,-9.939000000000000057e+01
1.062599080000000000e+10,-9.935999999999999943e+01
1.062599100000000000e+10,-9.904000000000000625e+01
1.062599120000000000e+10,-9.982000000000000739e+01
1.062599140000000000e+10,-9.979999999999999716e+01
1.062599160000000000e+10,-9.921999999999999886e+01
1.062599180000000000e+10,-9.901999999999999602e+01
1.062599200000000000e+10,-9.948000000000000398e+01
1.062599220000000000e+10,-9.954000000000000625e+01
1.062599240000000000e+10,-9.912999999999999545e+01
1.062599260000000000e+10,-9.907000000000000739e+01
1.062599280000000000e+10,-9.807999999999999829e+01
1.062599300000000000e+10,-9.845000000000000284e+01
1.062599320000000000e+10,-9.873000000000000398e+01
1.062599340000000000e+10,-9.840999999999999659e+01
1.062599360000000000e+10,-9.928000000000000114e+01
1.062599380000000000e+10,-9.879000000000000625e+01
1.062599400000000000e+10,-9.882000000000000739e+01
1.062599420000000000e+10,-9.801999999999999602e+01
1.062599440000000000e+10,-9.843000000000000682e+01
1.062599460000000000e+10,-9.845000000000000284e+01
1.062599480000000000e+10,-9.887999999999999545e+01
1.062599500000000000e+10,-9.912999999999999545e+01
1.062599520000000000e+10,-9.890000000000000568e+01
1.062599540000000000e+10,-9.904000000000000625e+01
1.062599560000000000e+10,-9.917000000000000171e+01
1.062599580000000000e+10,-9.932000000000000739e+01
1.062599600000000000e+10,-9.940000000000000568e+01
1.062599620000000000e+10,-9.901999999999999602e+01
1.062599640000000000e+10,-9.864000000000000057e+01
1.062599660000000000e+10,-9.893000000000000682e+01
1.062599680000000000e+10,-9.932000000000000739e+01
1.062599700000000000e+10,-9.931000000000000227e+01
1.062599720000000000e+10,-9.878000000000000114e+01
1.062599740000000000e+10,-9.842000000000000171e+01
1.062599760000000000e+10,-9.923000000000000398e+01
1.062599780000000000e+10,-9.898000000000000398e+01
1.062599800000000000e+10,-9.968999999999999773e+01
1.062599820000000000e+10,-9.965000000000000568e+01
1.062599840000000000e+10,-9.974000000000000909e+01
1.062599860000000000e+10,-9.979000000000000625e+01
1.062599880000000000e+10,-9.801000000000000512e+01
1.062599900000000000e+10,-9.764000000000000057e+01
1.062599920000000000e+10,-9.923000000000000398e+01
1.062599940000000000e+10,-9.882000000000000739e+01
1.062599960000000000e+10,-9.999000000000000909e+01
1.062599980000000000e+10,-9.996999999999999886e+01
1.062600000000000000e+10,-9.873000000000000398e+01
1.062600020000000000e+10,-9.926999999999999602e+01
1.062600040000000000e+10,-1.003200000000000074e+02
1.062600060000000000e+10,-1.001299999999999955e+02
1.062600080000000000e+10,-9.999000000000000909e+01
1.062600100000000000e+10,-9.998000000000000398e+01
1.062600120000000000e+10,-9.976999999999999602e+01
1.062600140000000000e+10,-9.900000000000000000e+01
1.062600160000000000e+10,-9.824000000000000909e+01
1.062600180000000000e+10,-9.850000000000000000e+01
1.062600200000000000e+10,-9.868000000000000682e+01
1.062600220000000000e+10,-9.965999999999999659e+01
1.062600240000000000e+10,-9.967000000000000171e+01
1.062600260000000000e+10,-9.932000000000000739e+01
1.062600280000000000e+10,-9.954999999999999716e+01
1.062600300000000000e+10,-9.893999999999999773e+01
1.062600320000000000e+10,-9.874000000000000909e+01
1.062600340000000000e+10,-9.935999999999999943e+01
1.062600360000000000e+10,-9.860000000000000853e+01
1.062600380000000000e+10,-9.854000000000000625e+01
1.062600400000000000e+10,-9.851999999999999602e+01
1.062600420000000000e+10,-9.950000000000000000e+01
1.062600440000000000e+10,-9.954999999999999716e+01
1.062600460000000000e+10,-9.912999999999999545e+01
1.062600480000000000e+10,-9.974000000000000909e+01
1.062600500000000000e+10,-9.918000000000000682e+01
1.062600520000000000e+10,-9.904999999999999716e+01
1.062600540000000000e+10,-9.926999999999999602e+01
1.062600560000000000e+10,-9.954999999999999716e+01
1.062600580000000000e+10,-9.968999999999999773e+01
1.062600600000000000e+10,-1.002100000000000080e+02
1.062600620000000000e+10,-9.865999999999999659e+01
1.062600640000000000e+10,-9.856000000000000227e+01
1.062600660000000000e+10,-9.951999999999999602e+01
1.062600680000000000e+10,-9.953000000000000114e+01
1.062600700000000000e+10,-9.995000000000000284e+01
1.062600720000000000e+10,-9.948000000000000398e+01
1.062600740000000000e+10,-9.800000000000000000e+01
1.062600760000000000e+10,-9.829999999999999716e+01
1.062600780000000000e+10,-9.924000000000000909e+01
1.062600800000000000e+10,-9.893999999999999773e+01
1.062600820000000000e+10,-9.860999999999999943e+01
1.062600840000000000e+10,-9.746999999999999886e+01
1.062600860000000000e+10,-9.550000000000000000e+01
1.062600880000000000e+10,-9.337999999999999545e+01
1.062600900000000000e+10,-9.032999999999999829e+01
1.062600920000000000e+10,-8.731000000000000227e+01
1.062600940000000000e+10,-8.434000000000000341e+01
1.062600960000000000e+10,-8.179000000000000625e+01
1.062600980000000000e+10,-7.982000000000000739e+01
1.062601000000000000e+10,-7.865999999999999659e+01
1.062601020000000000e+10,-7.825000000000000000e+01
1.062601040000000000e+10,-7.804000000000000625e+01
1.062601060000000000e+10,-7.818000000000000682e+01
1.062601080000000000e+10,-7.948000000000000398e+01
1.062601100000000000e+10,-8.115999999999999659e+01
1.062601120000000000e+10,-8.350000000000000000e+01
1.062601140000000000e+10,-8.626000000000000512e+01
1.062601160000000000e+10,-8.885999999999999943e+01
1.062601180000000000e+10,-9.187000000000000455e+01
1.062601200000000000e+10,-9.476999999999999602e+01
1.062601220000000000e+10,-9.682000000000000739e+01
1.062601240000000000e+10,-9.826999999999999602e+01
1.062601260000000000e+10,-9.896000000000000796e+01
1.062601280000000000e+10,-9.946000000000000796e+01
1.062601300000000000e+10,-9.918000000000000682e+01
1.062601320000000000e+10,-9.940000000000000568e+01
1.062601340000000000e+10,-9.949000000000000909e+01
1.062601360000000000e+10,-9.878000000000000114e+01
1.062601380000000000e+10,-9.896000000000000796e+01
1.062601400000000000e+10,-9.895000000000000284e+01
1.062601420000000000e+10,-9.909000000000000341e+01
1.062601440000000000e+10,-9.921999999999999886e+01
1.062601460000000000e+10,-9.954000000000000625e+01
1.062601480000000000e+10,-9.887000000000000455e+01
1.062601500000000000e+10,-9.923000000000000398e+01
1.062601520000000000e+10,-9.900000000000000000e+01
1.062601540000000000e+10,-9.871000000000000796e+01
1.062601560000000000e+10,-9.920000000000000284e+01
1.062601580000000000e+10,-9.965000000000000568e+01
1.062601600000000000e+10,-9.942000000000000171e+01
1.062601620000000000e+10,-9.785999999999999943e+01
1.062601640000000000e+10,-9.765000000000000568e+01
1.062601660000000000e+10,-9.835000000000000853e+01
1.062601680000000000e+10,-9.890000000000000568e+01
1.062601700000000000e+10,-9.837999999999999545e+01
1.062601720000000000e+10,-9.876000000000000512e+01
1.062601740000000000e+10,-9.839000000000000057e+01
1.062601760000000000e+10,-9.834000000000000341e+01
1.062601780000000000e+10,-9.962000000000000455e+01
1.062601800000000000e+10,-9.865000000000000568e+01
1.062601820000000000e+10,-9.840000000000000568e+01
1.062601840000000000e+10,-9.968000000000000682e+01
1.062601860000000000e+10,-9.929000000000000625e+01
1.062601880000000000e+10,-9.857000000000000739e+01
1.062601900000000000e+10,-9.859000000000000341e+01
1.062601920000000000e+10,-9.821000000000000796e+01
1.062601940000000000e+10,-9.954000000000000625e+01
1.062601960000000000e+10,-9.914000000000000057e+01
1.062601980000000000e+10,-9.920000000000000284e+01
1.062602000000000000e+10,-9.912999999999999545e+01
1.062602020000000000e+10,-9.943000000000000682e+01
1.062602040000000000e+10,-9.906000000000000227e+01
1.062602060000000000e+10,-9.909000000000000341e+01
1.062602080000000000e+10,-9.864000000000000057e+01
1.062602100000000000e+10,-9.812000000000000455e+01
1.062602120000000000e+10,-9.893000000000000682e+01
1.062602140000000000e+10,-9.959000000000000341e+01
1.062602160000000000e+10,-9.850000000000000000e+01
1.062602180000000000e+10,-9.850000000000000000e+01
1.062602200000000000e+10,-9.857999999999999829e+01
1.062602220000000000e+10,-9.826999999999999602e+01
1.062602240000000000e+10,-9.910000000000000853e+01
1.062602260000000000e+10,-9.915999999999999659e+01
1.062602280000000000e+10,-9.900000000000000000e+01
1.062602300000000000e+10,-9.893999999999999773e+01
1.062602320000000000e+10,-9.907999999999999829e+01
1.062602340000000000e+10,-9.921999999999999886e+01
1.062602360000000000e+10,-9.943000000000000682e+01
1.062602380000000000e+10,-1.005400000000000063e+02
1.062602400000000000e+10,-9.957000000000000739e+01
1.062602420000000000e+10,-9.845000000000000284e+01
1.062602440000000000e+10,-9.873000000000000398e+01
1.062602460000000000e+10,-9.892000000000000171e+01
1.062602480000000000e+10,-9.896999999999999886e+01
1.062602500000000000e+10,-9.935999999999999943e+01
1.062602520000000000e+10,-9.817000000000000171e+01
1.062602540000000000e+10,-9.885999999999999943e+01
1.062602560000000000e+10,-9.951999999999999602e+01
1.062602580000000000e+10,-9.895000000000000284e+01
1.062602600000000000e+10,-9.962999999999999545e+01
1.062602620000000000e+10,-9.999000000000000909e+01
1.062602640000000000e+10,-9.982000000000000739e+01
1.062602660000000000e+10,-9.949000000000000909e+01
1.062602680000000000e+10,-9.915000000000000568e+01
1.062602700000000000e+10,-9.828000000000000114e+01
1.062602720000000000e+10,-9.815000000000000568e+01
1.062602740000000000e+10,-9.873000000000000398e+01
1.062602760000000000e+10,-9.953000000000000114e+01
1.062602780000000000e+10,-1.000600000000000023e+02
1.062602800000000000e+10,-9.982000000000000739e+01
1.062602820000000000e+10,-9.935999999999999943e+01
1.062602840000000000e+10,-9.907000000000000739e+01
1.062602860000000000e+10,-9.896000000000000796e+01
1.062602880000000000e+10,-9.970000000000000284e+01
1.062602900000000000e+10,-9.953000000000000114e+01
1.062602920000000000e+10,-9.932999999999999829e+01
1.062602940000000000e+10,-9.893999999999999773e+01
1.062602960000000000e+10,-9.901999999999999602e+01
1.062602980000000000e+10,-9.885999999999999943e+01
1.062603000000000000e+10,-9.882000000000000739e+01
1.062603020000000000e+10,-9.860999999999999943e+01
1.062603040000000000e+10,-9.918000000000000682e+01
1.062603060000000000e+10,-9.854000000000000625e+01
1.062603080000000000e+10,-9.865000000000000568e+01
1.062603100000000000e+10,-9.940999999999999659e+01
1.062603120000000000e+10,-9.776000000000000512e+01
1.062603140000000000e+10,-9.825000000000000000e+01
1.062603160000000000e+10,-9.921999999999999886e+01
1.062603180000000000e+10,-9.867000000000000171e+01
1.062603200000000000e+10,-9.890000000000000568e+01
1.062603220000000000e+10,-9.985999999999999943e+01
1.062603240000000000e+10,-9.950000000000000000e+01
1.062603260000000000e+10,-9.976999999999999602e+01
1.062603280000000000e+10,-9.990999999999999659e+01
1.062603300000000000e+10,-9.923000000000000398e+01
1.062603320000000000e+10,-9.887000000000000455e+01
1.062603340000000000e+10,-9.946000000000000796e+01
1.062603360000000000e+10,-9.948000000000000398e+01
1.062603380000000000e+10,-9.868999999999999773e+01
1.062603400000000000e+10,-9.889000000000000057e+01
1.062603420000000000e+10,-9.990999999999999659e+01
1.062603440000000000e+10,-9.910999999999999943e+01
1.062603460000000000e+10,-9.976000000000000512e+01
1.062603480000000000e+10,-9.924000000000000909e+01
1.062603500000000000e+10,-9.968999999999999773e+01
1.062603520000000000e+10,-9.940999999999999659e+01
1.062603540000000000e+10,-9.956000000000000227e+01
1.062603560000000000e+10,-9.985999999999999943e+01
1.062603580000000000e+10,-9.959000000000000341e+01
1.062603600000000000e+10,-9.890000000000000568e+01
1.062603620000000000e+10,-9.915999999999999659e+01
1.062603640000000000e+10,-9.932999999999999829e+01
1.062603660000000000e+10,-9.896999999999999886e+01
1.062603680000000000e+10,-9.909000000000000341e+01
1.062603700000000000e+10,-9.868000000000000682e+01
1.062603720000000000e+10,-9.896000000000000796e+01
1.062603740000000000e+10,-9.920000000000000284e+01
1.062603760000000000e+10,-9.935999999999999943e+01
1.062603780000000000e+10,-9.893000000000000682e+01
1.062603800000000000e+10,-9.912999999999999545e+01
1.062603820000000000e+10,-9.962999999999999545e+01
1.062603840000000000e+10,-9.964000000000000057e+01
1.062603860000000000e+10,-9.954000000000000625e+01
1.062603880000000000e+10,-9.831000000000000227e+01
1.062603900000000000e+10,-9.815000000000000568e+01
1.062603920000000000e+10,-9.835999999999999943e+01
1.062603940000000000e+10,-9.826000000000000512e+01
1.062603960000000000e+10,-9.782999999999999829e+01
1.062603980000000000e+10,-9.829999999999999716e+01
1.062604000000000000e+10,-9.929000000000000625e+01
1.062604020000000000e+10,-9.945000000000000284e+01
1.062604040000000000e+10,-9.910000000000000853e+01
1.062604060000000000e+10,-9.907000000000000739e+01
1.062604080000000000e+10,-9.951000000000000512e+01
1.062604100000000000e+10,-9.928000000000000114e+01
1.062604120000000000e+10,-9.904000000000000625e+01
1.062604140000000000e+10,-9.878000000000000114e+01
1.062604160000000000e+10,-9.910999999999999943e+01
1.062604180000000000e+10,-9.984000000000000341e+01
1.062604200000000000e+10,-9.915000000000000568e+01
1.062604220000000000e+10,-9.892000000000000171e+01
1.062604240000000000e+10,-9.943000000000000682e+01
1.062604260000000000e+10,-9.904999999999999716e+01
1.062604280000000000e+10,-9.859000000000000341e+01
1.062604300000000000e+10,-9.878000000000000114e+01
1.062604320000000000e+10,-9.893000000000000682e+01
1.062604340000000000e+10,-9.859000000000000341e+01
1.062604360000000000e+10,-9.821999999999999886e+01
1.062604380000000000e+10,-9.881000000000000227e+01
1.062604400000000000e+10,-1.000000000000000000e+02
1.062604420000000000e+10,-9.910000000000000853e+01
1.062604440000000000e+10,-9.845000000000000284e+01
1.062604460000000000e+10,-9.898000000000000398e+01
1.062604480000000000e+10,-9.857999999999999829e+01
1.062604500000000000e+10,-9.957999999999999829e+01
1.062604520000000000e+10,-9.875000000000000000e+01
1.062604540000000000e+10,-9.823000000000000398e+01
1.062604560000000000e+10,-9.890999999999999659e+01
1.062604580000000000e+10,-9.899000000000000909e+01
1.062604600000000000e+10,-9.929999999999999716e+01
1.062604620000000000e+10,-1.000900000000000034e+02
1.062604640000000000e+10,-9.953000000000000114e+01
1.062604660000000000e+10,-9.873000000000000398e+01
1.062604680000000000e+10,-9.948000000000000398e+01
1.062604700000000000e+10,-9.907000000000000739e+01
1.062604720000000000e+10,-9.907000000000000739e+01
1.062604740000000000e+10,-9.923000000000000398e+01
1.062604760000000000e+10,-9.946000000000000796e+01
1.062604780000000000e+10,-9.853000000000000114e+01
1.062604800000000000e+10,-9.812999999999999545e+01
1.062604820000000000e+10,-9.893000000000000682e+01
1.062604840000000000e+10,-9.857000000000000739e+01
1.062604860000000000e+10,-9.876000000000000512e+01
1.062604880000000000e+10,-9.845000000000000284e+01
1.062604900000000000e+10,-9.929999999999999716e+01
1.062604920000000000e+10,-9.909000000000000341e+01
1.062604940000000000e+10,-9.923000000000000398e+01
1.062604960000000000e+10,-9.909000000000000341e+01
1.062604980000000000e+10,-9.921000000000000796e+01
1.062605000000000000e+10,-9.918000000000000682e+01
1.255795000000000000e+10,-9.471000000000000796e+01
1.255795020000000000e+10,-9.506000000000000227e+01
1.255795040000000000e+10,-9.531000000000000227e+01
1.255795060000000000e+10,-9.512000000000000455e+01
1.255795080000000000e+10,-9.518000000000000682e+01
1.255795100000000000e+10,-9.535000000000000853e+01
1.255795120000000000e+10,-9.501000000000000512e+01
1.255795140000000000e+10,-9.462000000000000455e+01
1.255795160000000000e+10,-9.537000000000000455e+01
1.255795180000000000e+10,-9.526999999999999602e+01
1.255795200000000000e+10,-9.465999999999999659e+01
1.255795220000000000e+10,-9.465999999999999659e+01
1.255795240000000000e+10,-9.512999999999999545e+01
1.255795260000000000e+10,-9.443999999999999773e+01
1.255795280000000000e+10,-9.507999999999999829e+01
1.255795300000000000e+10,-9.507000000000000739e+01
1.255795320000000000e+10,-9.493999999999999773e+01
1.255795340000000000e+10,-9.506000000000000227e+01
1.255795360000000000e+10,-9.476000000000000512e+01
1.255795380000000000e+10,-9.539000000000000057e+01
1.255795400000000000e+10,-9.565000000000000568e+01
1.255795420000000000e+10,-9.562999999999999545e+01
1.255795440000000000e+10,-9.571999999999999886e+01
1.255795460000000000e+10,-9.485000000000000853e+01
1.255795480000000000e+10,-9.485999999999999943e+01
1.255795500000000000e+10,-9.521999999999999886e+01
1.255795520000000000e+10,-9.485000000000000853e+01
1.255795540000000000e+10,-9.493000000000000682e+01
1.255795560000000000e+10,-9.475000000000000000e+01
1.255795580000000000e+10,-9.540000000000000568e+01
1.255795600000000000e+10,-9.554000000000000625e+01
1.255795620000000000e+10,-9.464000000000000057e+01
1.255795640000000000e+10,-9.429000000000000625e+01
1.255795660000000000e+10,-9.571999999999999886e+01
1.255795680000000000e+10,-9.564000000000000057e+01
1.255795700000000000e+10,-9.562999999999999545e+01
1.255795720000000000e+10,-9.540000000000000568e+01
1.255795740000000000e+10,-9.545000000000000284e+01
1.255795760000000000e+10,-9.440999999999999659e+01
1.255795780000000000e+10,-9.351999999999999602e+01
1.255795800000000000e+10,-9.459000000000000341e+01
1.255795820000000000e+10,-9.407999999999999829e+01
1.255795840000000000e+10,-9.371999999999999886e+01
1.255795860000000000e+10,-9.481000000000000227e+01
1.255795880000000000e+10,-9.554000000000000625e+01
1.255795900000000000e+10,-9.443999999999999773e+01
1.255795920000000000e+10,-9.431000000000000227e+01
1.255795940000000000e+10,-9.429999999999999716e+01
1.255795960000000000e+10,-9.525000000000000000e+01
1.255795980000000000e+10,-9.492000000000000171e+01
1.255796000000000000e+10,-9.457999999999999829e+01
1.255796020000000000e+10,-9.440000000000000568e+01
1.255796040000000000e+10,-9.421999999999999886e+01
1.255796060000000000e+10,-9.514000000000000057e+01
1.255796080000000000e+10,-9.534000000000000341e+01
1.255796100000000000e+10,-9.412000000000000455e+01
1.255796120000000000e+10,-9.385000000000000853e+01
1.255796140000000000e+10,-9.535000000000000853e+01
1.255796160000000000e+10,-9.551000000000000512e+01
1.255796180000000000e+10,-9.498999999999999488e+01
1.255796200000000000e+10,-9.543999999999999773e+01
1.255796220000000000e+10,-9.535000000000000853e+01
1.255796240000000000e+10,-9.465999999999999659e+01
1.255796260000000000e+10,-9.504999999999999716e+01
1.255796280000000000e+10,-9.468000000000000682e+01
1.255796300000000000e+10,-9.506000000000000227e+01
1.255796320000000000e+10,-9.520000000000000284e+01
1.255796340000000000e+10,-9.510000000000000853e+01
1.255796360000000000e+10,-9.603000000000000114e+01
1.255796380000000000e+10,-9.592000000000000171e+01
1.255796400000000000e+10,-9.518999999999999773e+01
1.255796420000000000e+10,-9.528000000000000114e+01
1.255796440000000000e+10,-9.450000000000000000e+01
1.255796460000000000e+10,-9.535999999999999943e+01
1.255796480000000000e+10,-9.496000000000000796e+01
1.255796500000000000e+10,-9.348000000000000398e+01
1.255796520000000000e+10,-9.351999999999999602e+01
1.255796540000000000e+10,-9.473000000000000398e+01
1.255796560000000000e+10,-9.473999999999999488e+01
1.255796580000000000e+10,-9.471000000000000796e+01
1.255796600000000000e+10,-9.551000000000000512e+01
1.255796620000000000e+10,-9.581000000000000227e+01
1.255796640000000000e+10,-9.576999999999999602e+01
1.255796660000000000e+10,-9.596000000000000796e+01
1.255796680000000000e+10,-9.568999999999999773e+01
1.255796700000000000e+10,-9.535999999999999943e+01
1.255796720000000000e+10,-9.570000000000000284e+01
1.255796740000000000e+10,-9.590000000000000568e+01
1.255796760000000000e+10,-9.554000000000000625e+01
1.255796780000000000e+10,-9.596999999999999886e+01
1.255796800000000000e+10,-9.493999999999999773e+01
1.255796820000000000e+10,-9.495000000000000284e+01
1.255796840000000000e+10,-9.501000000000000512e+01
1.255796860000000000e+10,-9.484000000000000341e+01
1.255796880000000000e+10,-9.573000000000000398e+01
1.255796900000000000e+10,-9.559000000000000341e+01
1.255796920000000000e+10,-9.537000000000000455e+01
1.255796940000000000e+10,-9.429999999999999716e+01
1.255796960000000000e+10,-9.506000000000000227e+01
1.255796980000000000e+10,-9.473000000000000398e+01
1.255797000000000000e+10,-9.515000000000000568e+01
1.255797020000000000e+10,-9.467000000000000171e+01
1.255797040000000000e+10,-9.496999999999999886e+01
1.255797060000000000e+10,-9.537999999999999545e+01
1.255797080000000000e+10,-9.517000000000000171e+01
1.255797100000000000e+10,-9.490000000000000568e+01
1.255797120000000000e+10,-9.546000000000000796e+01
1.255797140000000000e+10,-9.548999999999999488e+01
1.255797160000000000e+10,-9.593999999999999773e+01
1.255797180000000000e+10,-9.565999999999999659e+01
1.255797200000000000e+10,-9.589000000000000057e+01
1.255797220000000000e+10,-9.450000000000000000e+01
1.255797240000000000e+10,-9.484000000000000341e+01
1.255797260000000000e+10,-9.510000000000000853e+01
1.255797280000000000e+10,-9.423000000000000398e+01
1.255797300000000000e+10,-9.535000000000000853e+01
1.255797320000000000e+10,-9.560000000000000853e+01
1.255797340000000000e+10,-9.529000000000000625e+01
1.255797360000000000e+10,-9.521000000000000796e+01
1.255797380000000000e+10,-9.482000000000000739e+01
1.255797400000000000e+10,-9.573000000000000398e+01
1.255797420000000000e+10,-9.601999999999999602e+01
1.255797440000000000e+10,-9.567000000000000171e+01
1.255797460000000000e+10,-9.571999999999999886e+01
1.255797480000000000e+10,-9.534000000000000341e+01
1.255797500000000000e+10,-9.532000000000000739e+01
1.255797520000000000e+10,-9.567000000000000171e+01
1.255797540000000000e+10,-9.607999999999999829e+01
1.255797560000000000e+10,-9.521999999999999886e+01
1.255797580000000000e+10,-9.476000000000000512e+01
1.255797600000000000e+10,-9.442000000000000171e+01
1.255797620000000000e+10,-9.479999999999999716e+01
1.255797640000000000e+10,-9.485999999999999943e+01
1.255797660000000000e+10,-9.471000000000000796e+01
1.255797680000000000e+10,-9.514000000000000057e+01
1.255797700000000000e+10,-9.478000000000000114e+01
1.255797720000000000e+10,-9.521000000000000796e+01
1.255797740000000000e+10,-9.454999999999999716e+01
1.255797760000000000e+10,-9.435999999999999943e+01
1.255797780000000000e+10,-9.485000000000000853e+01
1.255797800000000000e+10,-9.462000000000000455e+01
1.255797820000000000e+10,-9.468000000000000682e+01
1.255797840000000000e+10,-9.478000000000000114e+01
1.255797860000000000e+10,-9.520000000000000284e+01
1.255797880000000000e+10,-9.498999999999999488e+01
1.255797900000000000e+10,-9.543000000000000682e+01
1.255797920000000000e+10,-9.546999999999999886e+01
1.255797940000000000e+10,-9.542000000000000171e+01
1.255797960000000000e+10,-9.507999999999999829e+01
1.255797980000000000e+10,-9.535000000000000853e+01
1.255798000000000000e+10,-9.482000000000000739e+01
1.255798020000000000e+10,-9.460000000000000853e+01
1.255798040000000000e+10,-9.554000000000000625e+01
1.255798060000000000e+10,-9.528000000000000114e+01
1.255798080000000000e+10,-9.485999999999999943e+01
1.255798100000000000e+10,-9.539000000000000057e+01
1.255798120000000000e+10,-9.525000000000000000e+01
1.255798140000000000e+10,-9.526000000000000512e+01
1.255798160000000000e+10,-9.543999999999999773e+01
1.255798180000000000e+10,-9.517000000000000171e+01
1.255798200000000000e+10,-9.462999999999999545e+01
1.255798220000000000e+10,-9.445000000000000284e+01
1.255798240000000000e+10,-9.396999999999999886e+01
1.255798260000000000e+10,-9.421999999999999886e+01
1.255798280000000000e+10,-9.487999999999999545e+01
1.255798300000000000e+10,-9.521000000000000796e+01
1.255798320000000000e+10,-9.562000000000000455e+01
1.255798340000000000e+10,-9.514000000000000057e+01
1.255798360000000000e+10,-9.492000000000000171e+01
1.255798380000000000e+10,-9.515999999999999659e+01
1.255798400000000000e+10,-9.546999999999999886e+01
1.255798420000000000e+10,-9.457000000000000739e+01
1.255798440000000000e+10,-9.415999999999999659e+01
1.255798460000000000e+10,-9.468999999999999773e+01
1.255798480000000000e+10,-9.528000000000000114e+01
1.255798500000000000e+10,-9.510999999999999943e+01
1.255798520000000000e+10,-9.529000000000000625e+01
1.255798540000000000e+10,-9.576999999999999602e+01
1.255798560000000000e+10,-9.521000000000000796e+01
1.255798580000000000e+10,-9.485000000000000853e+01
1.255798600000000000e+10,-9.503000000000000114e+01
1.255798620000000000e+10,-9.479999999999999716e+01
1.255798640000000000e+10,-9.479000000000000625e+01
1.255798660000000000e+10,-9.518999999999999773e+01
1.255798680000000000e+10,-9.476000000000000512e+01
1.255798700000000000e+10,-9.468000000000000682e+01
1.255798720000000000e+10,-9.426000000000000512e+01
1.255798740000000000e+10,-9.401999999999999602e+01
1.255798760000000000e+10,-9.525000000000000000e+01
1.255798780000000000e+10,-9.567000000000000171e+01
1.255798800000000000e+10,-9.606000000000000227e+01
1.255798820000000000e+10,-9.540000000000000568e+01
1.255798840000000000e+10,-9.415000000000000568e+01
1.255798860000000000e+10,-9.500000000000000000e+01
1.255798880000000000e+10,-9.599000000000000909e+01
1.255798900000000000e+10,-9.584000000000000341e+01
1.255798920000000000e+10,-9.487000000000000455e+01
1.255798940000000000e+10,-9.507999999999999829e+01
1.255798960000000000e+10,-9.571999999999999886e+01
1.255798980000000000e+10,-9.562000000000000455e+01
1.255799000000000000e+10,-9.543999999999999773e+01
1.255799020000000000e+10,-9.501999999999999602e+01
1.255799040000000000e+10,-9.529999999999999716e+01
1.255799060000000000e+10,-9.562999999999999545e+01
1.255799080000000000e+10,-9.498999999999999488e+01
1.255799100000000000e+10,-9.501000000000000512e+01
1.255799120000000000e+10,-9.435000000000000853e+01
1.255799140000000000e+10,-9.454000000000000625e+01
1.255799160000000000e+10,-9.498999999999999488e+01
1.255799180000000000e+10,-9.485999999999999943e+01
1.255799200000000000e+10,-9.476999999999999602e+01
1.255799220000000000e+10,-9.475000000000000000e+01
1.255799240000000000e+10,-9.557999999999999829e+01
1.255799260000000000e+10,-9.537000000000000455e+01
1.255799280000000000e+10,-9.587000000000000455e+01
1.255799300000000000e+10,-9.467000000000000171e+01
1.255799320000000000e+10,-9.426000000000000512e+01
1.255799340000000000e+10,-9.462999999999999545e+01
1.255799360000000000e+10,-9.501000000000000512e+01
1.255799380000000000e+10,-9.507000000000000739e+01
1.255799400000000000e+10,-9.496999999999999886e+01
1.255799420000000000e+10,-9.525000000000000000e+01
1.255799440000000000e+10,-9.531000000000000227e+01
1.255799460000000000e+10,-9.506000000000000227e+01
1.255799480000000000e+10,-9.484000000000000341e+01
1.255799500000000000e+10,-9.612999999999999545e+01
1.255799520000000000e+10,-9.643999999999999773e+01
1.255799540000000000e+10,-9.568000000000000682e+01
1.255799560000000000e+10,-9.342000000000000171e+01
1.255799580000000000e+10,-9.331000000000000227e+01
1.255799600000000000e+10,-9.454999999999999716e+01
1.255799620000000000e+10,-9.396000000000000796e+01
1.255799640000000000e+10,-9.457999999999999829e+01
1.255799660000000000e+10,-9.507999999999999829e+01
1.255799680000000000e+10,-9.557000000000000739e+01
1.255799700000000000e+10,-9.554000000000000625e+01
1.255799720000000000e+10,-9.490000000000000568e+01
1.255799740000000000e+10,-9.446999999999999886e+01
1.255799760000000000e+10,-9.415999999999999659e+01
1.255799780000000000e+10,-9.514000000000000057e+01
1.255799800000000000e+10,-9.498999999999999488e+01
1.255799820000000000e+10,-9.557999999999999829e+01
1.255799840000000000e+10,-9.543999999999999773e+01
1.255799860000000000e+10,-9.512000000000000455e+01
1.255799880000000000e+10,-9.462999999999999545e+01
1.255799900000000000e+10,-9.507000000000000739e+01
1.255799920000000000e+10,-9.560000000000000853e+01
1.255799940000000000e+10,-9.507999999999999829e+01
1.255799960000000000e+10,-9.493999999999999773e+01
1.255799980000000000e+10,-9.490000000000000568e+01
1.255800000000000000e+10,-9.510000000000000853e+01
1.255800020000000000e+10,-9.532000000000000739e+01
1.255800040000000000e+10,-9.485000000000000853e+01
1.255800060000000000e+10,-9.460000000000000853e+01
1.255800080000000000e+10,-9.506000000000000227e+01
1.255800100000000000e+10,-9.557999999999999829e+01
1.255800120000000000e+10,-9.564000000000000057e+01
1.255800140000000000e+10,-9.489000000000000057e+01
1.255800160000000000e+10,-9.490000000000000568e+01
1.255800180000000000e+10,-9.493999999999999773e+01
1.255800200000000000e+10,-9.493999999999999773e+01
1.255800220000000000e+10,-9.481000000000000227e+01
1.255800240000000000e+10,-9.476000000000000512e+01
1.255800260000000000e+10,-9.451000000000000512e+01
1.255800280000000000e+10,-9.476000000000000512e+01
1.255800300000000000e+10,-9.526999999999999602e+01
1.255800320000000000e+10,-9.485000000000000853e+01
1.255800340000000000e+10,-9.442000000000000171e+01
1.255800360000000000e+10,-9.437000000000000455e+01
1.255800380000000000e+10,-9.435000000000000853e+01
1.255800400000000000e+10,-9.398000000000000398e+01
1.255800420000000000e+10,-9.485999999999999943e+01
1.255800440000000000e+10,-9.503000000000000114e+01
1.255800460000000000e+10,-9.490999999999999659e+01
1.255800480000000000e+10,-9.471999999999999886e+01
1.255800500000000000e+10,-9.485999999999999943e+01
1.255800520000000000e+10,-9.532000000000000739e+01
1.255800540000000000e+10,-9.523999999999999488e+01
1.255800560000000000e+10,-9.551999999999999602e+01
1.255800580000000000e+10,-9.525000000000000000e+01
1.255800600000000000e+10,-9.523000000000000398e+01
1.255800620000000000e+10,-9.571999999999999886e+01
1.255800640000000000e+10,-9.507999999999999829e+01
1.255800660000000000e+10,-9.551000000000000512e+01
1.255800680000000000e+10,-9.498999999999999488e+01
1.255800700000000000e+10,-9.471000000000000796e+01
1.255800720000000000e+10,-9.510999999999999943e+01
1.255800740000000000e+10,-9.485000000000000853e+01
1.255800760000000000e+10,-9.443999999999999773e+01
1.255800780000000000e+10,-9.525000000000000000e+01
1.255800800000000000e+10,-9.551999999999999602e+01
1.255800820000000000e+10,-9.525000000000000000e+01
1.255800840000000000e+10,-9.485999999999999943e+01
1.255800860000000000e+10,-9.501999999999999602e+01
1.255800880000000000e+10,-9.450000000000000000e+01
1.255800900000000000e+10,-9.529000000000000625e+01
1.255800920000000000e+10,-9.582999999999999829e+01
1.255800940000000000e+10,-9.456000000000000227e+01
1.255800960000000000e+10,-9.423999999999999488e+01
1.255800980000000000e+10,-9.525000000000000000e+01
1.255801000000000000e+10,-9.526999999999999602e+01
1.255801020000000000e+10,-9.590999999999999659e+01
1.255801040000000000e+10,-9.546999999999999886e+01
1.255801060000000000e+10,-9.507999999999999829e+01
1.255801080000000000e+10,-9.481000000000000227e+01
1.255801100000000000e+10,-9.432999999999999829e+01
1.255801120000000000e+10,-9.343999999999999773e+01
1.255801140000000000e+10,-9.332999999999999829e+01
1.255801160000000000e+10,-9.371999999999999886e+01
1.255801180000000000e+10,-9.453000000000000114e+01
1.255801200000000000e+10,-9.390000000000000568e+01
1.255801220000000000e+10,-9.354999999999999716e+01
1.255801240000000000e+10,-9.490999999999999659e+01
1.255801260000000000e+10,-9.454999999999999716e+01
1.255801280000000000e+10,-9.543000000000000682e+01
1.255801300000000000e+10,-9.482000000000000739e+01
1.255801320000000000e+10,-9.517000000000000171e+01
1.255801340000000000e+10,-9.467000000000000171e+01
1.255801360000000000e+10,-9.435000000000000853e+01
1.255801380000000000e+10,-9.526000000000000512e+01
1.255801400000000000e+10,-9.521000000000000796e+01
1.255801420000000000e+10,-9.495000000000000284e+01
1.255801440000000000e+10,-9.476000000000000512e+01
1.255801460000000000e+10,-9.460999999999999943e+01
1.255801480000000000e+10,-9.526000000000000512e+01
1.255801500000000000e+10,-9.525000000000000000e+01
1.255801520000000000e+10,-9.500000000000000000e+01
1.255801540000000000e+10,-9.498999999999999488e+01
1.255801560000000000e+10,-9.517000000000000171e+01
1.255801580000000000e+10,-9.446999999999999886e+01
1.255801600000000000e+10,-9.554999999999999716e+01
1.255801620000000000e+10,-9.551000000000000512e+01
1.255801640000000000e+10,-9.518999999999999773e+01
1.255801660000000000e+10,-9.582000000000000739e+01
1.255801680000000000e+10,-9.518000000000000682e+01
1.255801700000000000e+10,-9.526000000000000512e+01
1.255801720000000000e+10,-9.514000000000000057e+01
1.255801740000000000e+10,-9.393999999999999773e+01
1.255801760000000000e+10,-9.448999999999999488e+01
1.255801780000000000e+10,-9.490999999999999659e+01
1.255801800000000000e+10,-9.565000000000000568e+01
1.255801820000000000e+10,-9.401999999999999602e+01
1.255801840000000000e+10,-9.420000000000000284e+01
1.255801860000000000e+10,-9.365000000000000568e+01
1.255801880000000000e+10,-9.407000000000000739e+01
1.255801900000000000e+10,-9.510999999999999943e+01
1.255801920000000000e+10,-9.551000000000000512e+01
1.255801940000000000e+10,-9.528000000000000114e+01
1.255801960000000000e+10,-9.379999999999999716e+01
1.255801980000000000e+10,-9.407999999999999829e+01
1.255802000000000000e+10,-9.500000000000000000e+01
1.255802020000000000e+10,-9.590000000000000568e+01
1.255802040000000000e+10,-9.551000000000000512e+01
1.255802060000000000e+10,-9.482000000000000739e+01
1.255802080000000000e+10,-9.440000000000000568e+01
1.255802100000000000e+10,-9.482999999999999829e+01
1.255802120000000000e+10,-9.546999999999999886e+01
1.255802140000000000e+10,-9.560999999999999943e+01
1.255802160000000000e+10,-9.570000000000000284e+01
1.255802180000000000e+10,-9.565999999999999659e+01
1.255802200000000000e+10,-9.587000000000000455e+01
1.255802220000000000e+10,-9.478000000000000114e+01
1.255802240000000000e+10,-9.451000000000000512e+01
1.255802260000000000e+10,-9.534000000000000341e+01
1.255802280000000000e+10,-9.526000000000000512e+01
1.255802300000000000e+10,-9.568999999999999773e+01
1.255802320000000000e+10,-9.512999999999999545e+01
1.255802340000000000e+10,-9.450000000000000000e+01
1.255802360000000000e+10,-9.410000000000000853e+01
1.255802380000000000e+10,-9.498999999999999488e+01
1.255802400000000000e+10,-9.479000000000000625e+01
1.255802420000000000e+10,-9.440999999999999659e+01
1.255802440000000000e+10,-9.487999999999999545e+01
1.255802460000000000e+10,-9.501000000000000512e+01
1.255802480000000000e+10,-9.517000000000000171e+01
1.255802500000000000e+10,-9.559000000000000341e+01
1.255802520000000000e+10,-9.573000000000000398e+01
1.255802540000000000e+10,-9.573000000000000398e+01
1.255802560000000000e+10,-9.565999999999999659e+01
1.255802580000000000e+10,-9.587999999999999545e+01
1.255802600000000000e+10,-9.517000000000000171e+01
1.255802620000000000e+10,-9.507999999999999829e+01
1.255802640000000000e+10,-9.498999999999999488e+01
1.255802660000000000e+10,-9.471999999999999886e+01
1.255802680000000000e+10,-9.485999999999999943e+01
1.255802700000000000e+10,-9.440000000000000568e+01
1.255802720000000000e+10,-9.512000000000000455e+01
1.255802740000000000e+10,-9.490000000000000568e+01
1.255802760000000000e+10,-9.535000000000000853e+01
1.255802780000000000e+10,-9.540000000000000568e+01
1.255802800000000000e+10,-9.503000000000000114e+01
1.255802820000000000e+10,-9.448999999999999488e+01
1.255802840000000000e+10,-9.439000000000000057e+01
1.255802860000000000e+10,-9.471999999999999886e+01
1.255802880000000000e+10,-9.510999999999999943e+01
1.255802900000000000e+10,-9.578000000000000114e+01
1.255802920000000000e+10,-9.573000000000000398e+01
1.255802940000000000e+10,-9.548999999999999488e+01
1.255802960000000000e+10,-9.525000000000000000e+01
1.255802980000000000e+10,-9.507999999999999829e+01
1.255803000000000000e+10,-9.507999999999999829e+01
1.255803020000000000e+10,-9.468999999999999773e+01
1.255803040000000000e+10,-9.551999999999999602e+01
1.255803060000000000e+10,-9.529000000000000625e+01
1.255803080000000000e+10,-9.512000000000000455e+01
1.255803100000000000e+10,-9.475000000000000000e+01
1.255803120000000000e+10,-9.490000000000000568e+01
1.255803140000000000e+10,-9.485999999999999943e+01
1.255803160000000000e+10,-9.475000000000000000e+01
1.255803180000000000e+10,-9.507999999999999829e+01
1.255803200000000000e+10,-9.481000000000000227e+01
1.255803220000000000e+10,-9.517000000000000171e+01
1.255803240000000000e+10,-9.493999999999999773e+01
1.255803260000000000e+10,-9.543999999999999773e+01
1.255803280000000000e+10,-9.578000000000000114e+01
1.255803300000000000e+10,-9.534000000000000341e+01
1.255803320000000000e+10,-9.526000000000000512e+01
1.255803340000000000e+10,-9.521000000000000796e+01
1.255803360000000000e+10,-9.501000000000000512e+01
1.255803380000000000e+10,-9.520000000000000284e+01
1.255803400000000000e+10,-9.504999999999999716e+01
1.255803420000000000e+10,-9.584000000000000341e+01
1.255803440000000000e+10,-9.581000000000000227e+01
1.255803460000000000e+10,-9.593000000000000682e+01
1.255803480000000000e+10,-9.498999999999999488e+01
1.255803500000000000e+10,-9.345000000000000284e+01
1.255803520000000000e+10,-9.387999999999999545e+01
1.255803540000000000e+10,-9.404999999999999716e+01
1.255803560000000000e+10,-9.381000000000000227e+01
1.255803580000000000e+10,-9.456000000000000227e+01
1.255803600000000000e+10,-9.512000000000000455e+01
1.255803620000000000e+10,-9.507999999999999829e+01
1.255803640000000000e+10,-9.490000000000000568e+01
1.255803660000000000e+10,-9.476000000000000512e+01
1.255803680000000000e+10,-9.560999999999999943e+01
1.255803700000000000e+10,-9.543000000000000682e+01
1.255803720000000000e+10,-9.565000000000000568e+01
1.255803740000000000e+10,-9.493000000000000682e+01
1.255803760000000000e+10,-9.456000000000000227e+01
1.255803780000000000e+10,-9.475000000000000000e+01
1.255803800000000000e+10,-9.446000000000000796e+01
1.255803820000000000e+10,-9.454000000000000625e+01
1.255803840000000000e+10,-9.450000000000000000e+01
1.255803860000000000e+10,-9.459000000000000341e+01
1.255803880000000000e+10,-9.401999999999999602e+01
1.255803900000000000e+10,-9.512999999999999545e+01
1.255803920000000000e+10,-9.523000000000000398e+01
1.255803940000000000e+10,-9.560000000000000853e+01
1.255803960000000000e+10,-9.603000000000000114e+01
1.255803980000000000e+10,-9.523000000000000398e+01
1.255804000000000000e+10,-9.531000000000000227e+01
1.255804020000000000e+10,-9.546999999999999886e+01
1.255804040000000000e+10,-9.626000000000000512e+01
1.255804060000000000e+10,-9.609000000000000341e+01
1.255804080000000000e+10,-9.539000000000000057e+01
1.255804100000000000e+10,-9.493000000000000682e+01
1.255804120000000000e+10,-9.553000000000000114e+01
1.255804140000000000e+10,-9.503000000000000114e+01
1.255804160000000000e+10,-9.418999999999999773e+01
1.255804180000000000e+10,-9.407999999999999829e+01
1.255804200000000000e+10,-9.482000000000000739e+01
1.255804220000000000e+10,-9.454999999999999716e+01
1.255804240000000000e+10,-9.468999999999999773e+01
1.255804260000000000e+10,-9.507000000000000739e+01
1.255804280000000000e+10,-9.496999999999999886e+01
1.255804300000000000e+10,-9.565000000000000568e+01
1.255804320000000000e+10,-9.590999999999999659e+01
1.255804340000000000e+10,-9.562000000000000455e+01
1.255804360000000000e+10,-9.526000000000000512e+01
1.255804380000000000e+10,-9.571999999999999886e+01
1.255804400000000000e+10,-9.510999999999999943e+01
1.255804420000000000e+10,-9.507999999999999829e+01
1.255804440000000000e+10,-9.546999999999999886e+01
1.255804460000000000e+10,-9.554000000000000625e+01
1.255804480000000000e+10,-9.537000000000000455e+01
1.255804500000000000e+10,-9.521000000000000796e+01
1.255804520000000000e+10,-9.457999999999999829e+01
1.255804540000000000e+10,-9.542000000000000171e+01
1.255804560000000000e+10,-9.510999999999999943e+01
1.255804580000000000e+10,-9.590000000000000568e+01
1.255804600000000000e+10,-9.576999999999999602e+01
1.255804620000000000e+10,-9.495000000000000284e+01
1.255804640000000000e+10,-9.526999999999999602e+01
1.255804660000000000e+10,-9.531000000000000227e+01
1.255804680000000000e+10,-9.471999999999999886e+01
1.255804700000000000e+10,-9.457999999999999829e+01
1.255804720000000000e+10,-9.467000000000000171e+01
1.255804740000000000e+10,-9.498999999999999488e+01
1.255804760000000000e+10,-9.512000000000000455e+01
1.255804780000000000e+10,-9.471999999999999886e+01
1.255804800000000000e+10,-9.504999999999999716e+01
1.255804820000000000e+10,-9.454000000000000625e+01
1.255804840000000000e+10,-9.460000000000000853e+01
1.255804860000000000e+10,-9.485000000000000853e+01
1.255804880000000000e+10,-9.396000000000000796e+01
1.255804900000000000e+10,-9.490000000000000568e+01
1.255804920000000000e+10,-9.446999999999999886e+01
1.255804940000000000e+10,-9.437000000000000455e+01
1.255804960000000000e+10,-9.490999999999999659e+01
1.255804980000000000e+10,-9.478000000000000114e+01
1.255805000000000000e+10,-9.434000000000000341e+01
1.448995000000000000e+10,-9.937000000000000455e+01
1.448995020000000000e+10,-9.749000000000000909e+01
1.448995040000000000e+10,-9.659000000000000341e+01
1.448995060000000000e+10,-9.814000000000000057e+01
1.448995080000000000e+10,-9.867000000000000171e+01
1.448995100000000000e+10,-9.804000000000000625e+01
1.448995120000000000e+10,-9.735999999999999943e+01
1.448995140000000000e+10,-9.734000000000000341e+01
1.448995160000000000e+10,-9.785999999999999943e+01
1.448995180000000000e+10,-9.846999999999999886e+01
1.448995200000000000e+10,-9.821999999999999886e+01
1.448995220000000000e+10,-9.771999999999999886e+01
1.448995240000000000e+10,-9.751999999999999602e+01
1.448995260000000000e+10,-9.718000000000000682e+01
1.448995280000000000e+10,-9.695000000000000284e+01
1.448995300000000000e+10,-9.773000000000000398e+01
1.448995320000000000e+10,-9.810000000000000853e+01
1.448995340000000000e+10,-9.831000000000000227e+01
1.448995360000000000e+10,-9.871000000000000796e+01
1.448995380000000000e+10,-9.804999999999999716e+01
1.448995400000000000e+10,-9.832999999999999829e+01
1.448995420000000000e+10,-9.812999999999999545e+01
1.448995440000000000e+10,-9.817000000000000171e+01
1.448995460000000000e+10,-9.779999999999999716e+01
1.448995480000000000e+10,-9.792000000000000171e+01
1.448995500000000000e+10,-9.812999999999999545e+01
1.448995520000000000e+10,-9.795000000000000284e+01
1.448995540000000000e+10,-9.835999999999999943e+01
1.448995560000000000e+10,-9.871999999999999886e+01
1.448995580000000000e+10,-9.810000000000000853e+01
1.448995600000000000e+10,-9.787999999999999545e+01
1.448995620000000000e+10,-9.845000000000000284e+01
1.448995640000000000e+10,-9.834000000000000341e+01
1.448995660000000000e+10,-9.807999999999999829e+01
1.448995680000000000e+10,-9.890000000000000568e+01
1.448995700000000000e+10,-9.887999999999999545e+01
1.448995720000000000e+10,-9.754000000000000625e+01
1.448995740000000000e+10,-9.742000000000000171e+01
1.448995760000000000e+10,-9.734000000000000341e+01
1.448995780000000000e+10,-9.798000000000000398e+01
1.448995800000000000e+10,-9.854000000000000625e+01
1.448995820000000000e+10,-9.889000000000000057e+01
1.448995840000000000e+10,-9.882999999999999829e+01
1.448995860000000000e+10,-9.726000000000000512e+01
1.448995880000000000e+10,-9.650000000000000000e+01
1.448995900000000000e+10,-9.699000000000000909e+01
1.448995920000000000e+10,-9.690999999999999659e+01
1.448995940000000000e+10,-9.710999999999999943e+01
1.448995960000000000e+10,-9.740000000000000568e+01
1.448995980000000000e+10,-9.814000000000000057e+01
1.448996000000000000e+10,-9.796999999999999886e+01
1.448996020000000000e+10,-9.757000000000000739e+01
1.448996040000000000e+10,-9.776999999999999602e+01
1.448996060000000000e+10,-9.834000000000000341e+01
1.448996080000000000e+10,-9.832999999999999829e+01
1.448996100000000000e+10,-9.757000000000000739e+01
1.448996120000000000e+10,-9.740000000000000568e+01
1.448996140000000000e+10,-9.785999999999999943e+01
1.448996160000000000e+10,-9.882999999999999829e+01
1.448996180000000000e+10,-9.895000000000000284e+01
1.448996200000000000e+10,-9.865000000000000568e+01
1.448996220000000000e+10,-9.851999999999999602e+01
1.448996240000000000e+10,-9.839000000000000057e+01
1.448996260000000000e+10,-9.820000000000000284e+01
1.448996280000000000e+10,-9.790000000000000568e+01
1.448996300000000000e+10,-9.832999999999999829e+01
1.448996320000000000e+10,-9.824000000000000909e+01
1.448996340000000000e+10,-9.804000000000000625e+01
1.448996360000000000e+10,-9.770000000000000284e+01
1.448996380000000000e+10,-9.814000000000000057e+01
1.448996400000000000e+10,-9.764000000000000057e+01
1.448996420000000000e+10,-9.803000000000000114e+01
1.448996440000000000e+10,-9.921999999999999886e+01
1.448996460000000000e+10,-9.850000000000000000e+01
1.448996480000000000e+10,-9.760000000000000853e+01
1.448996500000000000e+10,-9.721000000000000796e+01
1.448996520000000000e+10,-9.810999999999999943e+01
1.448996540000000000e+10,-9.871999999999999886e+01
1.448996560000000000e+10,-9.803000000000000114e+01
1.448996580000000000e+10,-9.790999999999999659e+01
1.448996600000000000e+10,-9.864000000000000057e+01
1.448996620000000000e+10,-9.840000000000000568e+01
1.448996640000000000e+10,-9.742000000000000171e+01
1.448996660000000000e+10,-9.776999999999999602e+01
1.448996680000000000e+10,-9.845000000000000284e+01
1.448996700000000000e+10,-9.771999999999999886e+01
1.448996720000000000e+10,-9.731000000000000227e+01
1.448996740000000000e+10,-9.843000000000000682e+01
1.448996760000000000e+10,-9.871999999999999886e+01
1.448996780000000000e+10,-9.818999999999999773e+01
1.448996800000000000e+10,-9.839000000000000057e+01
1.448996820000000000e+10,-9.857000000000000739e+01
1.448996840000000000e+10,-9.840000000000000568e+01
1.448996860000000000e+10,-9.828000000000000114e+01
1.448996880000000000e+10,-9.823000000000000398e+01
1.448996900000000000e+10,-9.799000000000000909e+01
1.448996920000000000e+10,-9.826000000000000512e+01
1.448996940000000000e+10,-9.726999999999999602e+01
1.448996960000000000e+10,-9.721999999999999886e+01
1.448996980000000000e+10,-9.785999999999999943e+01
1.448997000000000000e+10,-9.818999999999999773e+01
1.448997020000000000e+10,-9.759000000000000341e+01
1.448997040000000000e+10,-9.726999999999999602e+01
1.448997060000000000e+10,-9.779000000000000625e+01
1.448997080000000000e+10,-9.781000000000000227e+01
1.448997100000000000e+10,-9.804000000000000625e+01
1.448997120000000000e+10,-9.829999999999999716e+01
1.448997140000000000e+10,-9.879000000000000625e+01
1.448997160000000000e+10,-9.907000000000000739e+01
1.448997180000000000e+10,-9.785999999999999943e+01
1.448997200000000000e+10,-9.782999999999999829e+01
1.448997220000000000e+10,-9.781000000000000227e+01
1.448997240000000000e+10,-9.776000000000000512e+01
1.448997260000000000e+10,-9.804999999999999716e+01
1.448997280000000000e+10,-9.723000000000000398e+01
1.448997300000000000e+10,-9.796000000000000796e+01
1.448997320000000000e+10,-9.821999999999999886e+01
1.448997340000000000e+10,-9.793000000000000682e+01
1.448997360000000000e+10,-9.739000000000000057e+01
1.448997380000000000e+10,-9.771999999999999886e+01
1.448997400000000000e+10,-9.882000000000000739e+01
1.448997420000000000e+10,-9.776000000000000512e+01
1.448997440000000000e+10,-9.657000000000000739e+01
1.448997460000000000e+10,-9.782000000000000739e+01
1.448997480000000000e+10,-9.782999999999999829e+01
1.448997500000000000e+10,-9.779999999999999716e+01
1.448997520000000000e+10,-9.742000000000000171e+01
1.448997540000000000e+10,-9.681000000000000227e+01
1.448997560000000000e+10,-9.673000000000000398e+01
1.448997580000000000e+10,-9.771999999999999886e+01
1.448997600000000000e+10,-9.832999999999999829e+01
1.448997620000000000e+10,-9.867000000000000171e+01
1.448997640000000000e+10,-9.837999999999999545e+01
1.448997660000000000e+10,-9.860000000000000853e+01
1.448997680000000000e+10,-9.826999999999999602e+01
1.448997700000000000e+10,-9.825000000000000000e+01
1.448997720000000000e+10,-9.785000000000000853e+01
1.448997740000000000e+10,-9.839000000000000057e+01
1.448997760000000000e+10,-9.851999999999999602e+01
1.448997780000000000e+10,-9.753000000000000114e+01
1.448997800000000000e+10,-9.748000000000000398e+01
1.448997820000000000e+10,-9.893000000000000682e+01
1.448997840000000000e+10,-9.825000000000000000e+01
1.448997860000000000e+10,-9.804000000000000625e+01
1.448997880000000000e+10,-9.726999999999999602e+01
1.448997900000000000e+10,-9.812999999999999545e+01
1.448997920000000000e+10,-9.885000000000000853e+01
1.448997940000000000e+10,-9.889000000000000057e+01
1.448997960000000000e+10,-9.881000000000000227e+01
1.448997980000000000e+10,-9.876000000000000512e+01
1.448998000000000000e+10,-9.781000000000000227e+01
1.448998020000000000e+10,-9.757999999999999829e+01
1.448998040000000000e+10,-9.721000000000000796e+01
1.448998060000000000e+10,-9.796999999999999886e+01
1.448998080000000000e+10,-9.724000000000000909e+01
1.448998100000000000e+10,-9.789000000000000057e+01
1.448998120000000000e+10,-9.776000000000000512e+01
1.448998140000000000e+10,-9.750000000000000000e+01
1.448998160000000000e+10,-9.796000000000000796e+01
1.448998180000000000e+10,-9.806000000000000227e+01
1.448998200000000000e+10,-9.776999999999999602e+01
1.448998220000000000e+10,-9.768000000000000682e+01
1.448998240000000000e+10,-9.799000000000000909e+01
1.448998260000000000e+10,-9.799000000000000909e+01
1.448998280000000000e+10,-9.737000000000000455e+01
1.448998300000000000e+10,-9.748000000000000398e+01
1.448998320000000000e+10,-9.707000000000000739e+01
1.448998340000000000e+10,-9.754999999999999716e+01
1.448998360000000000e+10,-9.754000000000000625e+01
1.448998380000000000e+10,-9.776999999999999602e+01
1.448998400000000000e+10,-9.810000000000000853e+01
1.448998420000000000e+10,-9.835999999999999943e+01
1.448998440000000000e+10,-9.868999999999999773e+01
1.448998460000000000e+10,-9.907000000000000739e+01
1.448998480000000000e+10,-9.896000000000000796e+01
1.448998500000000000e+10,-9.853000000000000114e+01
1.448998520000000000e+10,-9.768999999999999773e+01
1.448998540000000000e+10,-9.760999999999999943e+01
1.448998560000000000e+10,-9.809000000000000341e+01
1.448998580000000000e+10,-9.781000000000000227e+01
1.448998600000000000e+10,-9.760999999999999943e+01
1.448998620000000000e+10,-9.764000000000000057e+01
1.448998640000000000e+10,-9.829000000000000625e+01
1.448998660000000000e+10,-9.821999999999999886e+01
1.448998680000000000e+10,-9.806000000000000227e+01
1.448998700000000000e+10,-9.912999999999999545e+01
1.448998720000000000e+10,-9.832999999999999829e+01
1.448998740000000000e+10,-9.767000000000000171e+01
1.448998760000000000e+10,-9.734000000000000341e+01
1.448998780000000000e+10,-9.735999999999999943e+01
1.448998800000000000e+10,-9.717000000000000171e+01
1.448998820000000000e+10,-9.687000000000000455e+01
1.448998840000000000e+10,-9.712999999999999545e+01
1.448998860000000000e+10,-9.810999999999999943e+01
1.448998880000000000e+10,-9.854999999999999716e+01
1.448998900000000000e+10,-9.799000000000000909e+01
1.448998920000000000e+10,-9.860000000000000853e+01
1.448998940000000000e+10,-9.857999999999999829e+01
1.448998960000000000e+10,-9.846999999999999886e+01
1.448998980000000000e+10,-9.807000000000000739e+01
1.448999000000000000e+10,-9.776999999999999602e+01
1.448999020000000000e+10,-9.743000000000000682e+01
1.448999040000000000e+10,-9.721000000000000796e+01
1.448999060000000000e+10,-9.712999999999999545e+01
1.448999080000000000e+10,-9.757000000000000739e+01
1.448999100000000000e+10,-9.800000000000000000e+01
1.448999120000000000e+10,-9.762000000000000455e+01
1.448999140000000000e+10,-9.817000000000000171e+01
1.448999160000000000e+10,-9.837000000000000455e+01
1.448999180000000000e+10,-9.725000000000000000e+01
1.448999200000000000e+10,-9.754000000000000625e+01
1.448999220000000000e+10,-9.798000000000000398e+01
1.448999240000000000e+10,-9.782999999999999829e+01
1.448999260000000000e+10,-9.762000000000000455e+01
1.448999280000000000e+10,-9.654999999999999716e+01
1.448999300000000000e+10,-9.657999999999999829e+01
1.448999320000000000e+10,-9.781000000000000227e+01
1.448999340000000000e+10,-9.851000000000000512e+01
1.448999360000000000e+10,-9.762999999999999545e+01
1.448999380000000000e+10,-9.835000000000000853e+01
1.448999400000000000e+10,-9.851999999999999602e+01
1.448999420000000000e+10,-9.778000000000000114e+01
1.448999440000000000e+10,-9.799000000000000909e+01
1.448999460000000000e+10,-9.768999999999999773e+01
1.448999480000000000e+10,-9.759000000000000341e+01
1.448999500000000000e+10,-9.799000000000000909e+01
1.448999520000000000e+10,-9.815999999999999659e+01
1.448999540000000000e+10,-9.795000000000000284e+01
1.448999560000000000e+10,-9.785000000000000853e+01
1.448999580000000000e+10,-9.818000000000000682e+01
1.448999600000000000e+10,-9.807999999999999829e+01
1.448999620000000000e+10,-9.881000000000000227e+01
1.448999640000000000e+10,-9.901999999999999602e+01
1.448999660000000000e+10,-9.849000000000000909e+01
1.448999680000000000e+10,-9.785999999999999943e+01
1.448999700000000000e+10,-9.871999999999999886e+01
1.448999720000000000e+10,-9.800000000000000000e+01
1.448999740000000000e+10,-9.773000000000000398e+01
1.448999760000000000e+10,-9.690999999999999659e+01
1.448999780000000000e+10,-9.746999999999999886e+01
1.448999800000000000e+10,-9.768000000000000682e+01
1.448999820000000000e+10,-9.807999999999999829e+01
1.448999840000000000e+10,-9.895000000000000284e+01
1.448999860000000000e+10,-9.851000000000000512e+01
1.448999880000000000e+10,-9.826999999999999602e+01
1.448999900000000000e+10,-9.795000000000000284e+01
1.448999920000000000e+10,-9.868000000000000682e+01
1.448999940000000000e+10,-9.862999999999999545e+01
1.448999960000000000e+10,-9.890000000000000568e+01
1.448999980000000000e+10,-9.829000000000000625e+01
1.449000000000000000e+10,-9.793999999999999773e+01
1.449000020000000000e+10,-9.851999999999999602e+01
1.449000040000000000e+10,-9.832000000000000739e+01
1.449000060000000000e+10,-9.793999999999999773e+01
1.449000080000000000e+10,-9.787000000000000455e+01
1.449000100000000000e+10,-9.748000000000000398e+01
1.449000120000000000e+10,-9.854000000000000625e+01
1.449000140000000000e+10,-9.856000000000000227e+01
1.449000160000000000e+10,-9.817000000000000171e+01
1.449000180000000000e+10,-9.749000000000000909e+01
1.449000200000000000e+10,-9.768999999999999773e+01
1.449000220000000000e+10,-9.812999999999999545e+01
1.449000240000000000e+10,-9.835999999999999943e+01
1.449000260000000000e+10,-9.918000000000000682e+01
1.449000280000000000e+10,-9.846000000000000796e+01
1.449000300000000000e+10,-9.726999999999999602e+01
1.449000320000000000e+10,-9.796999999999999886e+01
1.449000340000000000e+10,-9.821999999999999886e+01
1.449000360000000000e+10,-9.818999999999999773e+01
1.449000380000000000e+10,-9.845000000000000284e+01
1.449000400000000000e+10,-9.845000000000000284e+01
1.449000420000000000e+10,-9.829000000000000625e+01
1.449000440000000000e+10,-9.824000000000000909e+01
1.449000460000000000e+10,-9.820000000000000284e+01
1.449000480000000000e+10,-9.820000000000000284e+01
1.449000500000000000e+10,-9.823000000000000398e+01
1.449000520000000000e+10,-9.868000000000000682e+01
1.449000540000000000e+10,-9.843000000000000682e+01
1.449000560000000000e+10,-9.815000000000000568e+01
1.449000580000000000e+10,-9.790000000000000568e+01
1.449000600000000000e+10,-9.757999999999999829e+01
1.449000620000000000e+10,-9.785999999999999943e+01
1.449000640000000000e+10,-9.842000000000000171e+01
1.449000660000000000e+10,-9.862999999999999545e+01
1.449000680000000000e+10,-9.885999999999999943e+01
1.449000700000000000e+10,-9.885000000000000853e+01
1.449000720000000000e+10,-9.843000000000000682e+01
1.449000740000000000e+10,-9.754000000000000625e+01
1.449000760000000000e+10,-9.709000000000000341e+01
1.449000780000000000e+10,-9.800000000000000000e+01
1.449000800000000000e+10,-9.840000000000000568e+01
1.449000820000000000e+10,-9.845000000000000284e+01
1.449000840000000000e+10,-9.776000000000000512e+01
1.449000860000000000e+10,-9.793999999999999773e+01
1.449000880000000000e+10,-9.814000000000000057e+01
1.449000900000000000e+10,-9.779999999999999716e+01
1.449000920000000000e+10,-9.804000000000000625e+01
1.449000940000000000e+10,-9.821999999999999886e+01
1.449000960000000000e+10,-9.834000000000000341e+01
1.449000980000000000e+10,-9.798000000000000398e+01
1.449001000000000000e+10,-9.845000000000000284e+01
1.449001020000000000e+10,-9.867000000000000171e+01
1.449001040000000000e+10,-9.771000000000000796e+01
1.449001060000000000e+10,-9.740000000000000568e+01
1.449001080000000000e+10,-9.829999999999999716e+01
1.449001100000000000e+10,-9.825000000000000000e+01
1.449001120000000000e+10,-9.842000000000000171e+01
1.449001140000000000e+10,-9.876999999999999602e+01
1.449001160000000000e+10,-9.757000000000000739e+01
1.449001180000000000e+10,-9.787000000000000455e+01
1.449001200000000000e+10,-9.815999999999999659e+01
1.449001220000000000e+10,-9.781000000000000227e+01
1.449001240000000000e+10,-9.821999999999999886e+01
1.449001260000000000e+10,-9.759000000000000341e+01
1.449001280000000000e+10,-9.740000000000000568e+01
1.449001300000000000e+10,-9.740000000000000568e+01
1.449001320000000000e+10,-9.762000000000000455e+01
1.449001340000000000e+10,-9.787000000000000455e+01
1.449001360000000000e+10,-9.810999999999999943e+01
1.449001380000000000e+10,-9.834000000000000341e+01
1.449001400000000000e+10,-9.856000000000000227e+01
1.449001420000000000e+10,-9.862999999999999545e+01
1.449001440000000000e+10,-9.823000000000000398e+01
1.449001460000000000e+10,-9.850000000000000000e+01
1.449001480000000000e+10,-9.771999999999999886e+01
1.449001500000000000e+10,-9.685999999999999943e+01
1.449001520000000000e+10,-9.664000000000000057e+01
1.449001540000000000e+10,-9.646999999999999886e+01
1.449001560000000000e+10,-9.754000000000000625e+01
1.449001580000000000e+10,-9.715999999999999659e+01
1.449001600000000000e+10,-9.829999999999999716e+01
1.449001620000000000e+10,-9.829000000000000625e+01
1.449001640000000000e+10,-9.824000000000000909e+01
1.449001660000000000e+10,-9.774000000000000909e+01
1.449001680000000000e+10,-9.807000000000000739e+01
1.449001700000000000e+10,-9.765000000000000568e+01
1.449001720000000000e+10,-9.818999999999999773e+01
1.449001740000000000e+10,-9.799000000000000909e+01
1.449001760000000000e+10,-9.785999999999999943e+01
1.449001780000000000e+10,-9.746000000000000796e+01
1.449001800000000000e+10,-9.735999999999999943e+01
1.449001820000000000e+10,-9.731000000000000227e+01
1.449001840000000000e+10,-9.746000000000000796e+01
1.449001860000000000e+10,-9.793000000000000682e+01
1.449001880000000000e+10,-9.749000000000000909e+01
1.449001900000000000e+10,-9.723000000000000398e+01
1.449001920000000000e+10,-9.826999999999999602e+01
1.449001940000000000e+10,-9.787000000000000455e+01
1.449001960000000000e+10,-9.748000000000000398e+01
1.449001980000000000e+10,-9.750000000000000000e+01
1.449002000000000000e+10,-9.740000000000000568e+01
1.449002020000000000e+10,-9.807999999999999829e+01
1.449002040000000000e+10,-9.857000000000000739e+01
1.449002060000000000e+10,-9.793999999999999773e+01
1.449002080000000000e+10,-9.754999999999999716e+01
1.449002100000000000e+10,-9.779999999999999716e+01
1.449002120000000000e+10,-9.771999999999999886e+01
1.449002140000000000e+10,-9.748000000000000398e+01
1.449002160000000000e+10,-9.745000000000000284e+01
1.449002180000000000e+10,-9.729000000000000625e+01
1.449002200000000000e+10,-9.790000000000000568e+01
1.449002220000000000e+10,-9.773000000000000398e+01
1.449002240000000000e+10,-9.835999999999999943e+01
1.449002260000000000e+10,-9.818000000000000682e+01
1.449002280000000000e+10,-9.779999999999999716e+01
1.449002300000000000e+10,-9.762000000000000455e+01
1.449002320000000000e+10,-9.746999999999999886e+01
1.449002340000000000e+10,-9.710000000000000853e+01
1.449002360000000000e+10,-9.767000000000000171e+01
1.449002380000000000e+10,-9.817000000000000171e+01
1.449002400000000000e+10,-9.771000000000000796e+01
1.449002420000000000e+10,-9.732000000000000739e+01
1.449002440000000000e+10,-9.737999999999999545e+01
1.449002460000000000e+10,-9.799000000000000909e+01
1.449002480000000000e+10,-9.771999999999999886e+01
1.449002500000000000e+10,-9.737000000000000455e+01
1.449002520000000000e+10,-9.682999999999999829e+01
1.449002540000000000e+10,-9.740999999999999659e+01
1.449002560000000000e+10,-9.754999999999999716e+01
1.449002580000000000e+10,-9.720000000000000284e+01
1.449002600000000000e+10,-9.748000000000000398e+01
1.449002620000000000e+10,-9.749000000000000909e+01
1.449002640000000000e+10,-9.754000000000000625e+01
1.449002660000000000e+10,-9.840000000000000568e+01
1.449002680000000000e+10,-9.818000000000000682e+01
1.449002700000000000e+10,-9.787000000000000455e+01
1.449002720000000000e+10,-9.776999999999999602e+01
1.449002740000000000e+10,-9.759000000000000341e+01
1.449002760000000000e+10,-9.778000000000000114e+01
1.449002780000000000e+10,-9.803000000000000114e+01
1.449002800000000000e+10,-9.803000000000000114e+01
1.449002820000000000e+10,-9.789000000000000057e+01
1.449002840000000000e+10,-9.790000000000000568e+01
1.449002860000000000e+10,-9.859000000000000341e+01
1.449002880000000000e+10,-9.781000000000000227e+01
1.449002900000000000e+10,-9.750000000000000000e+01
1.449002920000000000e+10,-9.795000000000000284e+01
1.449002940000000000e+10,-9.865000000000000568e+01
1.449002960000000000e+10,-9.856000000000000227e+01
1.449002980000000000e+10,-9.785000000000000853e+01
1.449003000000000000e+10,-9.803000000000000114e+01
1.449003020000000000e+10,-9.865000000000000568e+01
1.449003040000000000e+10,-9.784000000000000341e+01
1.449003060000000000e+10,-9.731000000000000227e+01
1.449003080000000000e+10,-9.712999999999999545e+01
1.449003100000000000e+10,-9.803000000000000114e+01
1.449003120000000000e+10,-9.851999999999999602e+01
1.449003140000000000e+10,-9.795000000000000284e+01
1.449003160000000000e+10,-9.754000000000000625e+01
1.449003180000000000e+10,-9.790999999999999659e+01
1.449003200000000000e+10,-9.801000000000000512e+01
1.449003220000000000e+10,-9.746999999999999886e+01
1.449003240000000000e+10,-9.746999999999999886e+01
1.449003260000000000e+10,-9.671000000000000796e+01
1.449003280000000000e+10,-9.650000000000000000e+01
1.449003300000000000e+10,-9.751999999999999602e+01
1.449003320000000000e+10,-9.826999999999999602e+01
1.449003340000000000e+10,-9.796000000000000796e+01
1.449003360000000000e+10,-9.846000000000000796e+01
1.449003380000000000e+10,-9.781000000000000227e+01
1.449003400000000000e+10,-9.690000000000000568e+01
1.449003420000000000e+10,-9.685999999999999943e+01
1.449003440000000000e+10,-9.771999999999999886e+01
1.449003460000000000e+10,-9.768000000000000682e+01
1.449003480000000000e+10,-9.760999999999999943e+01
1.449003500000000000e+10,-9.760000000000000853e+01
1.449003520000000000e+10,-9.799000000000000909e+01
1.449003540000000000e+10,-9.890999999999999659e+01
1.449003560000000000e+10,-9.790999999999999659e+01
1.449003580000000000e+10,-9.715000000000000568e+01
1.449003600000000000e+10,-9.684000000000000341e+01
1.449003620000000000e+10,-9.771999999999999886e+01
1.449003640000000000e+10,-9.735999999999999943e+01
1.449003660000000000e+10,-9.853000000000000114e+01
1.449003680000000000e+10,-9.771000000000000796e+01
1.449003700000000000e+10,-9.698000000000000398e+01
1.449003720000000000e+10,-9.670000000000000284e+01
1.449003740000000000e+10,-9.818999999999999773e+01
1.449003760000000000e+10,-9.812999999999999545e+01
1.449003780000000000e+10,-9.801000000000000512e+01
1.449003800000000000e+10,-9.809000000000000341e+01
1.449003820000000000e+10,-9.846999999999999886e+01
1.449003840000000000e+10,-9.862999999999999545e+01
1.449003860000000000e+10,-9.785999999999999943e+01
1.449003880000000000e+10,-9.768000000000000682e+01
1.449003900000000000e+10,-9.807000000000000739e+01
1.449003920000000000e+10,-9.929999999999999716e+01
1.449003940000000000e+10,-9.840999999999999659e+01
1.449003960000000000e+10,-9.801999999999999602e+01
1.449003980000000000e+10,-9.857000000000000739e+01
1.449004000000000000e+10,-9.768000000000000682e+01
1.449004020000000000e+10,-9.778000000000000114e+01
1.449004040000000000e+10,-9.814000000000000057e+01
1.449004060000000000e+10,-9.803000000000000114e+01
1.449004080000000000e+10,-9.737999999999999545e+01
1.449004100000000000e+10,-9.810000000000000853e+01
1.449004120000000000e+10,-9.712000000000000455e+01
1.449004140000000000e+10,-9.789000000000000057e+01
1.449004160000000000e+10,-9.762000000000000455e+01
1.449004180000000000e+10,-9.781000000000000227e+01
1.449004200000000000e+10,-9.781000000000000227e+01
1.449004220000000000e+10,-9.818000000000000682e+01
1.449004240000000000e+10,-9.796999999999999886e+01
1.449004260000000000e+10,-9.821999999999999886e+01
1.449004280000000000e+10,-9.762000000000000455e+01
1.449004300000000000e+10,-9.784000000000000341e+01
1.449004320000000000e+10,-9.812000000000000455e+01
1.449004340000000000e+10,-9.826000000000000512e+01
1.449004360000000000e+10,-9.768999999999999773e+01
1.449004380000000000e+10,-9.804000000000000625e+01
1.449004400000000000e+10,-9.817000000000000171e+01
1.449004420000000000e+10,-9.829000000000000625e+01
1.449004440000000000e+10,-9.826999999999999602e+01
1.449004460000000000e+10,-9.695000000000000284e+01
1.449004480000000000e+10,-9.712999999999999545e+01
1.449004500000000000e+10,-9.793000000000000682e+01
1.449004520000000000e+10,-9.765000000000000568e+01
1.449004540000000000e+10,-9.792000000000000171e+01
1.449004560000000000e+10,-9.740999999999999659e+01
1.449004580000000000e+10,-9.754000000000000625e+01
1.449004600000000000e+10,-9.806000000000000227e+01
1.449004620000000000e+10,-9.812999999999999545e+01
1.449004640000000000e+10,-9.871000000000000796e+01
1.449004660000000000e+10,-9.790999999999999659e+01
1.449004680000000000e+10,-9.718999999999999773e+01
1.449004700000000000e+10,-9.793000000000000682e+01
1.449004720000000000e+10,-9.856000000000000227e+01
1.449004740000000000e+10,-9.835999999999999943e+01
1.449004760000000000e+10,-9.870000000000000284e+01
1.449004780000000000e+10,-9.859000000000000341e+01
1.449004800000000000e+10,-9.862000000000000455e+01
1.449004820000000000e+10,-9.720000000000000284e+01
1.449004840000000000e+10,-9.678000000000000114e+01
1.449004860000000000e+10,-9.757000000000000739e+01
1.449004880000000000e+10,-9.885999999999999943e+01
1.449004900000000000e+10,-9.825000000000000000e+01
1.449004920000000000e+10,-9.798000000000000398e+01
1.449004940000000000e+10,-9.790000000000000568e+01
1.449004960000000000e+10,-9.835999999999999943e+01
1.449004980000000000e+10,-9.757999999999999829e+01
1.449005000000000000e+10,-9.779999999999999716e+01
1.642195000000000000e+10,-9.470000000000000284e+01
1.642195020000000000e+10,-9.390000000000000568e+01
1.642195040000000000e+10,-9.343000000000000682e+01
1.642195060000000000e+10,-9.348000000000000398e+01
1.642195080000000000e+10,-9.415000000000000568e+01
1.642195100000000000e+10,-9.421999999999999886e+01
1.642195120000000000e+10,-9.496000000000000796e+01
1.642195140000000000e+10,-9.473999999999999488e+01
1.642195160000000000e+10,-9.559000000000000341e+01
1.642195180000000000e+10,-9.559000000000000341e+01
1.642195200000000000e+10,-9.487000000000000455e+01
1.642195220000000000e+10,-9.442000000000000171e+01
1.642195240000000000e+10,-9.476999999999999602e+01
1.642195260000000000e+10,-9.479999999999999716e+01
1.642195280000000000e+10,-9.428000000000000114e+01
1.642195300000000000e+10,-9.473999999999999488e+01
1.642195320000000000e+10,-9.387999999999999545e+01
1.642195340000000000e+10,-9.418999999999999773e+01
1.642195360000000000e+10,-9.468000000000000682e+01
1.642195380000000000e+10,-9.432999999999999829e+01
1.642195400000000000e+10,-9.445000000000000284e+01
1.642195420000000000e+10,-9.543999999999999773e+01
1.642195440000000000e+10,-9.551999999999999602e+01
1.642195460000000000e+10,-9.585999999999999943e+01
1.642195480000000000e+10,-9.384000000000000341e+01
1.642195500000000000e+10,-9.345000000000000284e+01
1.642195520000000000e+10,-9.462999999999999545e+01
1.642195540000000000e+10,-9.392000000000000171e+01
1.642195560000000000e+10,-9.410999999999999943e+01
1.642195580000000000e+10,-9.545000000000000284e+01
1.642195600000000000e+10,-9.421999999999999886e+01
1.642195620000000000e+10,-9.382000000000000739e+01
1.642195640000000000e+10,-9.512000000000000455e+01
1.642195660000000000e+10,-9.515000000000000568e+01
1.642195680000000000e+10,-9.553000000000000114e+01
1.642195700000000000e+10,-9.531000000000000227e+01
1.642195720000000000e+10,-9.571999999999999886e+01
1.642195740000000000e+10,-9.443999999999999773e+01
1.642195760000000000e+10,-9.431000000000000227e+01
1.642195780000000000e+10,-9.478000000000000114e+01
1.642195800000000000e+10,-9.415000000000000568e+01
1.642195820000000000e+10,-9.437000000000000455e+01
1.642195840000000000e+10,-9.396999999999999886e+01
1.642195860000000000e+10,-9.520000000000000284e+01
1.642195880000000000e+10,-9.460999999999999943e+01
1.642195900000000000e+10,-9.396000000000000796e+01
1.642195920000000000e+10,-9.429999999999999716e+01
1.642195940000000000e+10,-9.460000000000000853e+01
1.642195960000000000e+10,-9.478000000000000114e+01
1.642195980000000000e+10,-9.434000000000000341e+01
1.642196000000000000e+10,-9.465000000000000568e+01
1.642196020000000000e+10,-9.457999999999999829e+01
1.642196040000000000e+10,-9.446999999999999886e+01
1.642196060000000000e+10,-9.318999999999999773e+01
1.642196080000000000e+10,-9.348999999999999488e+01
1.642196100000000000e+10,-9.479999999999999716e+01
1.642196120000000000e+10,-9.437999999999999545e+01
1.642196140000000000e+10,-9.426000000000000512e+01
1.642196160000000000e+10,-9.490999999999999659e+01
1.642196180000000000e+10,-9.500000000000000000e+01
1.642196200000000000e+10,-9.496000000000000796e+01
1.642196220000000000e+10,-9.539000000000000057e+01
1.642196240000000000e+10,-9.548000000000000398e+01
1.642196260000000000e+10,-9.493999999999999773e+01
1.642196280000000000e+10,-9.473999999999999488e+01
1.642196300000000000e+10,-9.489000000000000057e+01
1.642196320000000000e+10,-9.579000000000000625e+01
1.642196340000000000e+10,-9.489000000000000057e+01
1.642196360000000000e+10,-9.435999999999999943e+01
1.642196380000000000e+10,-9.460999999999999943e+01
1.642196400000000000e+10,-9.454999999999999716e+01
1.642196420000000000e+10,-9.429999999999999716e+01
1.642196440000000000e+10,-9.371999999999999886e+01
1.642196460000000000e+10,-9.425000000000000000e+01
1.642196480000000000e+10,-9.482000000000000739e+01
1.642196500000000000e+10,-9.492000000000000171e+01
1.642196520000000000e+10,-9.596999999999999886e+01
1.642196540000000000e+10,-9.539000000000000057e+01
1.642196560000000000e+10,-9.515000000000000568e+01
1.642196580000000000e+10,-9.434000000000000341e+01
1.642196600000000000e+10,-9.404000000000000625e+01
1.642196620000000000e+10,-9.418999999999999773e+01
1.642196640000000000e+10,-9.423999999999999488e+01
1.642196660000000000e+10,-9.460999999999999943e+01
1.642196680000000000e+10,-9.357999999999999829e+01
1.642196700000000000e+10,-9.351999999999999602e+01
1.642196720000000000e+10,-9.446999999999999886e+01
1.642196740000000000e+10,-9.346999999999999886e+01
1.642196760000000000e+10,-9.421000000000000796e+01
1.642196780000000000e+10,-9.556000000000000227e+01
1.642196800000000000e+10,-9.509000000000000341e+01
1.642196820000000000e+10,-9.554000000000000625e+01
1.642196840000000000e+10,-9.460999999999999943e+01
1.642196860000000000e+10,-9.437999999999999545e+01
1.642196880000000000e+10,-9.437000000000000455e+01
1.642196900000000000e+10,-9.462999999999999545e+01
1.642196920000000000e+10,-9.378000000000000114e+01
1.642196940000000000e+10,-9.437000000000000455e+01
1.642196960000000000e+10,-9.473999999999999488e+01
1.642196980000000000e+10,-9.425000000000000000e+01
1.642197000000000000e+10,-9.420000000000000284e+01
1.642197020000000000e+10,-9.523999999999999488e+01
1.642197040000000000e+10,-9.507999999999999829e+01
1.642197060000000000e+10,-9.529999999999999716e+01
1.642197080000000000e+10,-9.443000000000000682e+01
1.642197100000000000e+10,-9.515999999999999659e+01
1.642197120000000000e+10,-9.485999999999999943e+01
1.642197140000000000e+10,-9.426000000000000512e+01
1.642197160000000000e+10,-9.362000000000000455e+01
1.642197180000000000e+10,-9.460999999999999943e+01
1.642197200000000000e+10,-9.514000000000000057e+01
1.642197220000000000e+10,-9.492000000000000171e+01
1.642197240000000000e+10,-9.506000000000000227e+01
1.642197260000000000e+10,-9.579000000000000625e+01
1.642197280000000000e+10,-9.517000000000000171e+01
1.642197300000000000e+10,-9.451000000000000512e+01
1.642197320000000000e+10,-9.487999999999999545e+01
1.642197340000000000e+10,-9.567000000000000171e+01
1.642197360000000000e+10,-9.423999999999999488e+01
1.642197380000000000e+10,-9.384000000000000341e+01
1.642197400000000000e+10,-9.543999999999999773e+01
1.642197420000000000e+10,-9.437000000000000455e+01
1.642197440000000000e+10,-9.362999999999999545e+01
1.642197460000000000e+10,-9.437999999999999545e+01
1.642197480000000000e+10,-9.498999999999999488e+01
1.642197500000000000e+10,-9.425000000000000000e+01
1.642197520000000000e+10,-9.331000000000000227e+01
1.642197540000000000e+10,-9.332000000000000739e+01
1.642197560000000000e+10,-9.453000000000000114e+01
1.642197580000000000e+10,-9.254000000000000625e+01
1.642197600000000000e+10,-9.301999999999999602e+01
1.642197620000000000e+10,-9.371999999999999886e+01
1.642197640000000000e+10,-9.521999999999999886e+01
1.642197660000000000e+10,-9.562000000000000455e+01
1.642197680000000000e+10,-9.404000000000000625e+01
1.642197700000000000e+10,-9.337999999999999545e+01
1.642197720000000000e+10,-9.429999999999999716e+01
1.642197740000000000e+10,-9.351999999999999602e+01
1.642197760000000000e+10,-9.398999999999999488e+01
1.642197780000000000e+10,-9.406000000000000227e+01
1.642197800000000000e+10,-9.365999999999999659e+01
1.642197820000000000e+10,-9.526999999999999602e+01
1.642197840000000000e+10,-9.529000000000000625e+01
1.642197860000000000e+10,-9.479000000000000625e+01
1.642197880000000000e+10,-9.531000000000000227e+01
1.642197900000000000e+10,-9.362999999999999545e+01
1.642197920000000000e+10,-9.420000000000000284e+01
1.642197940000000000e+10,-9.456000000000000227e+01
1.642197960000000000e+10,-9.451000000000000512e+01
1.642197980000000000e+10,-9.537999999999999545e+01
1.642198000000000000e+10,-9.576999999999999602e+01
1.642198020000000000e+10,-9.459000000000000341e+01
1.642198040000000000e+10,-9.437000000000000455e+01
1.642198060000000000e+10,-9.546999999999999886e+01
1.642198080000000000e+10,-9.587999999999999545e+01
1.642198100000000000e+10,-9.546999999999999886e+01
1.642198120000000000e+10,-9.654000000000000625e+01
1.642198140000000000e+10,-9.559000000000000341e+01
1.642198160000000000e+10,-9.584000000000000341e+01
1.642198180000000000e+10,-9.565000000000000568e+01
1.642198200000000000e+10,-9.537999999999999545e+01
1.642198220000000000e+10,-9.500000000000000000e+01
1.642198240000000000e+10,-9.376999999999999602e+01
1.642198260000000000e+10,-9.385000000000000853e+01
1.642198280000000000e+10,-9.385000000000000853e+01
1.642198300000000000e+10,-9.443000000000000682e+01
1.642198320000000000e+10,-9.479999999999999716e+01
1.642198340000000000e+10,-9.576000000000000512e+01
1.642198360000000000e+10,-9.537999999999999545e+01
1.642198380000000000e+10,-9.410999999999999943e+01
1.642198400000000000e+10,-9.478000000000000114e+01
1.642198420000000000e+10,-9.350000000000000000e+01
1.642198440000000000e+10,-9.432999999999999829e+01
1.642198460000000000e+10,-9.517000000000000171e+01
1.642198480000000000e+10,-9.395000000000000284e+01
1.642198500000000000e+10,-9.356000000000000227e+01
1.642198520000000000e+10,-9.437999999999999545e+01
1.642198540000000000e+10,-9.548000000000000398e+01
1.642198560000000000e+10,-9.528000000000000114e+01
1.642198580000000000e+10,-9.506000000000000227e+01
1.642198600000000000e+10,-9.487999999999999545e+01
1.642198620000000000e+10,-9.551999999999999602e+01
1.642198640000000000e+10,-9.484000000000000341e+01
1.642198660000000000e+10,-9.534000000000000341e+01
1.642198680000000000e+10,-9.487000000000000455e+01
1.642198700000000000e+10,-9.460999999999999943e+01
1.642198720000000000e+10,-9.323999999999999488e+01
1.642198740000000000e+10,-9.346999999999999886e+01
1.642198760000000000e+10,-9.354999999999999716e+01
1.642198780000000000e+10,-9.446999999999999886e+01
1.642198800000000000e+10,-9.504000000000000625e+01
1.642198820000000000e+10,-9.518000000000000682e+01
1.642198840000000000e+10,-9.207999999999999829e+01
1.642198860000000000e+10,-9.196999999999999886e+01
1.642198880000000000e+10,-9.348999999999999488e+01
1.642198900000000000e+10,-9.504999999999999716e+01
1.642198920000000000e+10,-9.526000000000000512e+01
1.642198940000000000e+10,-9.537999999999999545e+01
1.642198960000000000e+10,-9.548000000000000398e+01
1.642198980000000000e+10,-9.603000000000000114e+01
1.642199000000000000e+10,-9.514000000000000057e+01
1.642199020000000000e+10,-9.487999999999999545e+01
1.642199040000000000e+10,-9.457000000000000739e+01
1.642199060000000000e+10,-9.403000000000000114e+01
1.642199080000000000e+10,-9.393000000000000682e+01
1.642199100000000000e+10,-9.489000000000000057e+01
1.642199120000000000e+10,-9.482999999999999829e+01
1.642199140000000000e+10,-9.460999999999999943e+01
1.642199160000000000e+10,-9.439000000000000057e+01
1.642199180000000000e+10,-9.392000000000000171e+01
1.642199200000000000e+10,-9.328000000000000114e+01
1.642199220000000000e+10,-9.407000000000000739e+01
1.642199240000000000e+10,-9.376999999999999602e+01
1.642199260000000000e+10,-9.337999999999999545e+01
1.642199280000000000e+10,-9.453000000000000114e+01
1.642199300000000000e+10,-9.478000000000000114e+01
1.642199320000000000e+10,-9.501999999999999602e+01
1.642199340000000000e+10,-9.456000000000000227e+01
1.642199360000000000e+10,-9.492000000000000171e+01
1.642199380000000000e+10,-9.493999999999999773e+01
1.642199400000000000e+10,-9.515999999999999659e+01
1.642199420000000000e+10,-9.565999999999999659e+01
1.642199440000000000e+10,-9.462999999999999545e+01
1.642199460000000000e+10,-9.415999999999999659e+01
1.642199480000000000e+10,-9.446999999999999886e+01
1.642199500000000000e+10,-9.546000000000000796e+01
1.642199520000000000e+10,-9.548000000000000398e+01
1.642199540000000000e+10,-9.529000000000000625e+01
1.642199560000000000e+10,-9.409000000000000341e+01
1.642199580000000000e+10,-9.506000000000000227e+01
1.642199600000000000e+10,-9.479999999999999716e+01
1.642199620000000000e+10,-9.440000000000000568e+01
1.642199640000000000e+10,-9.485000000000000853e+01
1.642199660000000000e+10,-9.564000000000000057e+01
1.642199680000000000e+10,-9.532999999999999829e+01
1.642199700000000000e+10,-9.479999999999999716e+01
1.642199720000000000e+10,-9.448000000000000398e+01
1.642199740000000000e+10,-9.340000000000000568e+01
1.642199760000000000e+10,-9.310999999999999943e+01
1.642199780000000000e+10,-9.489000000000000057e+01
1.642199800000000000e+10,-9.487999999999999545e+01
1.642199820000000000e+10,-9.542000000000000171e+01
1.642199840000000000e+10,-9.559000000000000341e+01
1.642199860000000000e+10,-9.551999999999999602e+01
1.642199880000000000e+10,-9.548000000000000398e+01
1.642199900000000000e+10,-9.553000000000000114e+01
1.642199920000000000e+10,-9.579000000000000625e+01
1.642199940000000000e+10,-9.489000000000000057e+01
1.642199960000000000e+10,-9.429000000000000625e+01
1.642199980000000000e+10,-9.396999999999999886e+01
1.642200000000000000e+10,-9.354999999999999716e+01
1.642200020000000000e+10,-9.418000000000000682e+01
1.642200040000000000e+10,-9.478000000000000114e+01
1.642200060000000000e+10,-9.392000000000000171e+01
1.642200080000000000e+10,-9.398999999999999488e+01
1.642200100000000000e+10,-9.468000000000000682e+01
1.642200120000000000e+10,-9.546000000000000796e+01
1.642200140000000000e+10,-9.587999999999999545e+01
1.642200160000000000e+10,-9.468999999999999773e+01
1.642200180000000000e+10,-9.337999999999999545e+01
1.642200200000000000e+10,-9.306000000000000227e+01
1.642200220000000000e+10,-9.448000000000000398e+01
1.642200240000000000e+10,-9.520000000000000284e+01
1.642200260000000000e+10,-9.506000000000000227e+01
1.642200280000000000e+10,-9.565000000000000568e+01
1.642200300000000000e+10,-9.529999999999999716e+01
1.642200320000000000e+10,-9.579000000000000625e+01
1.642200340000000000e+10,-9.540999999999999659e+01
1.642200360000000000e+10,-9.432999999999999829e+01
1.642200380000000000e+10,-9.426000000000000512e+01
1.642200400000000000e+10,-9.478000000000000114e+01
1.642200420000000000e+10,-9.537999999999999545e+01
1.642200440000000000e+10,-9.496999999999999886e+01
1.642200460000000000e+10,-9.503000000000000114e+01
1.642200480000000000e+10,-9.532999999999999829e+01
1.642200500000000000e+10,-9.439000000000000057e+01
1.642200520000000000e+10,-9.357999999999999829e+01
1.642200540000000000e+10,-9.307000000000000739e+01
1.642200560000000000e+10,-9.392000000000000171e+01
1.642200580000000000e+10,-9.450000000000000000e+01
1.642200600000000000e+10,-9.515000000000000568e+01
1.642200620000000000e+10,-9.471000000000000796e+01
1.642200640000000000e+10,-9.496999999999999886e+01
1.642200660000000000e+10,-9.529000000000000625e+01
1.642200680000000000e+10,-9.370000000000000284e+01
1.642200700000000000e+10,-9.473999999999999488e+01
1.642200720000000000e+10,-9.507999999999999829e+01
1.642200740000000000e+10,-9.356000000000000227e+01
1.642200760000000000e+10,-9.423999999999999488e+01
1.642200780000000000e+10,-9.535000000000000853e+01
1.642200800000000000e+10,-9.510999999999999943e+01
1.642200820000000000e+10,-9.556000000000000227e+01
1.642200840000000000e+10,-9.421999999999999886e+01
1.642200860000000000e+10,-9.385999999999999943e+01
1.642200880000000000e+10,-9.406000000000000227e+01
1.642200900000000000e+10,-9.385000000000000853e+01
1.642200920000000000e+10,-9.551000000000000512e+01
1.642200940000000000e+10,-9.329000000000000625e+01
1.642200960000000000e+10,-9.289000000000000057e+01
1.642200980000000000e+10,-9.420000000000000284e+01
1.642201000000000000e+10,-9.560999999999999943e+01
1.642201020000000000e+10,-9.521999999999999886e+01
1.642201040000000000e+10,-9.393999999999999773e+01
1.642201060000000000e+10,-9.425000000000000000e+01
1.642201080000000000e+10,-9.521999999999999886e+01
1.642201100000000000e+10,-9.515000000000000568e+01
1.642201120000000000e+10,-9.535000000000000853e+01
1.642201140000000000e+10,-9.556000000000000227e+01
1.642201160000000000e+10,-9.482999999999999829e+01
1.642201180000000000e+10,-9.429000000000000625e+01
1.642201200000000000e+10,-9.404999999999999716e+01
1.642201220000000000e+10,-9.460999999999999943e+01
1.642201240000000000e+10,-9.518999999999999773e+01
1.642201260000000000e+10,-9.512000000000000455e+01
1.642201280000000000e+10,-9.382000000000000739e+01
1.642201300000000000e+10,-9.339000000000000057e+01
1.642201320000000000e+10,-9.410999999999999943e+01
1.642201340000000000e+10,-9.512000000000000455e+01
1.642201360000000000e+10,-9.453000000000000114e+01
1.642201380000000000e+10,-9.393999999999999773e+01
1.642201400000000000e+10,-9.375000000000000000e+01
1.642201420000000000e+10,-9.429000000000000625e+01
1.642201440000000000e+10,-9.498000000000000398e+01
1.642201460000000000e+10,-9.587999999999999545e+01
1.642201480000000000e+10,-9.545000000000000284e+01
1.642201500000000000e+10,-9.510000000000000853e+01
1.642201520000000000e+10,-9.432000000000000739e+01
1.642201540000000000e+10,-9.495000000000000284e+01
1.642201560000000000e+10,-9.587000000000000455e+01
1.642201580000000000e+10,-9.551999999999999602e+01
1.642201600000000000e+10,-9.517000000000000171e+01
1.642201620000000000e+10,-9.482999999999999829e+01
1.642201640000000000e+10,-9.451999999999999602e+01
1.642201660000000000e+10,-9.345000000000000284e+01
1.642201680000000000e+10,-9.342000000000000171e+01
1.642201700000000000e+10,-9.373999999999999488e+01
1.642201720000000000e+10,-9.404999999999999716e+01
1.642201740000000000e+10,-9.503000000000000114e+01
1.642201760000000000e+10,-9.482999999999999829e+01
1.642201780000000000e+10,-9.509000000000000341e+01
1.642201800000000000e+10,-9.542000000000000171e+01
1.642201820000000000e+10,-9.423999999999999488e+01
1.642201840000000000e+10,-9.417000000000000171e+01
1.642201860000000000e+10,-9.445000000000000284e+01
1.642201880000000000e+10,-9.437999999999999545e+01
1.642201900000000000e+10,-9.398000000000000398e+01
1.642201920000000000e+10,-9.512999999999999545e+01
1.642201940000000000e+10,-9.568999999999999773e+01
1.642201960000000000e+10,-9.551999999999999602e+01
1.642201980000000000e+10,-9.535999999999999943e+01
1.642202000000000000e+10,-9.512999999999999545e+01
1.642202020000000000e+10,-9.546000000000000796e+01
1.642202040000000000e+10,-9.532999999999999829e+01
1.642202060000000000e+10,-9.468000000000000682e+01
1.642202080000000000e+10,-9.515999999999999659e+01
1.642202100000000000e+10,-9.493000000000000682e+01
1.642202120000000000e+10,-9.415000000000000568e+01
1.642202140000000000e+10,-9.459000000000000341e+01
1.642202160000000000e+10,-9.489000000000000057e+01
1.642202180000000000e+10,-9.543999999999999773e+01
1.642202200000000000e+10,-9.543999999999999773e+01
1.642202220000000000e+10,-9.578000000000000114e+01
1.642202240000000000e+10,-9.496999999999999886e+01
1.642202260000000000e+10,-9.443000000000000682e+01
1.642202280000000000e+10,-9.410999999999999943e+01
1.642202300000000000e+10,-9.573000000000000398e+01
1.642202320000000000e+10,-9.565000000000000568e+01
1.642202340000000000e+10,-9.392000000000000171e+01
1.642202360000000000e+10,-9.346999999999999886e+01
1.642202380000000000e+10,-9.285999999999999943e+01
1.642202400000000000e+10,-9.426999999999999602e+01
1.642202420000000000e+10,-9.448000000000000398e+01
1.642202440000000000e+10,-9.446999999999999886e+01
1.642202460000000000e+10,-9.487999999999999545e+01
1.642202480000000000e+10,-9.501999999999999602e+01
1.642202500000000000e+10,-9.479999999999999716e+01
1.642202520000000000e+10,-9.443000000000000682e+01
1.642202540000000000e+10,-9.401999999999999602e+01
1.642202560000000000e+10,-9.546000000000000796e+01
1.642202580000000000e+10,-9.612999999999999545e+01
1.642202600000000000e+10,-9.490999999999999659e+01
1.642202620000000000e+10,-9.440999999999999659e+01
1.642202640000000000e+10,-9.421999999999999886e+01
1.642202660000000000e+10,-9.376999999999999602e+01
1.642202680000000000e+10,-9.468000000000000682e+01
1.642202700000000000e+10,-9.382999999999999829e+01
1.642202720000000000e+10,-9.407999999999999829e+01
1.642202740000000000e+10,-9.532999999999999829e+01
1.642202760000000000e+10,-9.459000000000000341e+01
1.642202780000000000e+10,-9.506000000000000227e+01
1.642202800000000000e+10,-9.417000000000000171e+01
1.642202820000000000e+10,-9.450000000000000000e+01
1.642202840000000000e+10,-9.501999999999999602e+01
1.642202860000000000e+10,-9.521999999999999886e+01
1.642202880000000000e+10,-9.487999999999999545e+01
1.642202900000000000e+10,-9.493000000000000682e+01
1.642202920000000000e+10,-9.410999999999999943e+01
1.642202940000000000e+10,-9.425000000000000000e+01
1.642202960000000000e+10,-9.456000000000000227e+01
1.642202980000000000e+10,-9.490000000000000568e+01
1.642203000000000000e+10,-9.593000000000000682e+01
1.642203020000000000e+10,-9.565999999999999659e+01
1.642203040000000000e+10,-9.496999999999999886e+01
1.642203060000000000e+10,-9.540000000000000568e+01
1.642203080000000000e+10,-9.504999999999999716e+01
1.642203100000000000e+10,-9.562000000000000455e+01
1.642203120000000000e+10,-9.501999999999999602e+01
1.642203140000000000e+10,-9.462999999999999545e+01
1.642203160000000000e+10,-9.574000000000000909e+01
1.642203180000000000e+10,-9.559000000000000341e+01
1.642203200000000000e+10,-9.525000000000000000e+01
1.642203220000000000e+10,-9.528000000000000114e+01
1.642203240000000000e+10,-9.515000000000000568e+01
1.642203260000000000e+10,-9.560000000000000853e+01
1.642203280000000000e+10,-9.587000000000000455e+01
1.642203300000000000e+10,-9.523000000000000398e+01
1.642203320000000000e+10,-9.476999999999999602e+01
1.642203340000000000e+10,-9.487999999999999545e+01
1.642203360000000000e+10,-9.401999999999999602e+01
1.642203380000000000e+10,-9.365000000000000568e+01
1.642203400000000000e+10,-9.376999999999999602e+01
1.642203420000000000e+10,-9.526999999999999602e+01
1.642203440000000000e+10,-9.440999999999999659e+01
1.642203460000000000e+10,-9.401999999999999602e+01
1.642203480000000000e+10,-9.432999999999999829e+01
1.642203500000000000e+10,-9.395000000000000284e+01
1.642203520000000000e+10,-9.390999999999999659e+01
1.642203540000000000e+10,-9.285000000000000853e+01
1.642203560000000000e+10,-9.354000000000000625e+01
1.642203580000000000e+10,-9.451999999999999602e+01
1.642203600000000000e+10,-9.415000000000000568e+01
1.642203620000000000e+10,-9.493000000000000682e+01
1.642203640000000000e+10,-9.535999999999999943e+01
1.642203660000000000e+10,-9.629999999999999716e+01
1.642203680000000000e+10,-9.515000000000000568e+01
1.642203700000000000e+10,-9.468999999999999773e+01
1.642203720000000000e+10,-9.431000000000000227e+01
1.642203740000000000e+10,-9.426000000000000512e+01
1.642203760000000000e+10,-9.451999999999999602e+01
1.642203780000000000e+10,-9.462000000000000455e+01
1.642203800000000000e+10,-9.525000000000000000e+01
1.642203820000000000e+10,-9.485999999999999943e+01
1.642203840000000000e+10,-9.532000000000000739e+01
1.642203860000000000e+10,-9.515000000000000568e+01
1.642203880000000000e+10,-9.504999999999999716e+01
1.642203900000000000e+10,-9.464000000000000057e+01
1.642203920000000000e+10,-9.482000000000000739e+01
1.642203940000000000e+10,-9.451000000000000512e+01
1.642203960000000000e+10,-9.368999999999999773e+01
1.642203980000000000e+10,-9.379999999999999716e+01
1.642204000000000000e+10,-9.384000000000000341e+01
1.642204020000000000e+10,-9.460000000000000853e+01
1.642204040000000000e+10,-9.385000000000000853e+01
1.642204060000000000e+10,-9.378000000000000114e+01
1.642204080000000000e+10,-9.371999999999999886e+01
1.642204100000000000e+10,-9.468999999999999773e+01
1.642204120000000000e+10,-9.640000000000000568e+01
1.642204140000000000e+10,-9.557999999999999829e+01
1.642204160000000000e+10,-9.574000000000000909e+01
1.642204180000000000e+10,-9.493000000000000682e+01
1.642204200000000000e+10,-9.460999999999999943e+01
1.642204220000000000e+10,-9.489000000000000057e+01
1.642204240000000000e+10,-9.476000000000000512e+01
1.642204260000000000e+10,-9.445000000000000284e+01
1.642204280000000000e+10,-9.482999999999999829e+01
1.642204300000000000e+10,-9.604000000000000625e+01
1.642204320000000000e+10,-9.553000000000000114e+01
1.642204340000000000e+10,-9.537999999999999545e+01
1.642204360000000000e+10,-9.529000000000000625e+01
1.642204380000000000e+10,-9.498000000000000398e+01
1.642204400000000000e+10,-9.495000000000000284e+01
1.642204420000000000e+10,-9.485000000000000853e+01
1.642204440000000000e+10,-9.531000000000000227e+01
1.642204460000000000e+10,-9.560999999999999943e+01
1.642204480000000000e+10,-9.568000000000000682e+01
1.642204500000000000e+10,-9.482999999999999829e+01
1.642204520000000000e+10,-9.501999999999999602e+01
1.642204540000000000e+10,-9.335999999999999943e+01
1.642204560000000000e+10,-9.393999999999999773e+01
1.642204580000000000e+10,-9.509000000000000341e+01
1.642204600000000000e+10,-9.448999999999999488e+01
1.642204620000000000e+10,-9.465000000000000568e+01
1.642204640000000000e+10,-9.443999999999999773e+01
1.642204660000000000e+10,-9.557999999999999829e+01
1.642204680000000000e+10,-9.528000000000000114e+01
1.642204700000000000e+10,-9.501999999999999602e+01
1.642204720000000000e+10,-9.596999999999999886e+01
1.642204740000000000e+10,-9.410999999999999943e+01
1.642204760000000000e+10,-9.407999999999999829e+01
1.642204780000000000e+10,-9.392000000000000171e+01
1.642204800000000000e+10,-9.482999999999999829e+01
1.642204820000000000e+10,-9.339000000000000057e+01
1.642204840000000000e+10,-9.448999999999999488e+01
1.642204860000000000e+10,-9.443000000000000682e+01
1.642204880000000000e+10,-9.440000000000000568e+01
1.642204900000000000e+10,-9.482999999999999829e+01
1.642204920000000000e+10,-9.475000000000000000e+01
1.642204940000000000e+10,-9.537999999999999545e+01
1.642204960000000000e+10,-9.560000000000000853e+01
1.642204980000000000e+10,-9.568999999999999773e+01
1.642205000000000000e+10,-9.532999999999999829e+01
1.835395000000000000e+10,-9.510000000000000853e+01
1.835395020000000000e+10,-9.496000000000000796e+01
1.835395040000000000e+10,-9.445000000000000284e+01
1.835395060000000000e+10,-9.400000000000000000e+01
1.835395080000000000e+10,-9.418000000000000682e+01
1.835395100000000000e+10,-9.498000000000000398e+01
1.835395120000000000e+10,-9.523000000000000398e+01
1.835395140000000000e+10,-9.482000000000000739e+01
1.835395160000000000e+10,-9.390999999999999659e+01
1.835395180000000000e+10,-9.332999999999999829e+01
1.835395200000000000e+10,-9.401000000000000512e+01
1.835395220000000000e+10,-9.354999999999999716e+01
1.835395240000000000e+10,-9.354999999999999716e+01
1.835395260000000000e+10,-9.459000000000000341e+01
1.835395280000000000e+10,-9.365999999999999659e+01
1.835395300000000000e+10,-9.325000000000000000e+01
1.835395320000000000e+10,-9.426999999999999602e+01
1.835395340000000000e+10,-9.498999999999999488e+01
1.835395360000000000e+10,-9.404000000000000625e+01
1.835395380000000000e+10,-9.273999999999999488e+01
1.835395400000000000e+10,-9.276000000000000512e+01
1.835395420000000000e+10,-9.435999999999999943e+01
1.835395440000000000e+10,-9.421999999999999886e+01
1.835395460000000000e+10,-9.542000000000000171e+01
1.835395480000000000e+10,-9.548999999999999488e+01
1.835395500000000000e+10,-9.526999999999999602e+01
1.835395520000000000e+10,-9.371999999999999886e+01
1.835395540000000000e+10,-9.346000000000000796e+01
1.835395560000000000e+10,-9.423000000000000398e+01
1.835395580000000000e+10,-9.393000000000000682e+01
1.835395600000000000e+10,-9.354000000000000625e+01
1.835395620000000000e+10,-9.532000000000000739e+01
1.835395640000000000e+10,-9.479000000000000625e+01
1.835395660000000000e+10,-9.437999999999999545e+01
1.835395680000000000e+10,-9.485000000000000853e+01
1.835395700000000000e+10,-9.490999999999999659e+01
1.835395720000000000e+10,-9.418999999999999773e+01
1.835395740000000000e+10,-9.337999999999999545e+01
1.835395760000000000e+10,-9.303000000000000114e+01
1.835395780000000000e+10,-9.282000000000000739e+01
1.835395800000000000e+10,-9.359000000000000341e+01
1.835395820000000000e+10,-9.325000000000000000e+01
1.835395840000000000e+10,-9.342000000000000171e+01
1.835395860000000000e+10,-9.339000000000000057e+01
1.835395880000000000e+10,-9.362999999999999545e+01
1.835395900000000000e+10,-9.350000000000000000e+01
1.835395920000000000e+10,-9.368000000000000682e+01
1.835395940000000000e+10,-9.471000000000000796e+01
1.835395960000000000e+10,-9.534000000000000341e+01
1.835395980000000000e+10,-9.440999999999999659e+01
1.835396000000000000e+10,-9.465000000000000568e+01
1.835396020000000000e+10,-9.432999999999999829e+01
1.835396040000000000e+10,-9.479000000000000625e+01
1.835396060000000000e+10,-9.390999999999999659e+01
1.835396080000000000e+10,-9.318000000000000682e+01
1.835396100000000000e+10,-9.371000000000000796e+01
1.835396120000000000e+10,-9.495000000000000284e+01
1.835396140000000000e+10,-9.340000000000000568e+01
1.835396160000000000e+10,-9.301000000000000512e+01
1.835396180000000000e+10,-9.350000000000000000e+01
1.835396200000000000e+10,-9.371999999999999886e+01
1.835396220000000000e+10,-9.407000000000000739e+01
1.835396240000000000e+10,-9.404999999999999716e+01
1.835396260000000000e+10,-9.479000000000000625e+01
1.835396280000000000e+10,-9.418999999999999773e+01
1.835396300000000000e+10,-9.364000000000000057e+01
1.835396320000000000e+10,-9.351999999999999602e+01
1.835396340000000000e+10,-9.315000000000000568e+01
1.835396360000000000e+10,-9.290000000000000568e+01
1.835396380000000000e+10,-9.343999999999999773e+01
1.835396400000000000e+10,-9.453000000000000114e+01
1.835396420000000000e+10,-9.559000000000000341e+01
1.835396440000000000e+10,-9.432000000000000739e+01
1.835396460000000000e+10,-9.359000000000000341e+01
1.835396480000000000e+10,-9.376999999999999602e+01
1.835396500000000000e+10,-9.320000000000000284e+01
1.835396520000000000e+10,-9.435000000000000853e+01
1.835396540000000000e+10,-9.396999999999999886e+01
1.835396560000000000e+10,-9.500000000000000000e+01
1.835396580000000000e+10,-9.535999999999999943e+01
1.835396600000000000e+10,-9.520000000000000284e+01
1.835396620000000000e+10,-9.407000000000000739e+01
1.835396640000000000e+10,-9.370000000000000284e+01
1.835396660000000000e+10,-9.412999999999999545e+01
1.835396680000000000e+10,-9.407000000000000739e+01
1.835396700000000000e+10,-9.540999999999999659e+01
1.835396720000000000e+10,-9.523999999999999488e+01
1.835396740000000000e+10,-9.465000000000000568e+01
1.835396760000000000e+10,-9.443999999999999773e+01
1.835396780000000000e+10,-9.396999999999999886e+01
1.835396800000000000e+10,-9.457000000000000739e+01
1.835396820000000000e+10,-9.401999999999999602e+01
1.835396840000000000e+10,-9.404999999999999716e+01
1.835396860000000000e+10,-9.404000000000000625e+01
1.835396880000000000e+10,-9.381000000000000227e+01
1.835396900000000000e+10,-9.409000000000000341e+01
1.835396920000000000e+10,-9.459000000000000341e+01
1.835396940000000000e+10,-9.440000000000000568e+01
1.835396960000000000e+10,-9.225000000000000000e+01
1.835396980000000000e+10,-9.185000000000000853e+01
1.835397000000000000e+10,-9.328000000000000114e+01
1.835397020000000000e+10,-9.401999999999999602e+01
1.835397040000000000e+10,-9.450000000000000000e+01
1.835397060000000000e+10,-9.454999999999999716e+01
1.835397080000000000e+10,-9.515000000000000568e+01
1.835397100000000000e+10,-9.471999999999999886e+01
1.835397120000000000e+10,-9.359000000000000341e+01
1.835397140000000000e+10,-9.378000000000000114e+01
1.835397160000000000e+10,-9.368999999999999773e+01
1.835397180000000000e+10,-9.346000000000000796e+01
1.835397200000000000e+10,-9.407000000000000739e+01
1.835397220000000000e+10,-9.409000000000000341e+01
1.835397240000000000e+10,-9.406000000000000227e+01
1.835397260000000000e+10,-9.476999999999999602e+01
1.835397280000000000e+10,-9.435000000000000853e+01
1.835397300000000000e+10,-9.279999999999999716e+01
1.835397320000000000e+10,-9.307000000000000739e+01
1.835397340000000000e+10,-9.426999999999999602e+01
1.835397360000000000e+10,-9.373000000000000398e+01
1.835397380000000000e+10,-9.510000000000000853e+01
1.835397400000000000e+10,-9.512000000000000455e+01
1.835397420000000000e+10,-9.482999999999999829e+01
1.835397440000000000e+10,-9.418999999999999773e+01
1.835397460000000000e+10,-9.484000000000000341e+01
1.835397480000000000e+10,-9.414000000000000057e+01
1.835397500000000000e+10,-9.323999999999999488e+01
1.835397520000000000e+10,-9.282999999999999829e+01
1.835397540000000000e+10,-9.300000000000000000e+01
1.835397560000000000e+10,-9.307999999999999829e+01
1.835397580000000000e+10,-9.435999999999999943e+01
1.835397600000000000e+10,-9.385000000000000853e+01
1.835397620000000000e+10,-9.379000000000000625e+01
1.835397640000000000e+10,-9.350000000000000000e+01
1.835397660000000000e+10,-9.362999999999999545e+01
1.835397680000000000e+10,-9.328000000000000114e+01
1.835397700000000000e+10,-9.423000000000000398e+01
1.835397720000000000e+10,-9.487000000000000455e+01
1.835397740000000000e+10,-9.412000000000000455e+01
1.835397760000000000e+10,-9.450000000000000000e+01
1.835397780000000000e+10,-9.535000000000000853e+01
1.835397800000000000e+10,-9.526999999999999602e+01
1.835397820000000000e+10,-9.462999999999999545e+01
1.835397840000000000e+10,-9.454000000000000625e+01
1.835397860000000000e+10,-9.512999999999999545e+01
1.835397880000000000e+10,-9.501999999999999602e+01
1.835397900000000000e+10,-9.535999999999999943e+01
1.835397920000000000e+10,-9.501000000000000512e+01
1.835397940000000000e+10,-9.540999999999999659e+01
1.835397960000000000e+10,-9.565999999999999659e+01
1.835397980000000000e+10,-9.492000000000000171e+01
1.835398000000000000e+10,-9.390999999999999659e+01
1.835398020000000000e+10,-9.415000000000000568e+01
1.835398040000000000e+10,-9.460000000000000853e+01
1.835398060000000000e+10,-9.535000000000000853e+01
1.835398080000000000e+10,-9.518000000000000682e+01
1.835398100000000000e+10,-9.518000000000000682e+01
1.835398120000000000e+10,-9.507999999999999829e+01
1.835398140000000000e+10,-9.490999999999999659e+01
1.835398160000000000e+10,-9.440000000000000568e+01
1.835398180000000000e+10,-9.348000000000000398e+01
1.835398200000000000e+10,-9.365999999999999659e+01
1.835398220000000000e+10,-9.376000000000000512e+01
1.835398240000000000e+10,-9.326000000000000512e+01
1.835398260000000000e+10,-9.396999999999999886e+01
1.835398280000000000e+10,-9.546000000000000796e+01
1.835398300000000000e+10,-9.507999999999999829e+01
1.835398320000000000e+10,-9.450000000000000000e+01
1.835398340000000000e+10,-9.426000000000000512e+01
1.835398360000000000e+10,-9.506000000000000227e+01
1.835398380000000000e+10,-9.523000000000000398e+01
1.835398400000000000e+10,-9.473000000000000398e+01
1.835398420000000000e+10,-9.476000000000000512e+01
1.835398440000000000e+10,-9.404000000000000625e+01
1.835398460000000000e+10,-9.342000000000000171e+01
1.835398480000000000e+10,-9.332999999999999829e+01
1.835398500000000000e+10,-9.418999999999999773e+01
1.835398520000000000e+10,-9.509000000000000341e+01
1.835398540000000000e+10,-9.426999999999999602e+01
1.835398560000000000e+10,-9.340999999999999659e+01
1.835398580000000000e+10,-9.373000000000000398e+01
1.835398600000000000e+10,-9.296000000000000796e+01
1.835398620000000000e+10,-9.273000000000000398e+01
1.835398640000000000e+10,-9.415000000000000568e+01
1.835398660000000000e+10,-9.398000000000000398e+01
1.835398680000000000e+10,-9.475000000000000000e+01
1.835398700000000000e+10,-9.465999999999999659e+01
1.835398720000000000e+10,-9.506000000000000227e+01
1.835398740000000000e+10,-9.373999999999999488e+01
1.835398760000000000e+10,-9.418999999999999773e+01
1.835398780000000000e+10,-9.476999999999999602e+01
1.835398800000000000e+10,-9.460999999999999943e+01
1.835398820000000000e+10,-9.560000000000000853e+01
1.835398840000000000e+10,-9.539000000000000057e+01
1.835398860000000000e+10,-9.398000000000000398e+01
1.835398880000000000e+10,-9.400000000000000000e+01
1.835398900000000000e+10,-9.446000000000000796e+01
1.835398920000000000e+10,-9.450000000000000000e+01
1.835398940000000000e+10,-9.473000000000000398e+01
1.835398960000000000e+10,-9.460000000000000853e+01
1.835398980000000000e+10,-9.318999999999999773e+01
1.835399000000000000e+10,-9.301999999999999602e+01
1.835399020000000000e+10,-9.460999999999999943e+01
1.835399040000000000e+10,-9.468000000000000682e+01
1.835399060000000000e+10,-9.389000000000000057e+01
1.835399080000000000e+10,-9.440000000000000568e+01
1.835399100000000000e+10,-9.467000000000000171e+01
1.835399120000000000e+10,-9.529999999999999716e+01
1.835399140000000000e+10,-9.517000000000000171e+01
1.835399160000000000e+10,-9.504999999999999716e+01
1.835399180000000000e+10,-9.435000000000000853e+01
1.835399200000000000e+10,-9.443000000000000682e+01
1.835399220000000000e+10,-9.437000000000000455e+01
1.835399240000000000e+10,-9.490999999999999659e+01
1.835399260000000000e+10,-9.464000000000000057e+01
1.835399280000000000e+10,-9.450000000000000000e+01
1.835399300000000000e+10,-9.326999999999999602e+01
1.835399320000000000e+10,-9.300000000000000000e+01
1.835399340000000000e+10,-9.465000000000000568e+01
1.835399360000000000e+10,-9.423000000000000398e+01
1.835399380000000000e+10,-9.467000000000000171e+01
1.835399400000000000e+10,-9.467000000000000171e+01
1.835399420000000000e+10,-9.531000000000000227e+01
1.835399440000000000e+10,-9.534000000000000341e+01
1.835399460000000000e+10,-9.650000000000000000e+01
1.835399480000000000e+10,-9.546000000000000796e+01
1.835399500000000000e+10,-9.509000000000000341e+01
1.835399520000000000e+10,-9.460999999999999943e+01
1.835399540000000000e+10,-9.490000000000000568e+01
1.835399560000000000e+10,-9.509000000000000341e+01
1.835399580000000000e+10,-9.434000000000000341e+01
1.835399600000000000e+10,-9.435000000000000853e+01
1.835399620000000000e+10,-9.450000000000000000e+01
1.835399640000000000e+10,-9.321999999999999886e+01
1.835399660000000000e+10,-9.339000000000000057e+01
1.835399680000000000e+10,-9.423000000000000398e+01
1.835399700000000000e+10,-9.418999999999999773e+01
1.835399720000000000e+10,-9.390000000000000568e+01
1.835399740000000000e+10,-9.285000000000000853e+01
1.835399760000000000e+10,-9.273999999999999488e+01
1.835399780000000000e+10,-9.329999999999999716e+01
1.835399800000000000e+10,-9.400000000000000000e+01
1.835399820000000000e+10,-9.509000000000000341e+01
1.835399840000000000e+10,-9.495000000000000284e+01
1.835399860000000000e+10,-9.482000000000000739e+01
1.835399880000000000e+10,-9.446000000000000796e+01
1.835399900000000000e+10,-9.467000000000000171e+01
1.835399920000000000e+10,-9.532999999999999829e+01
1.835399940000000000e+10,-9.470000000000000284e+01
1.835399960000000000e+10,-9.485999999999999943e+01
1.835399980000000000e+10,-9.423999999999999488e+01
1.835400000000000000e+10,-9.403000000000000114e+01
1.835400020000000000e+10,-9.473000000000000398e+01
1.835400040000000000e+10,-9.382999999999999829e+01
1.835400060000000000e+10,-9.350000000000000000e+01
1.835400080000000000e+10,-9.390000000000000568e+01
1.835400100000000000e+10,-9.437999999999999545e+01
1.835400120000000000e+10,-9.318999999999999773e+01
1.835400140000000000e+10,-9.387999999999999545e+01
1.835400160000000000e+10,-9.432999999999999829e+01
1.835400180000000000e+10,-9.414000000000000057e+01
1.835400200000000000e+10,-9.528000000000000114e+01
1.835400220000000000e+10,-9.493000000000000682e+01
1.835400240000000000e+10,-9.423000000000000398e+01
1.835400260000000000e+10,-9.468000000000000682e+01
1.835400280000000000e+10,-9.407999999999999829e+01
1.835400300000000000e+10,-9.476999999999999602e+01
1.835400320000000000e+10,-9.456000000000000227e+01
1.835400340000000000e+10,-9.504000000000000625e+01
1.835400360000000000e+10,-9.453000000000000114e+01
1.835400380000000000e+10,-9.426999999999999602e+01
1.835400400000000000e+10,-9.518000000000000682e+01
1.835400420000000000e+10,-9.531000000000000227e+01
1.835400440000000000e+10,-9.478000000000000114e+01
1.835400460000000000e+10,-9.446999999999999886e+01
1.835400480000000000e+10,-9.504999999999999716e+01
1.835400500000000000e+10,-9.484000000000000341e+01
1.835400520000000000e+10,-9.489000000000000057e+01
1.835400540000000000e+10,-9.417000000000000171e+01
1.835400560000000000e+10,-9.367000000000000171e+01
1.835400580000000000e+10,-9.371999999999999886e+01
1.835400600000000000e+10,-9.551000000000000512e+01
1.835400620000000000e+10,-9.346000000000000796e+01
1.835400640000000000e+10,-9.303000000000000114e+01
1.835400660000000000e+10,-9.271999999999999886e+01
1.835400680000000000e+10,-9.418999999999999773e+01
1.835400700000000000e+10,-9.512999999999999545e+01
1.835400720000000000e+10,-9.500000000000000000e+01
1.835400740000000000e+10,-9.418999999999999773e+01
1.835400760000000000e+10,-9.373000000000000398e+01
1.835400780000000000e+10,-9.403000000000000114e+01
1.835400800000000000e+10,-9.373999999999999488e+01
1.835400820000000000e+10,-9.509000000000000341e+01
1.835400840000000000e+10,-9.365999999999999659e+01
1.835400860000000000e+10,-9.385999999999999943e+01
1.835400880000000000e+10,-9.429999999999999716e+01
1.835400900000000000e+10,-9.390999999999999659e+01
1.835400920000000000e+10,-9.468000000000000682e+01
1.835400940000000000e+10,-9.375000000000000000e+01
1.835400960000000000e+10,-9.425000000000000000e+01
1.835400980000000000e+10,-9.509000000000000341e+01
1.835401000000000000e+10,-9.485999999999999943e+01
1.835401020000000000e+10,-9.404999999999999716e+01
1.835401040000000000e+10,-9.534000000000000341e+01
1.835401060000000000e+10,-9.420000000000000284e+01
1.835401080000000000e+10,-9.373999999999999488e+01
1.835401100000000000e+10,-9.379999999999999716e+01
1.835401120000000000e+10,-9.450000000000000000e+01
1.835401140000000000e+10,-9.521999999999999886e+01
1.835401160000000000e+10,-9.454999999999999716e+01
1.835401180000000000e+10,-9.420000000000000284e+01
1.835401200000000000e+10,-9.459000000000000341e+01
1.835401220000000000e+10,-9.332000000000000739e+01
1.835401240000000000e+10,-9.368000000000000682e+01
1.835401260000000000e+10,-9.359000000000000341e+01
1.835401280000000000e+10,-9.404999999999999716e+01
1.835401300000000000e+10,-9.481000000000000227e+01
1.835401320000000000e+10,-9.500000000000000000e+01
1.835401340000000000e+10,-9.421999999999999886e+01
1.835401360000000000e+10,-9.398000000000000398e+01
1.835401380000000000e+10,-9.418000000000000682e+01
1.835401400000000000e+10,-9.553000000000000114e+01
1.835401420000000000e+10,-9.556000000000000227e+01
1.835401440000000000e+10,-9.459000000000000341e+01
1.835401460000000000e+10,-9.417000000000000171e+01
1.835401480000000000e+10,-9.529000000000000625e+01
1.835401500000000000e+10,-9.496999999999999886e+01
1.835401520000000000e+10,-9.393000000000000682e+01
1.835401540000000000e+10,-9.412999999999999545e+01
1.835401560000000000e+10,-9.470000000000000284e+01
1.835401580000000000e+10,-9.431000000000000227e+01
1.835401600000000000e+10,-9.400000000000000000e+01
1.835401620000000000e+10,-9.376999999999999602e+01
1.835401640000000000e+10,-9.540999999999999659e+01
1.835401660000000000e+10,-9.545000000000000284e+01
1.835401680000000000e+10,-9.523000000000000398e+01
1.835401700000000000e+10,-9.423000000000000398e+01
1.835401720000000000e+10,-9.515999999999999659e+01
1.835401740000000000e+10,-9.464000000000000057e+01
1.835401760000000000e+10,-9.307999999999999829e+01
1.835401780000000000e+10,-9.304000000000000625e+01
1.835401800000000000e+10,-9.437000000000000455e+01
1.835401820000000000e+10,-9.509000000000000341e+01
1.835401840000000000e+10,-9.467000000000000171e+01
1.835401860000000000e+10,-9.496000000000000796e+01
1.835401880000000000e+10,-9.487000000000000455e+01
1.835401900000000000e+10,-9.432999999999999829e+01
1.835401920000000000e+10,-9.396000000000000796e+01
1.835401940000000000e+10,-9.400000000000000000e+01
1.835401960000000000e+10,-9.396000000000000796e+01
1.835401980000000000e+10,-9.418000000000000682e+01
1.835402000000000000e+10,-9.328000000000000114e+01
1.835402020000000000e+10,-9.367000000000000171e+01
1.835402040000000000e+10,-9.468999999999999773e+01
1.835402060000000000e+10,-9.559000000000000341e+01
1.835402080000000000e+10,-9.437999999999999545e+01
1.835402100000000000e+10,-9.389000000000000057e+01
1.835402120000000000e+10,-9.407000000000000739e+01
1.835402140000000000e+10,-9.307000000000000739e+01
1.835402160000000000e+10,-9.454999999999999716e+01
1.835402180000000000e+10,-9.489000000000000057e+01
1.835402200000000000e+10,-9.482999999999999829e+01
1.835402220000000000e+10,-9.540999999999999659e+01
1.835402240000000000e+10,-9.471000000000000796e+01
1.835402260000000000e+10,-9.509000000000000341e+01
1.835402280000000000e+10,-9.476999999999999602e+01
1.835402300000000000e+10,-9.529000000000000625e+01
1.835402320000000000e+10,-9.468999999999999773e+01
1.835402340000000000e+10,-9.490000000000000568e+01
1.835402360000000000e+10,-9.482000000000000739e+01
1.835402380000000000e+10,-9.454000000000000625e+01
1.835402400000000000e+10,-9.356000000000000227e+01
1.835402420000000000e+10,-9.410000000000000853e+01
1.835402440000000000e+10,-9.459000000000000341e+01
1.835402460000000000e+10,-9.451999999999999602e+01
1.835402480000000000e+10,-9.421000000000000796e+01
1.835402500000000000e+10,-9.364000000000000057e+01
1.835402520000000000e+10,-9.451000000000000512e+01
1.835402540000000000e+10,-9.393999999999999773e+01
1.835402560000000000e+10,-9.443999999999999773e+01
1.835402580000000000e+10,-9.490000000000000568e+01
1.835402600000000000e+10,-9.470000000000000284e+01
1.835402620000000000e+10,-9.418000000000000682e+01
1.835402640000000000e+10,-9.387999999999999545e+01
1.835402660000000000e+10,-9.434000000000000341e+01
1.835402680000000000e+10,-9.404999999999999716e+01
1.835402700000000000e+10,-9.371999999999999886e+01
1.835402720000000000e+10,-9.323000000000000398e+01
1.835402740000000000e+10,-9.325000000000000000e+01
1.835402760000000000e+10,-9.321000000000000796e+01
1.835402780000000000e+10,-9.287999999999999545e+01
1.835402800000000000e+10,-9.390999999999999659e+01
1.835402820000000000e+10,-9.457000000000000739e+01
1.835402840000000000e+10,-9.200000000000000000e+01
1.835402860000000000e+10,-9.157000000000000739e+01
1.835402880000000000e+10,-9.309000000000000341e+01
1.835402900000000000e+10,-9.339000000000000057e+01
1.835402920000000000e+10,-9.437000000000000455e+01
1.835402940000000000e+10,-9.482000000000000739e+01
1.835402960000000000e+10,-9.540000000000000568e+01
1.835402980000000000e+10,-9.526000000000000512e+01
1.835403000000000000e+10,-9.496000000000000796e+01
1.835403020000000000e+10,-9.226999999999999602e+01
1.835403040000000000e+10,-9.190999999999999659e+01
1.835403060000000000e+10,-9.367000000000000171e+01
1.835403080000000000e+10,-9.448999999999999488e+01
1.835403100000000000e+10,-9.484000000000000341e+01
1.835403120000000000e+10,-9.490000000000000568e+01
1.835403140000000000e+10,-9.440999999999999659e+01
1.835403160000000000e+10,-9.451999999999999602e+01
1.835403180000000000e+10,-9.343999999999999773e+01
1.835403200000000000e+10,-9.325000000000000000e+01
1.835403220000000000e+10,-9.426999999999999602e+01
1.835403240000000000e+10,-9.404999999999999716e+01
1.835403260000000000e+10,-9.404999999999999716e+01
1.835403280000000000e+10,-9.290999999999999659e+01
1.835403300000000000e+10,-9.368999999999999773e+01
1.835403320000000000e+10,-9.460999999999999943e+01
1.835403340000000000e+10,-9.526999999999999602e+01
1.835403360000000000e+10,-9.423999999999999488e+01
1.835403380000000000e+10,-9.367000000000000171e+01
1.835403400000000000e+10,-9.350000000000000000e+01
1.835403420000000000e+10,-9.496000000000000796e+01
1.835403440000000000e+10,-9.373000000000000398e+01
1.835403460000000000e+10,-9.414000000000000057e+01
1.835403480000000000e+10,-9.450000000000000000e+01
1.835403500000000000e+10,-9.407000000000000739e+01
1.835403520000000000e+10,-9.459000000000000341e+01
1.835403540000000000e+10,-9.395000000000000284e+01
1.835403560000000000e+10,-9.492000000000000171e+01
1.835403580000000000e+10,-9.390999999999999659e+01
1.835403600000000000e+10,-9.259000000000000341e+01
1.835403620000000000e+10,-9.254000000000000625e+01
1.835403640000000000e+10,-9.420000000000000284e+01
1.835403660000000000e+10,-9.456000000000000227e+01
1.835403680000000000e+10,-9.409000000000000341e+01
1.835403700000000000e+10,-9.468000000000000682e+01
1.835403720000000000e+10,-9.479000000000000625e+01
1.835403740000000000e+10,-9.467000000000000171e+01
1.835403760000000000e+10,-9.482000000000000739e+01
1.835403780000000000e+10,-9.493999999999999773e+01
1.835403800000000000e+10,-9.554000000000000625e+01
1.835403820000000000e+10,-9.471000000000000796e+01
1.835403840000000000e+10,-9.446000000000000796e+01
1.835403860000000000e+10,-9.346999999999999886e+01
1.835403880000000000e+10,-9.354999999999999716e+01
1.835403900000000000e+10,-9.457999999999999829e+01
1.835403920000000000e+10,-9.462000000000000455e+01
1.835403940000000000e+10,-9.517000000000000171e+01
1.835403960000000000e+10,-9.454000000000000625e+01
1.835403980000000000e+10,-9.443000000000000682e+01
1.835404000000000000e+10,-9.434000000000000341e+01
1.835404020000000000e+10,-9.451000000000000512e+01
1.835404040000000000e+10,-9.573000000000000398e+01
1.835404060000000000e+10,-9.629999999999999716e+01
1.835404080000000000e+10,-9.571999999999999886e+01
1.835404100000000000e+10,-9.396000000000000796e+01
1.835404120000000000e+10,-9.382000000000000739e+01
1.835404140000000000e+10,-9.393000000000000682e+01
1.835404160000000000e+10,-9.334000000000000341e+01
1.835404180000000000e+10,-9.292000000000000171e+01
1.835404200000000000e+10,-9.468000000000000682e+01
1.835404220000000000e+10,-9.429000000000000625e+01
1.835404240000000000e+10,-9.407999999999999829e+01
1.835404260000000000e+10,-9.496000000000000796e+01
1.835404280000000000e+10,-9.518000000000000682e+01
1.835404300000000000e+10,-9.521000000000000796e+01
1.835404320000000000e+10,-9.582999999999999829e+01
1.835404340000000000e+10,-9.567000000000000171e+01
1.835404360000000000e+10,-9.496000000000000796e+01
1.835404380000000000e+10,-9.476999999999999602e+01
1.835404400000000000e+10,-9.435999999999999943e+01
1.835404420000000000e+10,-9.368000000000000682e+01
1.835404440000000000e+10,-9.468000000000000682e+01
1.835404460000000000e+10,-9.446000000000000796e+01
1.835404480000000000e+10,-9.440000000000000568e+01
1.835404500000000000e+10,-9.451999999999999602e+01
1.835404520000000000e+10,-9.435999999999999943e+01
1.835404540000000000e+10,-9.440999999999999659e+01
1.835404560000000000e+10,-9.403000000000000114e+01
1.835404580000000000e+10,-9.343999999999999773e+01
1.835404600000000000e+10,-9.393999999999999773e+01
1.835404620000000000e+10,-9.443000000000000682e+01
1.835404640000000000e+10,-9.471000000000000796e+01
1.835404660000000000e+10,-9.465000000000000568e+01
1.835404680000000000e+10,-9.404999999999999716e+01
1.835404700000000000e+10,-9.450000000000000000e+01
1.835404720000000000e+10,-9.479000000000000625e+01
1.835404740000000000e+10,-9.526000000000000512e+01
1.835404760000000000e+10,-9.446999999999999886e+01
1.835404780000000000e+10,-9.440000000000000568e+01
1.835404800000000000e+10,-9.507999999999999829e+01
1.835404820000000000e+10,-9.518000000000000682e+01
1.835404840000000000e+10,-9.479000000000000625e+01
1.835404860000000000e+10,-9.568000000000000682e+01
1.835404880000000000e+10,-9.537999999999999545e+01
1.835404900000000000e+10,-9.406000000000000227e+01
1.835404920000000000e+10,-9.310999999999999943e+01
1.835404940000000000e+10,-9.292000000000000171e+01
1.835404960000000000e+10,-9.357999999999999829e+01
1.835404980000000000e+10,-9.359000000000000341e+01
1.835405000000000000e+10,-9.417000000000000171e+01
